p cnf 757 3950
-85 29 -2 -1 0
-85 -29 1 -2 0
-85 -29 2 -1 0
-85 29 1 2 0
85 -29 -2 -1 0
85 29 -2 1 0
85 29 -1 2 0
85 -29 2 1 0
-86 -7 -5 4 0
-86 -7 5 -4 0
-86 7 -5 -4 0
-86 5 4 7 0
86 -7 -5 -4 0
86 5 4 -7 0
86 7 -5 4 0
86 5 -4 7 0
-87 11 -13 -14 0
-87 -14 13 -11 0
-87 -11 -13 14 0
-87 11 14 13 0
87 -11 -13 -14 0
87 -14 11 13 0
87 11 14 -13 0
87 14 13 -11 0
-88 -23 -22 21 0
-88 -23 -21 22 0
-88 23 -22 -21 0
-88 23 22 21 0
88 -23 -22 -21 0
88 -23 22 21 0
88 23 -22 21 0
88 23 -21 22 0
-89 -27 -28 24 0
-89 27 -24 -28 0
-89 -27 28 -24 0
-89 27 24 28 0
89 -27 -24 -28 0
89 27 24 -28 0
89 -27 28 24 0
89 27 28 -24 0
85 -87 -90 -86 0
-85 -90 86 -87 0
-85 87 -90 -86 0
85 87 -90 86 0
-85 -87 90 -86 0
85 -87 86 90 0
85 87 90 -86 0
-85 87 90 86 0
-90 -89 88 0
-90 89 -88 0
90 -89 -88 0
90 89 88 0
-91 -3 30 -2 0
-91 -30 2 -3 0
-91 -30 3 -2 0
-91 30 2 3 0
91 -3 -30 -2 0
91 30 2 -3 0
91 30 -2 3 0
91 -30 2 3 0
-92 5 -13 -12 0
-92 12 -13 -5 0
-92 13 -5 -12 0
-92 5 13 12 0
92 -12 -5 -13 0
92 5 -13 12 0
92 5 13 -12 0
92 13 -5 12 0
-93 -20 16 -19 0
-93 19 -16 -20 0
-93 -16 -19 20 0
-93 19 20 16 0
93 -19 -16 -20 0
93 19 -20 16 0
93 20 16 -19 0
93 19 -16 20 0
-94 -23 22 -26 0
-94 23 -22 -26 0
-94 -23 -22 26 0
-94 23 22 26 0
94 -23 -22 -26 0
94 23 22 -26 0
94 -23 22 26 0
94 23 -22 26 0
-91 -92 -95 27 0
91 -95 -27 -92 0
-91 -95 92 -27 0
91 27 92 -95 0
-91 95 -27 -92 0
-92 91 27 95 0
-91 95 92 27 0
91 95 92 -27 0
-95 -94 93 0
-93 -95 94 0
-93 95 -94 0
95 94 93 0
-96 -8 -3 31 0
-96 -8 -31 3 0
-96 8 -31 -3 0
-96 8 3 31 0
-8 -3 -31 96 0
96 -8 31 3 0
96 8 31 -3 0
8 -31 3 96 0
-97 9 -11 -12 0
-97 -9 11 -12 0
-97 -9 -11 12 0
-97 11 9 12 0
97 -9 -11 -12 0
97 11 9 -12 0
9 12 -11 97 0
97 11 -9 12 0
-98 -20 13 -21 0
-98 -21 -13 20 0
-98 -20 -13 21 0
-98 20 13 21 0
-20 -21 -13 98 0
20 13 98 -21 0
-20 13 98 21 0
20 21 -13 98 0
-99 -24 22 -26 0
-99 24 -22 -26 0
-99 -24 -22 26 0
26 -99 24 22 0
-26 99 -22 -24 0
-26 99 24 22 0
26 99 -24 22 0
26 99 -22 24 0
-97 -98 -99 96 0
-96 97 -98 -99 0
-96 -97 98 -99 0
96 97 -99 98 0
-96 -97 99 -98 0
96 97 99 -98 0
96 99 98 -97 0
97 99 98 -96 0
-100 -7 32 -1 0
-100 -32 1 -7 0
-100 -32 -1 7 0
-100 32 1 7 0
100 -32 -1 -7 0
100 -7 32 1 0
100 32 -1 7 0
100 -32 1 7 0
-101 -10 -15 8 0
-101 -8 -15 10 0
-101 -10 15 -8 0
-101 10 15 8 0
101 -8 -15 -10 0
101 8 -15 10 0
101 8 15 -10 0
101 10 15 -8 0
-102 -18 17 -19 0
-102 -17 -19 18 0
-102 19 -18 -17 0
-102 19 18 17 0
102 -17 -18 -19 0
102 -19 17 18 0
102 -18 17 19 0
102 19 -17 18 0
-103 -21 -26 20 0
-103 21 -20 -26 0
-103 -20 26 -21 0
-103 21 20 26 0
103 -20 -21 -26 0
103 21 20 -26 0
103 26 20 -21 0
103 -20 26 21 0
-100 -101 28 -104 0
100 -101 -28 -104 0
-100 101 -28 -104 0
100 101 28 -104 0
-100 104 -28 -101 0
100 104 28 -101 0
-100 104 28 101 0
100 101 104 -28 0
-104 -102 -103 0
102 -104 103 0
102 104 -103 0
104 -102 103 0
-105 33 -5 -6 0
-105 5 -33 -6 0
-105 -33 6 -5 0
-105 33 6 5 0
105 -33 -5 -6 0
105 5 33 -6 0
105 33 -5 6 0
105 5 -33 6 0
-106 -12 -13 7 0
-106 -7 -13 12 0
-106 -12 13 -7 0
-106 7 12 13 0
106 -12 -13 -7 0
106 7 12 -13 0
106 -12 13 7 0
106 -7 12 13 0
-107 -18 16 -19 0
-107 -16 18 -19 0
-107 19 -18 -16 0
-107 19 18 16 0
107 -18 -19 -16 0
107 -19 18 16 0
107 -18 16 19 0
107 19 -16 18 0
-108 23 -25 -24 0
-108 -25 24 -23 0
-108 -23 -24 25 0
-108 23 25 24 0
108 -23 -24 -25 0
108 -25 24 23 0
108 23 25 -24 0
108 -23 25 24 0
-105 -108 -107 -106 0
105 106 -107 -108 0
105 -106 107 -108 0
-105 106 107 -108 0
105 -106 108 -107 0
-105 106 -107 108 0
-105 107 108 -106 0
105 106 108 107 0
-109 -3 34 -1 0
-109 -34 1 -3 0
-109 -34 -1 3 0
-109 34 3 1 0
109 -34 -1 -3 0
109 34 1 -3 0
109 34 -1 3 0
109 -34 3 1 0
-110 -9 4 -8 0
-110 8 -4 -9 0
-110 -8 -4 9 0
-110 8 9 4 0
110 -8 -4 -9 0
110 -9 4 8 0
110 9 4 -8 0
110 9 -4 8 0
-111 -15 12 -13 0
-111 -12 -15 13 0
-111 -12 -13 15 0
-111 12 13 15 0
111 -12 -13 -15 0
111 12 13 -15 0
111 15 12 -13 0
111 -12 13 15 0
-112 -19 -21 17 0
-112 19 -17 -21 0
-112 -17 21 -19 0
-112 19 17 21 0
112 -19 -21 -17 0
112 -21 17 19 0
112 21 17 -19 0
112 -17 21 19 0
-109 -113 -28 22 0
-109 -113 28 -22 0
-113 109 -28 -22 0
109 -113 28 22 0
-109 113 -28 -22 0
-109 113 28 22 0
113 109 22 -28 0
109 113 28 -22 0
-110 -112 -113 -111 0
110 -112 111 -113 0
110 112 -113 -111 0
-110 112 -113 111 0
110 113 -112 -111 0
-110 -112 111 113 0
-110 113 112 -111 0
110 112 111 113 0
-114 35 -2 -1 0
-114 -35 1 -2 0
-114 -35 2 -1 0
-114 35 1 2 0
-35 -1 -2 114 0
35 114 -2 1 0
114 35 -1 2 0
-35 2 114 1 0
-115 -4 -5 3 0
-115 -3 -5 4 0
-115 -3 -4 5 0
-115 5 3 4 0
115 -3 -5 -4 0
115 -5 3 4 0
115 5 3 -4 0
115 5 4 -3 0
-9 -11 -116 6 0
-6 -116 -11 9 0
-9 -6 -116 11 0
11 9 6 -116 0
116 -9 -11 -6 0
116 -11 6 9 0
116 11 6 -9 0
116 11 9 -6 0
-117 -17 -16 15 0
-117 -17 16 -15 0
-117 -15 -16 17 0
-117 15 17 16 0
117 -15 -16 -17 0
117 -17 16 15 0
117 15 17 -16 0
117 -15 17 16 0
-118 19 -24 -20 0
-118 -19 -24 20 0
-118 -19 24 -20 0
-118 19 24 20 0
118 -19 -24 -20 0
118 19 -24 20 0
118 19 -20 24 0
118 -19 24 20 0
-119 25 -28 -26 0
-119 -25 -28 26 0
-119 -25 28 -26 0
-119 26 28 25 0
119 -25 -26 -28 0
119 26 -28 25 0
119 25 28 -26 0
119 -25 28 26 0
114 -120 -116 -115 0
-114 115 -120 -116 0
116 -114 -115 -120 0
114 116 115 -120 0
-114 -115 -116 120 0
114 115 120 -116 0
114 116 120 -115 0
116 -114 115 120 0
-117 -118 -120 -119 0
118 117 -119 -120 0
-118 119 -120 117 0
-117 119 -120 118 0
-118 117 120 -119 0
-117 -119 120 118 0
-117 -118 120 119 0
117 119 120 118 0
-121 -1 -2 36 0
-121 1 -36 -2 0
-121 2 -36 -1 0
-121 2 1 36 0
121 -2 -36 -1 0
121 36 -2 1 0
121 2 36 -1 0
121 2 -36 1 0
-122 -9 4 -7 0
-122 7 -4 -9 0
-122 9 -4 -7 0
-122 7 9 4 0
122 -7 -4 -9 0
122 -9 4 7 0
122 -7 9 4 0
122 9 -4 7 0
-123 -17 13 -14 0
-123 -17 -13 14 0
-123 17 -13 -14 0
-123 14 17 13 0
123 -14 -17 -13 0
123 -17 13 14 0
123 -14 17 13 0
123 14 17 -13 0
-124 -21 20 -22 0
-124 21 -22 -20 0
-124 -20 22 -21 0
-124 21 20 22 0
124 -20 -21 -22 0
124 21 20 -22 0
124 20 22 -21 0
124 -20 22 21 0
-125 -25 24 -26 0
-125 -26 25 -24 0
-125 -25 26 -24 0
-125 25 26 24 0
125 -25 -26 -24 0
125 -26 24 25 0
125 -25 24 26 0
125 26 -24 25 0
-121 27 -126 -28 0
-121 -27 -126 28 0
121 -27 -28 -126 0
121 27 -126 28 0
-121 126 -27 -28 0
-121 126 28 27 0
121 126 27 -28 0
121 126 28 -27 0
-127 -123 122 -124 0
123 -124 -122 -127 0
-127 -123 -122 124 0
-127 122 124 123 0
127 -124 -122 -123 0
127 -124 122 123 0
127 -123 122 124 0
123 127 -122 124 0
-127 125 -126 0
-127 126 -125 0
127 -125 -126 0
127 125 126 0
-128 -1 37 -4 0
-128 -4 -37 1 0
-128 -1 -37 4 0
-128 4 37 1 0
128 -1 -37 -4 0
128 1 37 -4 0
128 -1 4 37 0
128 1 -37 4 0
-129 -7 6 -8 0
-129 7 -8 -6 0
-129 8 -7 -6 0
8 -129 6 7 0
-7 -8 129 -6 0
7 129 6 -8 0
8 -7 129 6 0
8 -6 129 7 0
-130 -12 -15 11 0
-130 -15 -11 12 0
-130 -12 15 -11 0
-130 11 15 12 0
130 -12 -15 -11 0
130 11 -15 12 0
130 -12 11 15 0
130 12 -11 15 0
-26 20 -22 -131 0
-20 -131 22 -26 0
-131 -20 26 -22 0
26 -131 22 20 0
131 -20 -22 -26 0
131 20 22 -26 0
26 20 -22 131 0
131 -20 22 26 0
-132 -129 27 -128 0
-129 -132 -27 128 0
-128 -27 -132 129 0
27 128 -132 129 0
-128 -129 -27 132 0
128 -129 27 132 0
-128 132 27 129 0
132 129 -27 128 0
-130 -131 -132 0
130 131 -132 0
130 132 -131 0
-130 132 131 0
-133 -2 38 -6 0
-133 2 -38 -6 0
-133 -2 -38 6 0
-133 2 38 6 0
133 -6 -38 -2 0
133 -6 2 38 0
133 -2 38 6 0
133 2 -38 6 0
-134 -12 7 -9 0
-134 -12 9 -7 0
-134 -7 12 -9 0
-134 9 12 7 0
134 -7 -9 -12 0
134 -12 7 9 0
134 7 -9 12 0
134 9 12 -7 0
-135 -16 -15 13 0
-135 -16 -13 15 0
-135 16 -13 -15 0
-135 15 13 16 0
135 -15 -16 -13 0
135 15 13 -16 0
135 -15 13 16 0
135 15 16 -13 0
-136 19 -20 -21 0
-136 -19 -21 20 0
-136 -19 21 -20 0
-136 19 20 21 0
136 -19 -21 -20 0
19 136 20 -21 0
19 136 -20 21 0
136 -19 20 21 0
-137 -133 -28 22 0
-137 -133 28 -22 0
-137 -22 133 -28 0
-137 28 133 22 0
-133 137 -28 -22 0
-133 137 28 22 0
137 133 22 -28 0
137 28 133 -22 0
-137 134 -135 -136 0
-134 -137 -136 135 0
-134 -137 -135 136 0
134 -137 136 135 0
-134 -135 137 -136 0
134 135 137 -136 0
134 -135 137 136 0
-134 136 137 135 0
-138 -3 39 -2 0
-138 2 -39 -3 0
-138 -2 -39 3 0
-138 2 39 3 0
138 -3 -39 -2 0
138 2 39 -3 0
138 3 39 -2 0
2 138 -39 3 0
-9 4 -139 -6 0
-9 -4 -139 6 0
9 -4 -139 -6 0
9 4 -139 6 0
139 -6 -4 -9 0
-9 139 4 6 0
139 -6 9 4 0
139 9 -4 6 0
-140 10 -11 -12 0
-140 -10 11 -12 0
-140 -10 12 -11 0
-140 10 12 11 0
140 -10 -11 -12 0
140 -12 10 11 0
140 10 -11 12 0
140 -10 12 11 0
-141 -17 -20 13 0
-141 17 -13 -20 0
-141 -17 -13 20 0
20 17 13 -141 0
141 -17 -20 -13 0
141 17 13 -20 0
141 -17 13 20 0
20 17 -13 141 0
-142 -25 -24 22 0
-142 -25 -22 24 0
-142 25 -22 -24 0
-142 25 22 24 0
142 -25 -22 -24 0
-25 142 24 22 0
142 25 22 -24 0
142 24 -22 25 0
-138 -143 -139 28 0
138 -143 -28 -139 0
-138 -143 -28 139 0
138 -143 28 139 0
-138 -139 -28 143 0
138 28 143 -139 0
-138 139 28 143 0
138 139 -28 143 0
-143 -140 -141 -142 0
140 141 -142 -143 0
-143 -141 142 140 0
-143 -140 142 141 0
-141 -142 143 140 0
-140 -142 143 141 0
-141 142 143 -140 0
141 142 143 140 0
-144 -3 -1 40 0
-144 1 -40 -3 0
-144 -1 -40 3 0
-144 3 40 1 0
144 -3 -40 -1 0
144 -3 1 40 0
144 -1 3 40 0
144 3 -40 1 0
-7 -145 4 -5 0
-7 -145 -4 5 0
7 -145 -4 -5 0
7 -145 4 5 0
145 -7 -5 -4 0
145 -7 5 4 0
7 145 -5 4 0
145 7 5 -4 0
-146 -12 9 -10 0
-146 10 -9 -12 0
-146 -10 -9 12 0
-146 10 12 9 0
146 -10 -9 -12 0
146 -12 9 10 0
146 -10 9 12 0
146 10 -9 12 0
-147 -18 -20 15 0
-147 -15 18 -20 0
-147 20 -15 -18 0
-147 20 15 18 0
-18 147 -15 -20 0
147 15 18 -20 0
147 -18 20 15 0
147 20 -15 18 0
-148 -25 24 -26 0
-26 -148 25 -24 0
-148 -25 26 -24 0
26 -148 24 25 0
148 -25 -24 -26 0
-26 148 24 25 0
-25 148 24 26 0
26 25 -24 148 0
-144 -145 27 -149 0
-149 -27 -145 144 0
-149 -144 -27 145 0
-149 145 144 27 0
-144 -27 -145 149 0
144 -145 27 149 0
-144 145 27 149 0
145 144 -27 149 0
-149 146 -147 -148 0
-149 -146 -148 147 0
-149 -146 148 -147 0
-149 146 148 147 0
-147 -146 149 -148 0
146 147 -148 149 0
146 149 148 -147 0
-146 149 148 147 0
-150 -2 41 -1 0
-150 1 -41 -2 0
-150 -1 -41 2 0
-150 2 41 1 0
-1 -2 -41 150 0
150 -2 41 1 0
2 150 41 -1 0
2 150 -41 1 0
-151 -6 -5 4 0
-151 -6 5 -4 0
-151 -4 -5 6 0
-151 5 4 6 0
151 -6 -5 -4 0
151 -6 5 4 0
151 4 6 -5 0
151 5 -4 6 0
-12 -152 7 -10 0
-12 10 -7 -152 0
-10 -7 12 -152 0
-152 7 12 10 0
-12 -10 -7 152 0
-12 7 152 10 0
7 12 152 -10 0
-7 10 12 152 0
-153 20 -22 -21 0
-153 21 -22 -20 0
-153 -20 22 -21 0
-153 21 20 22 0
153 -20 -21 -22 0
153 21 20 -22 0
153 20 22 -21 0
153 -20 22 21 0
-154 24 -28 -26 0
-154 26 -24 -28 0
-26 -154 28 -24 0
-154 26 24 28 0
154 -24 -28 -26 0
154 24 -28 26 0
154 -26 24 28 0
154 26 28 -24 0
150 -152 -151 -155 0
-150 -152 151 -155 0
-150 -151 -155 152 0
150 151 -155 152 0
-152 -150 155 -151 0
151 -152 155 150 0
150 155 -151 152 0
-150 151 155 152 0
-153 -154 -155 0
153 154 -155 0
153 -154 155 0
-153 154 155 0
-156 -2 42 -4 0
-156 -4 -42 2 0
-156 4 -42 -2 0
-156 2 42 4 0
156 -2 -42 -4 0
156 -4 42 2 0
156 -2 42 4 0
156 4 -42 2 0
-157 -12 5 -14 0
-157 12 -14 -5 0
-157 -12 -5 14 0
-157 5 14 12 0
157 -14 -5 -12 0
157 -14 12 5 0
157 14 5 -12 0
157 14 -5 12 0
-158 15 -25 -24 0
-158 -25 -15 24 0
-158 25 -24 -15 0
-158 15 24 25 0
158 -25 -15 -24 0
158 -25 15 24 0
158 15 -24 25 0
158 -15 25 24 0
-156 -159 -28 27 0
-156 -159 28 -27 0
156 -159 -28 -27 0
156 -159 28 27 0
159 -27 -28 -156 0
159 -156 27 28 0
159 27 -28 156 0
159 -27 28 156 0
157 -158 -159 0
-157 158 -159 0
-157 159 -158 0
157 158 159 0
-160 -3 43 -7 0
-160 3 -43 -7 0
-160 7 -43 -3 0
-160 7 3 43 0
160 -7 -43 -3 0
160 -7 3 43 0
160 7 -3 43 0
160 3 -43 7 0
-10 -161 -13 8 0
-161 10 -13 -8 0
-10 -161 13 -8 0
-161 10 13 8 0
161 -10 -13 -8 0
161 8 10 -13 0
161 8 13 -10 0
161 -8 13 10 0
-161 -160 -25 -17 0
-161 -160 17 25 0
-161 -25 17 160 0
-17 160 25 -161 0
-160 -25 17 161 0
161 -160 25 -17 0
161 -17 -25 160 0
161 160 25 17 0
-162 -4 44 -1 0
-162 1 -44 -4 0
-1 4 -44 -162 0
-162 4 44 1 0
162 -1 -44 -4 0
162 1 44 -4 0
162 -1 4 44 0
162 4 -44 1 0
-6 -163 5 -7 0
-7 -163 6 -5 0
7 -163 -5 -6 0
7 -163 5 6 0
163 -6 -5 -7 0
-7 5 6 163 0
-6 7 5 163 0
163 7 6 -5 0
-164 8 -11 -9 0
-164 9 -11 -8 0
-164 -8 -9 11 0
-164 11 9 8 0
164 -9 -11 -8 0
164 8 -11 9 0
164 11 8 -9 0
164 11 9 -8 0
-165 -18 16 -17 0
-165 17 -18 -16 0
-165 -17 18 -16 0
-165 16 17 18 0
-18 -16 165 -17 0
-18 16 165 17 0
165 -17 18 16 0
18 -16 165 17 0
-166 -25 -20 19 0
-166 -25 -19 20 0
-166 -19 25 -20 0
19 -166 25 20 0
166 -25 -20 -19 0
19 166 20 -25 0
19 166 25 -20 0
166 -19 25 20 0
-163 -162 27 -167 0
162 -163 -27 -167 0
-162 163 -27 -167 0
162 163 27 -167 0
-162 167 -27 -163 0
-163 167 27 162 0
-162 167 27 163 0
162 163 -27 167 0
164 -166 -167 -165 0
-164 -166 165 -167 0
-165 166 -167 -164 0
164 166 -167 165 0
-164 -166 167 -165 0
164 -166 167 165 0
164 -165 167 166 0
-164 166 167 165 0
-168 -1 45 -2 0
-168 1 -45 -2 0
-168 2 -45 -1 0
-168 2 45 1 0
168 -2 -45 -1 0
168 1 45 -2 0
168 2 45 -1 0
168 2 -45 1 0
-169 -6 3 -8 0
-169 -8 -3 6 0
-169 -6 8 -3 0
-169 8 6 3 0
169 -8 -3 -6 0
169 -8 3 6 0
169 -6 3 8 0
169 8 -3 6 0
-170 -12 9 -10 0
-170 10 -9 -12 0
-170 -10 -9 12 0
-170 10 12 9 0
170 -10 -9 -12 0
170 -12 9 10 0
170 9 12 -10 0
170 10 -9 12 0
-18 -17 -171 16 0
-18 -16 17 -171 0
18 -17 -171 -16 0
17 -171 16 18 0
171 -18 -16 -17 0
171 -18 16 17 0
171 -17 18 16 0
171 -16 18 17 0
-172 21 -24 -25 0
-172 -25 -21 24 0
-172 -21 25 -24 0
-172 21 25 24 0
172 -25 -24 -21 0
172 -25 24 21 0
172 21 -24 25 0
172 -21 25 24 0
-173 -168 -28 26 0
-173 -168 28 -26 0
-173 168 -26 -28 0
-173 168 26 28 0
173 -168 -26 -28 0
173 -168 28 26 0
173 168 26 -28 0
173 168 28 -26 0
-170 -174 -171 169 0
-174 -169 -171 170 0
-170 -174 -169 171 0
170 -174 171 169 0
-170 -169 -171 174 0
170 169 -171 174 0
169 174 171 -170 0
170 174 171 -169 0
-174 -173 172 0
-172 173 -174 0
-172 174 -173 0
174 173 172 0
-175 -3 -4 46 0
-175 -4 -46 3 0
-175 -3 -46 4 0
-175 4 46 3 0
175 -4 3 46 0
175 4 46 -3 0
-176 -12 -13 7 0
-176 -7 -13 12 0
-176 -12 13 -7 0
-176 7 12 13 0
176 -12 -13 -7 0
176 7 12 -13 0
176 -12 13 7 0
176 -7 12 13 0
-177 -20 14 -17 0
-177 -20 -14 17 0
-177 -17 20 -14 0
-177 20 14 17 0
177 -20 -14 -17 0
177 -20 14 17 0
177 20 14 -17 0
177 -14 17 20 0
-178 -23 -22 21 0
-178 -23 -21 22 0
-178 23 -22 -21 0
-178 23 22 21 0
178 -23 -22 -21 0
178 -23 22 21 0
178 23 -22 21 0
178 23 -21 22 0
-179 -175 24 -26 0
-179 -175 -24 26 0
-179 175 -24 -26 0
-179 175 26 24 0
179 -175 -24 -26 0
179 -175 26 24 0
179 175 24 -26 0
179 175 26 -24 0
-179 176 -177 -178 0
-179 -176 -178 177 0
-176 -177 178 -179 0
-179 177 176 178 0
179 -176 -178 -177 0
177 176 -178 179 0
176 -177 178 179 0
179 -176 178 177 0
-180 -3 47 -1 0
-180 -1 -47 3 0
-180 1 47 3 0
180 -3 -47 -1 0
180 1 47 -3 0
180 3 47 -1 0
180 3 -47 1 0
-181 -6 -8 4 0
-181 -8 -4 6 0
-181 -6 -4 8 0
-181 8 4 6 0
181 -8 -4 -6 0
181 -8 4 6 0
181 8 4 -6 0
181 8 -4 6 0
-182 9 -11 -10 0
-182 -9 -11 10 0
-182 -10 -9 11 0
-182 11 9 10 0
182 -9 -11 -10 0
182 10 -11 9 0
182 11 9 -10 0
182 10 -9 11 0
-183 -14 12 -13 0
-183 -12 13 -14 0
-183 -12 -13 14 0
-183 13 12 14 0
-12 183 -13 -14 0
12 -14 13 183 0
14 183 -13 12 0
-12 14 13 183 0
-184 -17 -16 15 0
-184 -17 16 -15 0
-184 -15 -16 17 0
-184 15 17 16 0
184 -16 -15 -17 0
184 -17 16 15 0
184 15 17 -16 0
184 -15 17 16 0
-185 -25 18 -19 0
-185 19 -25 -18 0
-185 -18 -19 25 0
-185 19 25 18 0
185 -25 -19 -18 0
185 19 18 -25 0
185 25 18 -19 0
185 19 25 -18 0
-180 -186 -28 26 0
-180 -186 -26 28 0
180 -186 -26 -28 0
180 -186 28 26 0
186 -180 -26 -28 0
186 -180 26 28 0
186 180 -28 26 0
186 180 -26 28 0
-182 -183 181 -187 0
-187 -181 -183 182 0
-187 -181 183 -182 0
182 181 183 -187 0
-182 -181 -183 187 0
182 -183 181 187 0
-182 181 183 187 0
182 -181 187 183 0
-187 -185 184 -186 0
-184 185 -186 -187 0
186 -187 -185 -184 0
-187 184 185 186 0
187 -184 -186 -185 0
184 185 -186 187 0
187 186 184 -185 0
187 186 185 -184 0
-188 -3 48 -1 0
-188 1 -48 -3 0
-188 3 -48 -1 0
-188 1 48 3 0
188 -1 -48 -3 0
188 1 48 -3 0
188 3 48 -1 0
188 3 -48 1 0
-189 -7 6 -8 0
-189 -6 -8 7 0
-189 8 -7 -6 0
8 -189 6 7 0
189 -8 -7 -6 0
189 7 6 -8 0
189 -7 6 8 0
189 -6 7 8 0
-190 -17 -18 12 0
-190 -12 -18 17 0
-190 -12 -17 18 0
-190 12 18 17 0
190 -12 -17 -18 0
190 -18 17 12 0
190 -17 18 12 0
190 -12 17 18 0
-191 -25 -26 22 0
-191 25 -22 -26 0
-191 26 -22 -25 0
-191 26 22 25 0
191 -25 -26 -22 0
-26 191 22 25 0
26 -25 191 22 0
26 191 -22 25 0
-188 -189 28 -192 0
188 -192 -28 -189 0
-188 189 -192 -28 0
188 -192 28 189 0
-188 192 -28 -189 0
188 -189 28 192 0
-188 192 28 189 0
192 189 -28 188 0
-191 190 -192 0
-190 -192 191 0
-190 192 -191 0
190 192 191 0
-193 -1 49 -2 0
-193 1 -49 -2 0
-193 -1 -49 2 0
-193 2 49 1 0
193 -1 -49 -2 0
193 1 49 -2 0
193 2 49 -1 0
193 2 -49 1 0
-194 -6 3 -4 0
-194 -6 -3 4 0
-194 -3 -4 6 0
-194 4 6 3 0
194 -3 -4 -6 0
194 -6 4 3 0
194 -4 3 6 0
194 -3 4 6 0
-195 9 -11 -12 0
-195 -12 -9 11 0
-195 -9 12 -11 0
-195 11 9 12 0
-12 195 -11 -9 0
195 11 9 -12 0
195 9 12 -11 0
195 -9 11 12 0
-196 -14 -16 13 0
-196 -16 -13 14 0
-196 -14 16 -13 0
-196 16 13 14 0
196 -14 -16 -13 0
196 14 -16 13 0
196 16 13 -14 0
196 16 -13 14 0
-197 -25 -26 24 0
-197 -26 25 -24 0
-197 -25 26 -24 0
-197 26 24 25 0
197 -25 -26 -24 0
197 -26 24 25 0
197 -25 24 26 0
197 26 -24 25 0
-195 -198 -194 193 0
-195 -193 194 -198 0
-193 -198 195 -194 0
193 -198 195 194 0
-195 198 -194 -193 0
-195 198 194 193 0
198 195 -194 193 0
-193 198 195 194 0
196 -198 -197 0
-196 -198 197 0
-196 198 -197 0
196 198 197 0
-199 -8 50 -3 0
-199 3 -50 -8 0
-199 8 -50 -3 0
-199 8 50 3 0
199 -3 -50 -8 0
199 -8 50 3 0
199 8 50 -3 0
199 3 -50 8 0
-200 9 -11 -10 0
-200 -9 -11 10 0
-200 -10 -9 11 0
-200 11 9 10 0
200 -9 -11 -10 0
200 10 -11 9 0
200 11 9 -10 0
200 10 -9 11 0
-201 -14 -15 13 0
-201 14 -13 -15 0
-201 -14 15 -13 0
-201 15 13 14 0
201 -14 -15 -13 0
201 14 -15 13 0
201 -14 15 13 0
201 14 15 -13 0
-202 19 -22 -21 0
-202 -19 -22 21 0
-202 -19 22 -21 0
-202 19 22 21 0
202 -19 -22 -21 0
202 19 -22 21 0
202 19 22 -21 0
202 -19 22 21 0
-203 23 -26 -24 0
-203 -23 24 -26 0
-203 -23 -24 26 0
-203 23 24 26 0
203 -23 -24 -26 0
203 23 -26 24 0
203 23 26 -24 0
203 -23 26 24 0
-204 -199 28 -200 0
-200 -204 -28 199 0
-204 200 -199 -28 0
199 200 28 -204 0
-200 -199 -28 204 0
-200 199 28 204 0
204 -199 28 200 0
204 200 -28 199 0
-201 -204 -203 -202 0
201 -204 202 -203 0
201 -204 203 -202 0
-201 202 203 -204 0
201 204 -203 -202 0
-201 202 -203 204 0
-201 204 203 -202 0
201 202 203 204 0
-205 -3 51 -1 0
-205 1 -51 -3 0
-1 3 -51 -205 0
-205 1 51 3 0
205 -3 -51 -1 0
205 -3 51 1 0
205 -1 51 3 0
205 1 -51 3 0
-206 -6 4 -7 0
-206 -7 -4 6 0
-206 -6 -4 7 0
-206 7 4 6 0
206 -6 -4 -7 0
206 -7 6 4 0
206 7 4 -6 0
206 7 6 -4 0
-207 10 -11 -12 0
-207 -10 11 -12 0
-207 -10 12 -11 0
-207 10 12 11 0
207 -10 -11 -12 0
207 -12 10 11 0
207 10 -11 12 0
-10 207 11 12 0
-208 -19 13 -16 0
-208 -19 -13 16 0
-208 19 -16 -13 0
-208 16 13 19 0
208 -19 -13 -16 0
208 16 13 -19 0
208 19 13 -16 0
208 19 16 -13 0
-209 -21 -22 20 0
-209 21 -22 -20 0
-209 -20 22 -21 0
-209 21 20 22 0
-20 -22 209 -21 0
21 20 209 -22 0
20 -21 22 209 0
-20 21 22 209 0
-210 -27 25 -26 0
-210 -27 -25 26 0
-210 27 -26 -25 0
-210 27 25 26 0
210 -27 -25 -26 0
210 -27 25 26 0
210 27 25 -26 0
210 -25 27 26 0
205 -211 -207 -206 0
-211 -207 206 -205 0
-211 207 -206 -205 0
205 -211 206 207 0
-205 211 -206 -207 0
205 -207 206 211 0
205 207 211 -206 0
-205 207 211 206 0
208 -209 -211 -210 0
-208 -211 -210 209 0
-208 -209 210 -211 0
208 210 209 -211 0
-208 -209 211 -210 0
208 211 209 -210 0
208 -209 210 211 0
-208 211 209 210 0
-212 -1 52 -2 0
-212 1 -52 -2 0
-212 2 -52 -1 0
-212 2 52 1 0
212 -1 -52 -2 0
212 -2 52 1 0
212 -1 52 2 0
212 1 -52 2 0
-213 -4 -5 3 0
-213 -3 -5 4 0
-213 -3 -4 5 0
-213 5 4 3 0
213 -3 -4 -5 0
213 -5 3 4 0
213 5 3 -4 0
213 5 4 -3 0
-7 -214 6 -9 0
-214 -6 -9 7 0
-214 -7 9 -6 0
-214 7 6 9 0
214 -6 -9 -7 0
214 7 6 -9 0
214 -7 6 9 0
214 7 9 -6 0
-215 -15 12 -13 0
-215 -12 -15 13 0
-215 -12 -13 15 0
-215 12 13 15 0
215 -12 -13 -15 0
215 12 13 -15 0
215 15 12 -13 0
215 -12 13 15 0
-216 -17 16 -19 0
-216 -19 -16 17 0
-216 19 -17 -16 0
-216 19 17 16 0
-17 216 -19 -16 0
216 -19 17 16 0
19 -17 16 216 0
216 19 17 -16 0
-217 -25 20 -26 0
-217 -20 25 -26 0
-217 -25 -20 26 0
-217 26 25 20 0
217 -25 -20 -26 0
217 20 25 -26 0
217 -25 20 26 0
217 -20 25 26 0
-218 -214 -213 212 0
-212 -214 213 -218 0
-212 214 -213 -218 0
-218 212 213 214 0
-212 -214 -213 218 0
212 218 213 -214 0
214 218 -213 212 0
214 218 213 -212 0
-216 -217 215 -218 0
-218 216 -215 -217 0
-218 217 -215 -216 0
-218 216 215 217 0
218 -216 -217 -215 0
216 218 215 -217 0
218 -216 215 217 0
218 217 -215 216 0
-219 -3 -5 53 0
-219 3 -53 -5 0
-219 5 -53 -3 0
-219 3 53 5 0
219 -3 -5 -53 0
219 -5 53 3 0
219 5 53 -3 0
219 3 -53 5 0
-220 -9 -11 7 0
-220 9 -11 -7 0
-220 -7 -9 11 0
-220 11 7 9 0
220 -7 -11 -9 0
220 9 -11 7 0
220 11 7 -9 0
220 11 9 -7 0
-18 13 -21 -221 0
-221 18 -13 -21 0
-221 -18 -13 21 0
-221 18 21 13 0
221 -18 -21 -13 0
221 -21 18 13 0
221 -18 13 21 0
221 18 -13 21 0
-222 -23 -24 22 0
-222 23 -22 -24 0
-222 -23 24 -22 0
-222 23 24 22 0
222 -23 -22 -24 0
222 23 -24 22 0
222 -23 24 22 0
222 23 24 -22 0
-223 -27 25 -26 0
-223 -27 26 -25 0
-223 27 -26 -25 0
-223 27 26 25 0
-27 223 -25 -26 0
223 -27 25 26 0
223 27 25 -26 0
223 27 26 -25 0
219 -224 -221 -220 0
-219 220 -224 -221 0
-219 221 -224 -220 0
220 219 -224 221 0
-219 224 -221 -220 0
219 224 -221 220 0
-220 221 224 219 0
-219 220 224 221 0
-223 222 -224 0
223 -222 -224 0
-223 224 -222 0
223 224 222 0
-225 -1 54 -2 0
-225 1 -54 -2 0
-225 2 -54 -1 0
-225 2 54 1 0
225 -1 -54 -2 0
225 1 54 -2 0
225 2 54 -1 0
225 1 -54 2 0
-226 -6 5 -8 0
-226 -8 -5 6 0
-226 8 -5 -6 0
8 -226 5 6 0
-6 226 -5 -8 0
-8 226 5 6 0
-6 226 5 8 0
8 226 6 -5 0
-227 -12 -15 10 0
-227 -10 12 -15 0
-227 -10 15 -12 0
-227 10 15 12 0
227 -10 -15 -12 0
227 10 12 -15 0
227 10 15 -12 0
227 -10 15 12 0
-228 16 -22 -20 0
-228 -16 20 -22 0
-228 -16 22 -20 0
-228 16 22 20 0
228 -16 -22 -20 0
228 16 -22 20 0
228 16 22 -20 0
228 20 -16 22 0
-229 -25 -26 24 0
-229 -26 25 -24 0
-229 -25 26 -24 0
-229 26 24 25 0
229 -25 -26 -24 0
229 -26 24 25 0
229 -25 26 24 0
229 26 -24 25 0
-230 -225 27 -226 0
-230 -226 -27 225 0
-225 -230 -27 226 0
-230 225 27 226 0
-225 -226 -27 230 0
-226 225 27 230 0
-225 226 27 230 0
225 230 -27 226 0
-228 -230 -229 227 0
-227 -230 -229 228 0
-227 -230 229 -228 0
227 -230 229 228 0
-227 -228 230 -229 0
227 228 230 -229 0
227 -228 229 230 0
-227 229 230 228 0
-231 -1 55 -2 0
-231 1 -55 -2 0
-231 2 -55 -1 0
-231 2 55 1 0
231 -2 -55 -1 0
231 1 55 -2 0
231 2 55 -1 0
231 1 -55 2 0
-232 -10 4 -8 0
-232 -10 -4 8 0
-232 -8 -4 10 0
-232 8 10 4 0
232 -8 -4 -10 0
232 8 4 -10 0
232 10 4 -8 0
232 10 -4 8 0
-233 -19 12 -16 0
-233 -12 -19 16 0
-233 19 -12 -16 0
-233 12 16 19 0
-12 233 -19 -16 0
233 -19 12 16 0
19 -16 12 233 0
233 -12 16 19 0
-234 -23 -24 21 0
-234 23 -24 -21 0
-234 -23 -21 24 0
-234 23 21 24 0
234 -23 -24 -21 0
234 23 -24 21 0
234 -23 21 24 0
234 23 24 -21 0
-235 -27 -28 26 0
-235 27 -26 -28 0
-235 -27 28 -26 0
-235 26 28 27 0
-27 235 -26 -28 0
235 27 -28 26 0
235 -27 26 28 0
235 27 28 -26 0
-233 231 -236 -232 0
232 -231 -236 -233 0
-231 233 -236 -232 0
232 231 -236 233 0
-232 -231 236 -233 0
232 231 236 -233 0
233 231 236 -232 0
232 -231 233 236 0
-235 -236 234 0
235 -236 -234 0
-235 -234 236 0
235 234 236 0
-237 -1 56 -2 0
-237 -2 -56 1 0
-237 -1 -56 2 0
-237 2 56 1 0
237 -1 -56 -2 0
237 1 56 -2 0
237 2 56 -1 0
237 2 -56 1 0
-238 -7 -5 3 0
-238 -3 5 -7 0
7 -3 -5 -238 0
-238 7 3 5 0
238 -3 -5 -7 0
238 5 3 -7 0
238 7 3 -5 0
238 7 -3 5 0
-239 -12 -16 11 0
-239 -16 12 -11 0
-239 16 -11 -12 0
-239 11 16 12 0
239 -16 -11 -12 0
239 12 -16 11 0
239 -12 16 11 0
239 12 -11 16 0
-240 -18 -20 17 0
-240 -17 -20 18 0
-240 -17 20 -18 0
-240 20 18 17 0
240 -17 -20 -18 0
240 -20 17 18 0
240 20 17 -18 0
240 -17 18 20 0
-24 -26 22 -241 0
-26 -241 -22 24 0
-241 -24 -22 26 0
24 26 22 -241 0
-26 -24 -22 241 0
-26 241 22 24 0
26 241 22 -24 0
26 241 -22 24 0
-242 -238 28 -237 0
-242 237 -28 -238 0
-242 238 -28 -237 0
-242 238 237 28 0
-237 -238 242 -28 0
-238 242 28 237 0
-237 238 28 242 0
238 237 -28 242 0
-239 -240 -241 -242 0
239 -242 240 -241 0
239 -242 241 -240 0
-239 -242 241 240 0
239 -240 -241 242 0
-239 240 242 -241 0
-239 242 241 -240 0
239 242 241 240 0
-243 -9 57 -10 0
-243 9 -57 -10 0
-243 10 -57 -9 0
-243 10 57 9 0
243 -10 -57 -9 0
243 9 57 -10 0
243 10 57 -9 0
243 9 -57 10 0
-244 -15 12 -13 0
-244 -12 -15 13 0
-244 -12 -13 15 0
-244 12 13 15 0
-12 -15 -13 244 0
244 12 13 -15 0
244 15 12 -13 0
244 -12 13 15 0
-245 18 -24 -21 0
-245 -18 -24 21 0
-245 -18 24 -21 0
-245 21 18 24 0
-18 245 -24 -21 0
21 -24 245 18 0
18 24 -21 245 0
-18 24 21 245 0
-246 -27 25 -28 0
-246 27 -28 -25 0
-246 -25 28 -27 0
-246 25 28 27 0
246 -27 -28 -25 0
246 27 -28 25 0
246 -27 28 25 0
246 -25 28 27 0
-243 -245 -244 -246 0
243 -245 244 -246 0
243 -246 -244 245 0
-243 -246 244 245 0
243 -245 -244 246 0
-243 -245 244 246 0
-243 246 -244 245 0
243 246 244 245 0
-247 -1 58 -2 0
-247 1 -58 -2 0
-247 -1 -58 2 0
-247 1 58 2 0
247 -1 -58 -2 0
247 1 58 -2 0
247 2 58 -1 0
247 2 -58 1 0
-248 -7 -5 4 0
-248 -7 -4 5 0
7 -248 -5 -4 0
-248 5 4 7 0
248 -4 -5 -7 0
-7 248 4 5 0
7 248 4 -5 0
7 248 -4 5 0
-249 -14 11 -12 0
-249 12 -11 -14 0
-249 -12 14 -11 0
-249 11 14 12 0
249 -14 -11 -12 0
249 -14 11 12 0
249 11 14 -12 0
249 14 -11 12 0
-250 -17 -19 16 0
-250 -19 -16 17 0
-250 19 -17 -16 0
-250 19 17 16 0
250 -17 -16 -19 0
250 -19 17 16 0
250 19 -17 16 0
250 19 -16 17 0
-251 -25 21 -26 0
-251 -21 25 -26 0
-251 -25 -21 26 0
-251 21 25 26 0
251 -25 -26 -21 0
251 21 25 -26 0
251 -25 26 21 0
251 -21 26 25 0
-247 -252 27 -28 0
-247 -252 28 -27 0
247 -252 -28 -27 0
247 -252 27 28 0
-247 252 -28 -27 0
-247 252 27 28 0
247 252 -28 27 0
247 252 -27 28 0
-249 -253 248 -250 0
249 -253 -248 -250 0
250 -253 -248 -249 0
249 -253 248 250 0
-249 253 -248 -250 0
249 253 248 -250 0
250 253 248 -249 0
249 250 -248 253 0
-253 -252 -251 0
-253 252 251 0
-252 253 251 0
253 252 -251 0
-254 -3 59 -1 0
-254 -3 -59 1 0
-254 3 -59 -1 0
-254 1 59 3 0
254 -1 -59 -3 0
254 1 59 -3 0
254 3 59 -1 0
254 1 -59 3 0
-255 -8 -9 6 0
-255 -6 -9 8 0
-255 -6 9 -8 0
-255 8 6 9 0
255 -6 -9 -8 0
255 8 6 -9 0
255 -8 6 9 0
255 8 9 -6 0
-256 -12 10 -11 0
-256 -10 11 -12 0
-256 -10 12 -11 0
-256 11 10 12 0
256 -10 -11 -12 0
256 -12 10 11 0
256 10 -11 12 0
256 -10 12 11 0
-257 -23 13 -14 0
-257 -23 -13 14 0
-257 23 -13 -14 0
-257 23 14 13 0
257 -23 -13 -14 0
257 -23 13 14 0
257 -14 23 13 0
257 23 -13 14 0
-255 -254 -258 25 0
254 -258 -25 -255 0
-254 -258 -25 255 0
254 -258 25 255 0
-254 258 -25 -255 0
254 -255 258 25 0
255 -254 258 25 0
254 258 -25 255 0
-257 -258 256 0
257 -258 -256 0
258 -257 -256 0
258 257 256 0
-259 -4 60 -5 0
-259 -4 -60 5 0
-259 4 60 5 0
259 4 60 -5 0
259 -4 60 5 0
-260 -12 7 -8 0
-260 8 -12 -7 0
-260 -7 12 -8 0
-260 7 12 8 0
260 -12 -8 -7 0
260 8 -12 7 0
260 7 12 -8 0
260 -7 12 8 0
-14 -261 13 -15 0
-15 -261 14 -13 0
-14 15 -13 -261 0
15 -261 13 14 0
261 -15 -13 -14 0
261 14 -15 13 0
261 -14 15 13 0
261 14 15 -13 0
-262 -21 17 -18 0
-262 -17 -21 18 0
-262 -17 21 -18 0
-262 21 17 18 0
262 -18 -21 -17 0
262 -21 17 18 0
262 21 17 -18 0
262 -17 21 18 0
-263 -25 -24 22 0
-263 -25 -22 24 0
-263 25 -22 -24 0
-263 25 24 22 0
263 -25 -22 -24 0
263 -25 24 22 0
263 25 22 -24 0
263 25 -22 24 0
-259 -264 26 -28 0
-259 -264 28 -26 0
259 -264 -26 -28 0
259 -264 26 28 0
-259 264 -26 -28 0
-259 264 26 28 0
259 264 26 -28 0
259 264 -26 28 0
-262 260 -265 -261 0
-262 -260 -265 261 0
262 -260 -261 -265 0
262 261 260 -265 0
-260 265 -261 -262 0
-262 261 260 265 0
262 260 -261 265 0
262 -260 265 261 0
-264 -265 -263 0
-265 264 263 0
-264 265 263 0
265 264 -263 0
-266 -3 61 -2 0
-266 2 -61 -3 0
-266 3 -61 -2 0
-266 3 61 2 0
266 -3 -61 -2 0
266 2 61 -3 0
266 3 61 -2 0
266 3 -61 2 0
-267 -7 -9 6 0
-267 -6 -9 7 0
-267 -7 9 -6 0
-267 7 6 9 0
267 -6 -9 -7 0
267 7 -9 6 0
267 -7 6 9 0
267 7 9 -6 0
-268 -19 -20 18 0
-268 -18 19 -20 0
-18 -268 20 -19 0
19 20 18 -268 0
268 -18 -20 -19 0
268 19 -20 18 0
268 -19 20 18 0
268 -18 20 19 0
-269 -23 -24 21 0
-269 23 -24 -21 0
-269 -23 -21 24 0
-269 23 21 24 0
269 -23 -21 -24 0
269 23 -24 21 0
269 -23 21 24 0
269 23 24 -21 0
-266 -270 -27 25 0
-266 -270 -25 27 0
-270 266 -27 -25 0
-270 266 25 27 0
270 -266 -25 -27 0
270 -266 27 25 0
270 266 -27 25 0
270 266 -25 27 0
-270 -268 -269 267 0
268 -267 -269 -270 0
-267 -268 269 -270 0
268 267 269 -270 0
-267 -268 -269 270 0
270 268 267 -269 0
270 -268 269 267 0
270 -267 269 268 0
-271 -3 -5 62 0
-271 -5 -62 3 0
-271 5 -62 -3 0
-271 5 3 62 0
271 -5 -62 -3 0
271 -5 62 3 0
271 5 62 -3 0
5 3 -62 271 0
-12 9 -272 -10 0
10 -9 -272 -12 0
-10 -9 -272 12 0
9 -272 12 10 0
-10 272 -9 -12 0
272 -12 9 10 0
272 9 12 -10 0
272 10 -9 12 0
-18 16 -21 -273 0
-273 -16 18 -21 0
-273 -18 -16 21 0
-273 21 18 16 0
-18 -16 273 -21 0
273 -21 16 18 0
273 21 16 -18 0
273 21 18 -16 0
-274 -27 22 -26 0
-274 -27 26 -22 0
-274 27 -22 -26 0
-274 27 22 26 0
274 -27 -22 -26 0
274 -27 22 26 0
274 27 -26 22 0
274 27 -22 26 0
-274 -273 271 -272 0
-271 -273 272 -274 0
-271 -272 -274 273 0
-274 272 271 273 0
-271 -273 -272 274 0
272 -273 271 274 0
-272 274 271 273 0
-271 274 272 273 0
-275 -4 63 -2 0
-275 -2 -63 4 0
-275 4 63 2 0
275 -4 63 2 0
275 4 63 -2 0
275 4 -63 2 0
-276 -10 -8 6 0
-276 -10 -6 8 0
-276 -6 10 -8 0
-276 8 6 10 0
276 -10 -6 -8 0
276 8 6 -10 0
276 10 6 -8 0
276 -6 10 8 0
-277 -17 14 -15 0
-277 -14 15 -17 0
-277 -14 -15 17 0
-277 14 17 15 0
277 -14 -17 -15 0
277 -17 14 15 0
277 14 17 -15 0
277 -14 15 17 0
-278 -19 18 -20 0
-278 19 -18 -20 0
-278 -18 20 -19 0
-278 19 18 20 0
278 -18 -20 -19 0
278 19 18 -20 0
278 20 18 -19 0
278 -18 20 19 0
-279 -23 -22 21 0
-279 -23 -21 22 0
-279 23 -22 -21 0
-279 23 22 21 0
279 -23 -21 -22 0
279 -23 22 21 0
279 23 -22 21 0
279 23 -21 22 0
-280 -25 -28 24 0
-280 25 -28 -24 0
-280 -25 28 -24 0
-280 25 24 28 0
280 -25 -28 -24 0
280 25 -28 24 0
280 -25 28 24 0
280 25 28 -24 0
275 -277 -276 -281 0
-275 -281 276 -277 0
-275 277 -276 -281 0
275 277 276 -281 0
-275 281 -276 -277 0
275 281 276 -277 0
275 281 -276 277 0
-275 277 276 281 0
-281 -278 -279 -280 0
-281 -280 278 279 0
-281 -279 280 278 0
-278 279 280 -281 0
281 -280 278 -279 0
281 -278 279 -280 0
-278 -279 280 281 0
281 279 280 278 0
-282 -1 64 -2 0
-282 1 -64 -2 0
-282 2 -64 -1 0
-282 2 64 1 0
282 -1 -64 -2 0
282 -2 64 1 0
282 -1 64 2 0
282 1 -64 2 0
-283 -6 4 -7 0
-283 -7 -4 6 0
-283 -6 -4 7 0
-283 7 4 6 0
283 -7 -4 -6 0
283 -7 6 4 0
283 7 4 -6 0
283 7 -4 6 0
-284 -10 -9 8 0
-284 -10 9 -8 0
-284 10 -9 -8 0
-284 8 10 9 0
284 -8 -9 -10 0
284 8 9 -10 0
284 10 -9 8 0
284 10 -8 9 0
-285 -18 14 -16 0
-285 -14 -18 16 0
-285 -14 18 -16 0
-285 14 18 16 0
285 -14 -18 -16 0
285 -18 14 16 0
285 14 18 -16 0
285 -14 18 16 0
-286 -25 -22 21 0
-286 -25 -21 22 0
-286 -21 25 -22 0
-286 21 25 22 0
286 -25 -22 -21 0
286 -25 21 22 0
286 21 25 -22 0
286 -21 25 22 0
-282 -283 26 -287 0
-287 -283 -26 282 0
-282 283 -26 -287 0
-287 282 26 283 0
-282 -283 -26 287 0
282 -283 26 287 0
-282 287 26 283 0
287 283 -26 282 0
-287 284 -286 -285 0
-287 -284 285 -286 0
-287 -284 286 -285 0
284 286 285 -287 0
-284 -285 -286 287 0
284 287 285 -286 0
-285 284 287 286 0
-284 286 287 285 0
-288 -1 65 -7 0
-288 1 -65 -7 0
-288 7 -65 -1 0
-288 7 65 1 0
288 -1 -65 -7 0
288 -7 65 1 0
288 -1 65 7 0
288 1 -65 7 0
-289 9 -13 -11 0
-289 -9 -13 11 0
-289 -9 13 -11 0
-289 11 13 9 0
289 -9 -11 -13 0
289 9 -13 11 0
289 9 13 -11 0
289 -9 13 11 0
-290 -18 16 -17 0
-290 -18 17 -16 0
-290 -17 18 -16 0
-290 16 17 18 0
290 -18 -16 -17 0
290 -18 16 17 0
290 -17 18 16 0
290 -16 17 18 0
-291 -25 20 -23 0
-291 23 -20 -25 0
-291 -23 25 -20 0
-291 23 20 25 0
291 -23 -20 -25 0
291 -25 20 23 0
291 -23 20 25 0
291 23 25 -20 0
-292 -27 -28 26 0
-292 27 -26 -28 0
-292 -27 28 -26 0
-292 26 28 27 0
292 -27 -28 -26 0
292 27 -28 26 0
292 -27 26 28 0
292 27 28 -26 0
288 -293 -290 -289 0
-288 289 -293 -290 0
-288 -293 290 -289 0
288 289 -293 290 0
-288 -289 293 -290 0
288 289 -290 293 0
288 -289 290 293 0
-288 293 290 289 0
-291 -292 -293 0
291 292 -293 0
291 293 -292 0
-291 293 292 0
-294 -1 66 -3 0
-294 1 -66 -3 0
-294 3 -66 -1 0
-294 3 66 1 0
294 -3 -66 -1 0
294 1 66 -3 0
294 -1 3 66 0
294 1 -66 3 0
-295 -10 -9 6 0
-295 -10 -6 9 0
-295 -6 10 -9 0
-295 10 6 9 0
295 -10 -6 -9 0
295 -10 6 9 0
295 10 6 -9 0
295 -6 10 9 0
11 -296 -20 -19 0
-296 -20 -11 19 0
-296 20 -11 -19 0
19 11 20 -296 0
296 -20 -11 -19 0
19 296 -20 11 0
-19 296 20 11 0
19 20 -11 296 0
21 -297 -22 -24 0
-21 -297 22 -24 0
-21 24 -22 -297 0
21 24 -297 22 0
297 -21 -22 -24 0
297 21 -24 22 0
297 21 24 -22 0
297 -21 24 22 0
-294 -298 -26 25 0
-294 -298 -25 26 0
294 -298 -26 -25 0
294 -298 26 25 0
-294 298 -26 -25 0
298 -294 25 26 0
294 298 -26 25 0
294 298 26 -25 0
295 -298 -296 -297 0
-295 -298 -297 296 0
-295 -298 -296 297 0
295 -298 296 297 0
-295 298 -297 -296 0
295 298 296 -297 0
295 297 298 -296 0
-295 298 296 297 0
-299 -2 67 -5 0
-299 -5 -67 2 0
5 -2 -67 -299 0
-299 2 67 5 0
299 -2 -67 -5 0
299 -5 67 2 0
5 -2 67 299 0
299 2 -67 5 0
-10 -9 -300 8 0
-10 9 -300 -8 0
10 -9 -300 -8 0
8 9 -300 10 0
-10 300 -9 -8 0
8 300 9 -10 0
300 8 10 -9 0
300 -8 10 9 0
-301 -19 -16 13 0
-301 -19 -13 16 0
-301 -16 -13 19 0
-301 19 13 16 0
301 -19 -13 -16 0
301 16 13 -19 0
301 19 13 -16 0
301 19 16 -13 0
-302 -25 -26 21 0
-302 -21 25 -26 0
-302 -25 -21 26 0
-302 21 25 26 0
302 -25 -26 -21 0
302 21 25 -26 0
302 -25 26 21 0
302 -21 26 25 0
-303 -299 27 -300 0
299 -300 -27 -303 0
300 -303 -27 -299 0
300 -303 27 299 0
-299 303 -300 -27 0
-300 299 27 303 0
300 -299 27 303 0
299 300 303 -27 0
301 -303 -302 0
-301 -303 302 0
-301 303 -302 0
301 303 302 0
-304 -2 68 -6 0
-304 2 -68 -6 0
-304 6 -68 -2 0
-304 6 68 2 0
304 -6 -68 -2 0
304 -6 68 2 0
304 -2 68 6 0
304 6 -68 2 0
-305 -12 -14 11 0
-305 12 -11 -14 0
-305 -12 -11 14 0
-305 11 14 12 0
-12 -14 305 -11 0
-14 11 305 12 0
-12 305 11 14 0
305 12 -11 14 0
-306 -19 18 -20 0
-306 -18 -20 19 0
-306 -19 20 -18 0
-306 19 18 20 0
306 -18 -20 -19 0
19 306 -20 18 0
306 -19 20 18 0
19 -18 20 306 0
-307 -28 22 -26 0
-307 26 -22 -28 0
-307 28 -22 -26 0
-307 26 22 28 0
307 -26 -22 -28 0
307 26 -28 22 0
307 -26 22 28 0
307 28 -22 26 0
304 -305 -307 -306 0
-304 305 -307 -306 0
-304 -305 -307 306 0
306 305 -307 304 0
-304 -305 -306 307 0
304 307 305 -306 0
304 -305 306 307 0
-304 307 305 306 0
-308 -3 69 -1 0
-308 1 -69 -3 0
-308 -1 -69 3 0
-308 1 69 3 0
308 -1 -69 -3 0
308 1 69 -3 0
308 3 69 -1 0
308 3 -69 1 0
-309 -6 4 -7 0
-309 -7 -4 6 0
-309 -6 -4 7 0
-309 7 4 6 0
309 -6 -4 -7 0
309 -7 6 4 0
309 7 4 -6 0
309 7 -4 6 0
-310 -16 -13 11 0
-310 -16 13 -11 0
-310 16 -11 -13 0
-310 16 13 11 0
310 -16 -11 -13 0
310 -16 11 13 0
310 11 -13 16 0
310 16 -11 13 0
-311 -18 17 -19 0
-311 -17 -19 18 0
-311 -17 -18 19 0
-311 19 17 18 0
311 -17 -19 -18 0
311 -19 18 17 0
311 -18 17 19 0
311 19 -17 18 0
-308 -312 -28 27 0
-312 -308 28 -27 0
-312 308 -28 -27 0
308 -312 28 27 0
-308 312 -28 -27 0
-308 312 28 27 0
308 312 27 -28 0
308 312 28 -27 0
-312 -310 309 -311 0
310 -312 -309 -311 0
311 -312 -309 -310 0
310 311 309 -312 0
-311 -310 -309 312 0
310 312 309 -311 0
312 -310 309 311 0
310 311 -309 312 0
-313 -3 70 -2 0
-313 -3 -70 2 0
-313 3 -70 -2 0
-313 3 70 2 0
313 -3 -70 -2 0
313 2 70 -3 0
313 -2 70 3 0
313 3 -70 2 0
-314 -8 4 -7 0
-314 -8 -4 7 0
-314 8 -7 -4 0
-314 8 4 7 0
314 -8 -4 -7 0
314 -8 4 7 0
314 8 4 -7 0
314 8 -4 7 0
-315 -12 -14 11 0
-315 -11 -14 12 0
-315 -12 14 -11 0
-315 11 14 12 0
-12 -14 315 -11 0
-14 11 315 12 0
315 11 14 -12 0
12 14 315 -11 0
-316 -17 15 -16 0
-316 -17 16 -15 0
-316 -15 -16 17 0
-316 15 17 16 0
316 -17 -15 -16 0
316 -17 16 15 0
316 -16 17 15 0
316 -15 17 16 0
-24 21 -28 -317 0
-317 24 -28 -21 0
-317 -24 28 -21 0
21 -317 28 24 0
317 -21 -28 -24 0
317 24 -28 21 0
21 -24 28 317 0
-21 24 317 28 0
-314 -315 313 -318 0
-315 -313 -318 314 0
-314 -313 315 -318 0
313 314 315 -318 0
-314 -313 318 -315 0
-315 313 318 314 0
-314 318 315 313 0
-313 318 315 314 0
316 -318 -317 0
-316 -318 317 0
-316 318 -317 0
316 318 317 0
-319 -4 71 -3 0
-319 -4 -71 3 0
-319 -3 -71 4 0
-319 4 71 3 0
319 -4 -71 -3 0
319 3 71 -4 0
319 -3 71 4 0
319 4 -71 3 0
-320 -10 -6 5 0
-320 -10 -5 6 0
-320 -6 -5 10 0
-320 5 6 10 0
320 -10 -6 -5 0
320 -10 5 6 0
320 -6 10 5 0
320 10 -5 6 0
-321 -14 -15 11 0
-321 -15 -11 14 0
-321 -14 15 -11 0
-321 11 14 15 0
-14 -15 -11 321 0
11 321 14 -15 0
-14 11 321 15 0
321 15 -11 14 0
-322 -19 18 -20 0
-322 -18 19 -20 0
-322 -18 20 -19 0
-322 19 18 20 0
322 -18 -20 -19 0
322 19 18 -20 0
322 20 18 -19 0
322 -18 20 19 0
-323 24 -28 -26 0
-323 26 -24 -28 0
-323 -26 28 -24 0
-323 26 28 24 0
323 -24 -28 -26 0
323 24 -28 26 0
24 -26 323 28 0
-24 26 28 323 0
319 -321 -324 -320 0
320 -321 -324 -319 0
-319 -324 321 -320 0
320 -324 321 319 0
-319 -320 324 -321 0
-321 319 324 320 0
319 -320 321 324 0
-319 324 321 320 0
-322 -324 -323 0
-324 322 323 0
324 322 -323 0
-322 324 323 0
-325 -3 72 -1 0
-325 -3 -72 1 0
-325 -1 -72 3 0
-325 1 72 3 0
325 -1 -72 -3 0
325 1 72 -3 0
325 -1 72 3 0
325 3 -72 1 0
-326 -8 4 -7 0
-326 -8 -4 7 0
-326 8 -7 -4 0
-326 8 4 7 0
326 -8 -4 -7 0
326 -8 4 7 0
326 8 4 -7 0
326 8 -4 7 0
-327 -14 -16 12 0
-327 -12 -16 14 0
-327 -14 16 -12 0
-327 14 16 12 0
327 -12 -16 -14 0
327 14 -16 12 0
327 -14 12 16 0
327 -12 16 14 0
-328 -18 17 -19 0
-328 -17 -19 18 0
-328 -17 -18 19 0
-328 19 17 18 0
328 -17 -18 -19 0
328 -19 18 17 0
328 -18 17 19 0
328 19 -17 18 0
-329 20 -22 -24 0
-329 -20 22 -24 0
-329 -20 24 -22 0
-329 20 24 22 0
329 -20 -24 -22 0
329 20 22 -24 0
329 24 -22 20 0
329 -20 22 24 0
-325 -330 -28 25 0
-325 -330 -25 28 0
-330 325 -25 -28 0
325 -330 28 25 0
330 -325 -25 -28 0
-325 330 25 28 0
330 325 25 -28 0
325 330 28 -25 0
-327 -331 326 -328 0
-328 327 -331 -326 0
-326 -327 -331 328 0
327 328 326 -331 0
-326 -327 331 -328 0
-328 327 326 331 0
-327 331 326 328 0
-326 327 328 331 0
-331 -330 329 0
330 -331 -329 0
331 -330 -329 0
330 331 329 0
-332 -1 73 -2 0
-332 1 -73 -2 0
-332 2 -73 -1 0
-332 1 73 2 0
332 -2 -73 -1 0
332 1 73 -2 0
332 -1 73 2 0
332 2 -73 1 0
-333 -8 5 -6 0
-333 -8 -5 6 0
-333 8 -5 -6 0
-333 8 5 6 0
-8 -6 -5 333 0
-8 5 6 333 0
8 -6 333 5 0
8 333 6 -5 0
-334 -18 10 -13 0
-334 -10 -18 13 0
-334 18 -13 -10 0
-334 10 18 13 0
334 -10 -18 -13 0
334 -18 10 13 0
334 10 18 -13 0
334 -10 18 13 0
-335 19 -22 -20 0
-335 -19 -22 20 0
-335 -19 22 -20 0
-335 19 22 20 0
335 -19 -22 -20 0
335 19 -22 20 0
335 19 22 -20 0
335 -19 22 20 0
-336 23 -26 -24 0
-336 -23 24 -26 0
-336 -23 -24 26 0
-336 23 24 26 0
336 -23 -24 -26 0
336 23 24 -26 0
336 23 -24 26 0
-23 336 24 26 0
-337 -333 27 -332 0
-333 -337 -27 332 0
-337 -332 333 -27 0
-337 332 333 27 0
337 -333 -27 -332 0
337 -333 27 332 0
337 333 27 -332 0
337 332 333 -27 0
334 -337 -335 -336 0
-334 -337 335 -336 0
-334 -337 -335 336 0
334 -337 336 335 0
-334 337 -335 -336 0
334 337 335 -336 0
334 337 336 -335 0
-334 337 336 335 0
-338 -8 74 -1 0
-338 1 -74 -8 0
-338 8 -74 -1 0
-338 8 74 1 0
338 -8 -74 -1 0
338 -8 74 1 0
338 8 74 -1 0
338 1 -74 8 0
-339 9 -11 -10 0
-339 -9 -11 10 0
-339 -10 -9 11 0
-339 11 9 10 0
339 -9 -11 -10 0
339 10 -11 9 0
339 11 9 -10 0
339 10 -9 11 0
-340 -14 -15 13 0
-340 14 -13 -15 0
-340 -14 15 -13 0
-340 15 13 14 0
340 -14 -13 -15 0
340 14 -15 13 0
340 -14 15 13 0
340 14 15 -13 0
-341 -19 16 -20 0
-341 19 -16 -20 0
-341 -16 -19 20 0
-341 19 20 16 0
341 -19 -16 -20 0
341 19 -20 16 0
341 20 16 -19 0
341 19 -16 20 0
-342 -23 -24 21 0
-342 23 -24 -21 0
-342 -23 -21 24 0
-342 23 21 24 0
342 -23 -21 -24 0
342 23 -24 21 0
342 -23 21 24 0
342 23 -21 24 0
-338 -343 -28 27 0
-338 -343 -27 28 0
338 -343 -28 -27 0
338 -343 28 27 0
-338 343 -28 -27 0
-338 343 28 27 0
338 343 -28 27 0
338 343 28 -27 0
339 -341 -344 -340 0
-339 -341 -344 340 0
-339 -340 -344 341 0
339 340 -344 341 0
-339 -340 -341 344 0
339 340 -341 344 0
-340 344 341 339 0
-339 344 341 340 0
-343 -344 -342 0
-344 343 342 0
-343 344 342 0
344 343 -342 0
-345 -1 75 -6 0
-345 1 -75 -6 0
-345 6 -75 -1 0
-345 6 75 1 0
345 -1 -75 -6 0
345 -6 75 1 0
345 -1 75 6 0
345 1 -75 6 0
-346 8 -11 -13 0
-346 11 -13 -8 0
-346 -8 13 -11 0
-346 11 13 8 0
346 -11 -13 -8 0
346 11 -13 8 0
346 8 13 -11 0
346 -8 13 11 0
-347 -19 15 -17 0
-347 -19 -15 17 0
-347 19 -17 -15 0
-347 19 15 17 0
347 -17 -19 -15 0
347 15 17 -19 0
347 19 15 -17 0
347 19 17 -15 0
-348 -23 -22 20 0
-348 -20 22 -23 0
-348 23 -22 -20 0
-348 23 20 22 0
348 -23 -22 -20 0
348 -23 20 22 0
348 23 -22 20 0
348 -20 22 23 0
-349 -25 -26 24 0
-349 -26 25 -24 0
-349 -25 26 -24 0
-349 26 24 25 0
349 -25 -26 -24 0
349 -26 24 25 0
349 -25 24 26 0
349 26 -24 25 0
-345 -350 -346 27 0
345 -350 -27 -346 0
-345 -350 -27 346 0
345 -350 27 346 0
-345 350 -346 -27 0
345 -346 27 350 0
-345 350 27 346 0
345 350 -27 346 0
-350 -348 347 -349 0
-350 348 -347 -349 0
-350 -347 349 -348 0
-350 347 349 348 0
-348 350 -347 -349 0
348 347 -349 350 0
-348 347 349 350 0
350 -347 349 348 0
-351 -2 76 -4 0
-351 -4 -76 2 0
-351 -2 -76 4 0
-351 2 76 4 0
-4 -2 -76 351 0
351 -4 76 2 0
351 -2 76 4 0
351 2 -76 4 0
-10 -9 -352 6 0
-10 -6 -352 9 0
-6 10 -352 -9 0
10 -352 6 9 0
352 -10 -6 -9 0
352 -10 6 9 0
352 10 6 -9 0
352 -6 10 9 0
-353 -14 12 -13 0
-353 -12 13 -14 0
-353 -12 -13 14 0
-353 12 13 14 0
353 -12 -13 -14 0
353 12 13 -14 0
353 14 -13 12 0
353 -12 13 14 0
-354 -18 16 -20 0
-354 -20 18 -16 0
-354 -16 20 -18 0
-354 20 18 16 0
354 -18 -16 -20 0
354 -20 18 16 0
354 -18 20 16 0
354 -16 20 18 0
-355 -23 -24 21 0
23 -355 -24 -21 0
-355 -23 -21 24 0
-355 23 24 21 0
355 -23 -24 -21 0
355 23 -24 21 0
355 -23 21 24 0
355 23 24 -21 0
-356 -27 25 -26 0
-356 -27 26 -25 0
-356 27 -26 -25 0
-356 27 26 25 0
356 -27 -25 -26 0
356 -27 25 26 0
356 27 25 -26 0
356 -25 27 26 0
-351 -357 28 -352 0
351 -357 -28 -352 0
352 -357 -28 -351 0
352 -357 28 351 0
-351 357 -28 -352 0
351 357 28 -352 0
352 -351 357 28 0
352 351 357 -28 0
353 -358 -354 -355 0
-353 354 -355 -358 0
-353 -358 -354 355 0
353 354 355 -358 0
-353 358 -355 -354 0
353 358 -355 354 0
353 358 -354 355 0
-353 358 355 354 0
-358 -356 -357 0
-358 357 356 0
358 356 -357 0
357 358 -356 0
-359 -5 77 -4 0
-359 -5 -77 4 0
-359 5 -77 -4 0
-359 5 77 4 0
359 -5 -77 -4 0
359 4 77 -5 0
359 5 77 -4 0
359 5 -77 4 0
-360 -7 6 -8 0
-360 7 -8 -6 0
-360 8 -7 -6 0
-360 8 6 7 0
360 -6 -8 -7 0
360 7 -8 6 0
360 8 -7 6 0
360 -6 7 8 0
-361 10 -11 -12 0
-361 -10 11 -12 0
-361 -10 12 -11 0
-361 10 12 11 0
361 -10 -11 -12 0
361 -12 10 11 0
361 10 12 -11 0
361 -10 12 11 0
-362 -18 13 -19 0
-362 18 -13 -19 0
-362 -18 -13 19 0
-362 18 13 19 0
362 -18 -13 -19 0
362 18 13 -19 0
362 -18 13 19 0
362 18 -13 19 0
-363 -23 -24 21 0
-363 23 -24 -21 0
-363 -23 -21 24 0
-363 23 24 21 0
-23 363 -24 -21 0
363 23 21 -24 0
363 -23 21 24 0
23 363 24 -21 0
-359 -364 25 -26 0
-359 -364 26 -25 0
359 -364 -26 -25 0
359 -364 26 25 0
-359 364 -26 -25 0
-359 364 25 26 0
359 364 25 -26 0
359 364 -25 26 0
-362 -365 360 -361 0
-360 -362 -365 361 0
-360 -361 362 -365 0
361 362 360 -365 0
-360 365 -361 -362 0
-362 365 360 361 0
-361 365 362 360 0
-360 365 362 361 0
-364 -365 363 0
364 -365 -363 0
-364 365 -363 0
364 365 363 0
-366 -1 78 -2 0
-366 1 -78 -2 0
-366 2 -78 -1 0
-366 1 78 2 0
366 -1 -78 -2 0
366 1 78 -2 0
366 -1 78 2 0
366 2 -78 1 0
-367 -4 -5 3 0
-367 -3 -5 4 0
-367 -3 -4 5 0
-367 5 3 4 0
367 -3 -4 -5 0
367 -5 3 4 0
367 5 -4 3 0
367 5 4 -3 0
-368 9 -11 -15 0
-368 -9 -15 11 0
-368 -9 -11 15 0
-368 11 9 15 0
368 -9 -11 -15 0
368 9 -15 11 0
368 9 15 -11 0
368 -9 15 11 0
-369 -21 18 -20 0
-369 -18 -21 20 0
-369 -18 21 -20 0
-369 21 18 20 0
369 -18 -20 -21 0
369 -21 18 20 0
369 21 18 -20 0
369 21 20 -18 0
-370 -27 -25 22 0
-370 -27 25 -22 0
-370 27 -22 -25 0
-370 27 25 22 0
370 -27 -25 -22 0
370 -27 25 22 0
370 -25 27 22 0
370 27 -22 25 0
-368 -371 -367 366 0
-368 -366 -371 367 0
-366 -371 -367 368 0
368 366 367 -371 0
-368 -366 -367 371 0
-368 371 367 366 0
368 366 371 -367 0
368 -366 371 367 0
-369 -371 -370 0
369 -371 370 0
369 371 -370 0
-369 371 370 0
-372 -5 79 -4 0
-372 -5 -79 4 0
-372 -4 -79 5 0
-372 5 4 79 0
372 -4 -79 -5 0
372 4 79 -5 0
372 5 79 -4 0
372 4 -79 5 0
-373 -8 -7 6 0
-373 -6 -8 7 0
-373 8 -7 -6 0
-373 8 6 7 0
373 -6 -8 -7 0
373 7 -8 6 0
373 8 -7 6 0
373 8 7 -6 0
-374 9 -11 -10 0
-374 -9 -11 10 0
-374 -10 -9 11 0
-374 11 9 10 0
374 -9 -11 -10 0
374 10 -11 9 0
374 11 9 -10 0
374 10 -9 11 0
-375 -21 14 -15 0
-375 -14 15 -21 0
-375 -14 21 -15 0
-375 21 15 14 0
375 -14 -15 -21 0
375 -21 15 14 0
375 21 -15 14 0
375 21 15 -14 0
-376 23 -27 -24 0
-376 -27 24 -23 0
-376 -23 27 -24 0
-376 23 27 24 0
376 -27 -24 -23 0
376 -27 24 23 0
376 23 27 -24 0
376 -23 27 24 0
-372 -377 -373 28 0
-377 -373 -28 372 0
-372 -377 373 -28 0
-377 372 28 373 0
-373 -372 -28 377 0
372 -373 28 377 0
373 -372 28 377 0
372 373 377 -28 0
-377 374 -375 -376 0
-374 -377 375 -376 0
-374 -377 -375 376 0
374 375 376 -377 0
-374 -375 377 -376 0
374 375 -376 377 0
374 -375 376 377 0
-374 375 376 377 0
-378 -3 80 -2 0
-378 2 -80 -3 0
-378 -2 -80 3 0
-378 3 80 2 0
-3 378 -80 -2 0
378 -3 80 2 0
378 3 80 -2 0
2 3 -80 378 0
-379 -6 -5 4 0
-379 -6 5 -4 0
-379 -4 -5 6 0
-379 5 4 6 0
379 -6 -5 -4 0
379 -6 5 4 0
379 4 6 -5 0
379 5 -4 6 0
-380 -8 -9 7 0
-380 8 -7 -9 0
-380 9 -7 -8 0
-380 8 9 7 0
380 -8 -9 -7 0
380 7 -9 8 0
380 7 9 -8 0
380 8 -7 9 0
-381 -14 11 -16 0
-381 -16 -11 14 0
-14 -381 -11 16 0
-381 11 14 16 0
381 -16 -11 -14 0
381 14 -16 11 0
-14 381 11 16 0
381 16 -11 14 0
-382 -25 -21 20 0
-382 -25 -20 21 0
-382 -20 -21 25 0
-382 21 25 20 0
382 -25 -21 -20 0
382 21 20 -25 0
382 -21 25 20 0
382 21 25 -20 0
-378 -383 27 -28 0
-378 -383 28 -27 0
378 -383 -28 -27 0
378 -383 28 27 0
-378 383 -27 -28 0
-378 383 28 27 0
378 383 -28 27 0
378 -27 28 383 0
-380 -384 379 -381 0
380 -381 -379 -384 0
-380 381 -379 -384 0
380 381 -384 379 0
384 -381 -379 -380 0
384 -381 379 380 0
-380 384 381 379 0
381 380 -379 384 0
-383 -384 -382 0
-384 382 383 0
384 -383 382 0
384 383 -382 0
-385 -1 81 -2 0
-385 -2 -81 1 0
-385 -1 -81 2 0
-385 1 81 2 0
385 -2 -81 -1 0
385 1 81 -2 0
385 -1 81 2 0
385 2 -81 1 0
-386 -11 3 -4 0
-386 -3 -11 4 0
-386 11 -4 -3 0
-386 11 4 3 0
386 -4 -11 -3 0
386 -11 4 3 0
386 11 -4 3 0
386 11 4 -3 0
-387 -14 12 -15 0
-387 -12 -15 14 0
-387 -14 15 -12 0
-387 14 15 12 0
387 -12 -15 -14 0
387 14 -15 12 0
387 -14 15 12 0
387 -12 15 14 0
-388 -21 17 -19 0
-388 19 -17 -21 0
-388 -17 21 -19 0
-388 19 17 21 0
388 -17 -21 -19 0
388 -21 17 19 0
388 21 17 -19 0
388 -17 21 19 0
-389 -23 -25 22 0
-389 -25 -22 23 0
-389 -23 -22 25 0
-389 23 25 22 0
389 -23 -22 -25 0
389 23 -25 22 0
389 -23 25 22 0
389 23 25 -22 0
-385 -390 26 -28 0
-385 -390 -26 28 0
385 -390 -26 -28 0
385 -390 26 28 0
-385 390 -26 -28 0
-385 390 28 26 0
385 390 26 -28 0
385 390 -26 28 0
-387 386 -391 -388 0
387 -386 -391 -388 0
-387 388 -386 -391 0
387 388 386 -391 0
-387 -386 -388 391 0
387 386 -388 391 0
388 386 391 -387 0
387 388 -386 391 0
-391 -390 389 0
390 -391 -389 0
391 -390 -389 0
391 390 389 0
-392 -2 82 -4 0
-392 2 -82 -4 0
-392 4 -82 -2 0
-392 2 82 4 0
392 -4 -82 -2 0
392 2 82 -4 0
392 -2 82 4 0
392 2 -82 4 0
-393 7 -9 -8 0
-393 8 -7 -9 0
-393 9 -7 -8 0
-393 8 9 7 0
393 -8 -9 -7 0
393 7 -9 8 0
393 7 9 -8 0
393 8 9 -7 0
-394 -14 -16 12 0
-394 -12 -16 14 0
-394 -14 16 -12 0
-394 14 16 12 0
394 -12 -16 -14 0
394 14 -16 12 0
394 -14 16 12 0
394 -12 16 14 0
-395 -18 17 -19 0
-395 -17 -19 18 0
-395 19 -18 -17 0
-395 19 17 18 0
395 -17 -19 -18 0
395 -19 18 17 0
395 -18 17 19 0
395 19 -17 18 0
-396 -25 -24 22 0
-396 -25 -22 24 0
-396 25 -22 -24 0
-396 25 22 24 0
396 -25 -22 -24 0
396 -25 24 22 0
396 25 22 -24 0
396 25 -22 24 0
392 -393 -394 -397 0
-392 -394 393 -397 0
-392 394 -397 -393 0
392 394 393 -397 0
-393 -394 397 -392 0
392 -394 393 397 0
392 -393 394 397 0
-392 394 393 397 0
395 -397 -396 0
-397 396 -395 0
397 -396 -395 0
395 397 396 0
-398 -2 83 -6 0
-398 -83 2 -6 0
-398 -83 6 -2 0
-398 6 83 2 0
398 -6 -83 -2 0
398 -6 83 2 0
398 -2 83 6 0
398 -83 2 6 0
-399 7 -11 -10 0
-399 10 -11 -7 0
-399 -7 11 -10 0
-399 7 10 11 0
399 -7 -11 -10 0
7 10 -11 399 0
-10 11 7 399 0
399 10 -7 11 0
-400 -14 -15 13 0
-400 14 -13 -15 0
-400 -14 -13 15 0
-400 15 13 14 0
400 -14 -13 -15 0
400 -15 14 13 0
400 -14 15 13 0
400 14 -13 15 0
-401 -19 -21 18 0
-401 19 -21 -18 0
-401 -18 21 -19 0
-401 19 21 18 0
401 -18 -21 -19 0
19 401 -21 18 0
401 21 18 -19 0
401 19 21 -18 0
-398 -402 23 -399 0
398 -399 -23 -402 0
-398 399 -23 -402 0
398 -402 399 23 0
-398 -399 402 -23 0
398 -399 402 23 0
-398 402 23 399 0
398 399 -23 402 0
400 -402 -401 0
-400 -402 401 0
-400 402 -401 0
400 402 401 0
-403 -3 84 -2 0
-403 -84 2 -3 0
-403 -84 -2 3 0
-403 3 84 2 0
403 -3 -84 -2 0
403 -3 84 2 0
403 3 84 -2 0
403 -84 3 2 0
-404 -7 -11 5 0
-404 -11 -5 7 0
-404 -7 11 -5 0
-404 11 5 7 0
404 -7 -11 -5 0
404 5 -11 7 0
404 11 5 -7 0
404 11 -5 7 0
-405 -15 -16 13 0
-405 -16 -13 15 0
-405 16 -13 -15 0
-405 15 13 16 0
405 -16 -15 -13 0
405 15 13 -16 0
405 -15 13 16 0
405 15 16 -13 0
-406 -19 17 -20 0
-406 -17 -20 19 0
-406 -17 20 -19 0
-406 20 17 19 0
406 -17 -20 -19 0
406 19 17 -20 0
406 -19 20 17 0
406 -17 20 19 0
-407 -27 21 -22 0
-407 -27 -21 22 0
-407 27 -21 -22 0
-407 27 22 21 0
407 -27 -21 -22 0
407 -27 22 21 0
407 27 -22 21 0
407 27 -21 22 0
-403 -408 -404 28 0
403 -408 -404 -28 0
-403 404 -408 -28 0
404 -408 28 403 0
-403 -404 -28 408 0
403 -404 28 408 0
-403 404 28 408 0
403 404 -28 408 0
-405 -406 -407 -408 0
405 -407 406 -408 0
405 407 -406 -408 0
-405 407 406 -408 0
405 408 -407 -406 0
-405 408 -407 406 0
-405 -406 408 407 0
405 408 406 407 0
-30 -409 0
-29 -409 0
409 29 30 0
-31 -410 0
409 -410 0
31 410 -409 0
-32 -411 0
410 -411 0
411 32 -410 0
-33 -412 0
411 -412 0
412 33 -411 0
-34 -413 0
412 -413 0
413 34 -412 0
-414 -35 0
413 -414 0
35 414 -413 0
-415 -36 0
-415 414 0
-414 36 415 0
-416 -37 0
-416 415 0
-415 37 416 0
-417 -38 0
-417 416 0
417 -416 38 0
-418 -39 0
-418 417 0
39 -417 418 0
-419 -40 0
-419 418 0
40 -418 419 0
-420 -41 0
-420 419 0
41 -419 420 0
-421 -42 0
-421 420 0
42 -420 421 0
-422 -43 0
-422 421 0
-423 -44 0
-423 422 0
-424 -45 0
-424 423 0
-425 -46 0
-425 424 0
-426 -47 0
-426 425 0
-427 -48 0
-427 426 0
-428 -49 0
-428 427 0
-429 -50 0
-429 428 0
-430 -51 0
-430 429 0
-431 -52 0
-431 430 0
-432 -53 0
-432 431 0
-433 -54 0
-433 432 0
-434 -55 0
-434 433 0
-435 -56 0
-435 434 0
-436 -57 0
-436 435 0
-437 -58 0
-437 436 0
-438 -59 0
-438 437 0
-439 -60 0
-439 438 0
-440 -61 0
-440 439 0
-441 -62 0
-441 440 0
-442 -63 0
-442 441 0
-443 -64 0
-443 442 0
-444 -65 0
-444 443 0
-445 -66 0
-445 444 0
-446 -67 0
-446 445 0
-447 -68 0
-447 446 0
-448 -69 0
-448 447 0
-449 -70 0
-449 448 0
-450 -71 0
-450 449 0
-451 -72 0
-451 450 0
-452 451 0
-453 452 0
-454 453 0
-455 -76 0
-455 454 0
-456 -77 0
-456 455 0
-458 -29 -30 0
458 29 0
458 -459 0
409 -459 -31 0
-458 -409 459 0
-460 459 0
-460 -32 410 0
-459 460 -410 0
-461 460 0
411 -33 -461 0
-460 461 33 0
-462 461 0
-462 -34 412 0
462 -461 -412 0
-461 462 34 0
-463 462 0
413 -463 -35 0
-462 -413 463 0
35 -462 463 0
463 -464 0
-464 414 -36 0
-463 464 -414 0
-463 464 36 0
464 -465 0
-465 -37 415 0
-464 465 -415 0
-464 465 37 0
465 -466 0
-466 -38 416 0
466 -416 -465 0
-465 466 38 0
466 -467 0
-467 -39 417 0
-417 467 -466 0
467 -466 39 0
-468 467 0
-468 -40 418 0
-418 468 -467 0
468 -467 40 0
-469 468 0
-469 -41 419 0
-468 -419 469 0
-468 469 41 0
-470 469 0
-470 -42 420 0
-469 -420 470 0
-469 470 42 0
-471 470 0
-471 -43 421 0
471 -470 -421 0
-470 471 43 0
-472 471 0
-472 -44 422 0
472 -471 44 0
-473 472 0
-473 -45 423 0
473 -472 45 0
-474 473 0
-474 -46 424 0
-473 -424 474 0
-475 474 0
-475 -47 425 0
-474 -425 475 0
-476 475 0
-476 -48 426 0
-475 -426 476 0
-475 476 48 0
-477 476 0
-477 -49 427 0
-476 477 49 0
-478 477 0
-478 -50 428 0
-477 -428 478 0
-477 478 50 0
-479 478 0
-479 -51 429 0
-478 479 51 0
-480 479 0
-480 -52 430 0
-479 480 52 0
-481 480 0
-481 -53 431 0
-480 481 53 0
-482 481 0
-482 -54 432 0
-481 482 54 0
-483 482 0
-483 -55 433 0
-482 483 55 0
-484 483 0
-484 -56 434 0
-483 484 56 0
-485 484 0
-485 -57 435 0
-484 485 57 0
-486 485 0
-486 -58 436 0
-485 486 58 0
-487 486 0
-487 -59 437 0
-488 487 0
-488 -60 438 0
-489 488 0
-489 -61 439 0
-490 489 0
-490 -62 440 0
-491 490 0
-491 -63 441 0
-492 491 0
-492 -64 442 0
-493 492 0
-493 -65 443 0
-494 493 0
-494 -66 444 0
-495 494 0
-495 -67 445 0
-496 495 0
-496 -68 446 0
-497 496 0
-497 -69 447 0
-498 497 0
-498 -70 448 0
-499 498 0
-499 -71 449 0
-500 499 0
-500 -72 450 0
-501 500 0
-501 -73 451 0
-502 501 0
-503 502 0
-503 -75 453 0
-504 503 0
-504 -76 454 0
-505 504 0
-505 -77 455 0
-506 505 0
-506 -78 456 0
-507 506 0
-508 458 -31 0
508 31 0
508 -458 0
-509 508 0
-32 -509 459 0
509 -459 -508 0
509 -510 0
-33 -510 460 0
510 -460 -509 0
510 -511 0
-511 -34 461 0
511 -461 -510 0
511 -512 0
462 -512 -35 0
512 -511 -462 0
512 35 -511 0
512 -513 0
463 -513 -36 0
513 -463 -512 0
513 -512 36 0
513 -514 0
464 -514 -37 0
514 -513 -464 0
514 -513 37 0
514 -515 0
465 -515 -38 0
515 -514 -465 0
515 -514 38 0
515 -516 0
466 -516 -39 0
516 -515 -466 0
516 -515 39 0
516 -517 0
-517 467 -40 0
517 -516 -467 0
517 -516 40 0
517 -518 0
-518 468 -41 0
518 -517 -468 0
518 -517 41 0
-519 518 0
-519 469 -42 0
519 -469 -518 0
519 -518 42 0
-520 519 0
-520 470 -43 0
520 -519 -470 0
520 -519 43 0
-521 520 0
-521 471 -44 0
521 -520 -471 0
521 -520 44 0
-522 521 0
-522 472 -45 0
522 -521 -472 0
522 -521 45 0
522 -523 0
-523 473 -46 0
523 -522 -473 0
-524 523 0
-524 474 -47 0
524 -474 -523 0
-525 524 0
-525 475 -48 0
525 -475 -524 0
525 -524 48 0
525 -526 0
-526 476 -49 0
-476 526 -525 0
-525 526 49 0
-527 526 0
-527 477 -50 0
527 -477 -526 0
527 -526 50 0
-528 527 0
-528 478 -51 0
-478 528 -527 0
-527 528 51 0
-529 528 0
-529 479 -52 0
529 -528 -479 0
-528 529 52 0
-530 529 0
-530 480 -53 0
-480 530 -529 0
-529 530 53 0
-531 530 0
-531 481 -54 0
531 -530 -481 0
-530 531 54 0
-532 531 0
-532 482 -55 0
-482 532 -531 0
-531 532 55 0
-533 532 0
-533 483 -56 0
533 -532 -483 0
-532 533 56 0
-534 533 0
-534 484 -57 0
-484 534 -533 0
-533 534 57 0
-535 534 0
-535 485 -58 0
535 -534 -485 0
-534 535 58 0
-536 535 0
-536 486 -59 0
-486 536 -535 0
-535 536 59 0
-537 536 0
-537 487 -60 0
537 -536 -487 0
-538 537 0
-538 488 -61 0
-488 538 -537 0
-539 538 0
-539 489 -62 0
539 -538 -489 0
-538 539 62 0
-540 539 0
-540 490 -63 0
-490 540 -539 0
-539 540 63 0
-541 540 0
-541 491 -64 0
541 -540 -491 0
-540 541 64 0
-542 541 0
-542 492 -65 0
-492 542 -541 0
-541 542 65 0
-543 542 0
-543 493 -66 0
543 -542 -493 0
-542 543 66 0
-544 543 0
-544 494 -67 0
-494 544 -543 0
-543 544 67 0
-545 544 0
-545 495 -68 0
545 -544 -495 0
-544 545 68 0
-546 545 0
-546 496 -69 0
-545 546 69 0
-547 546 0
-547 497 -70 0
-548 547 0
-548 498 -71 0
-549 548 0
-549 499 -72 0
-550 549 0
-550 500 -73 0
-551 550 0
-551 501 -74 0
-552 551 0
-552 502 -75 0
-553 552 0
-553 503 -76 0
-554 553 0
-554 504 -77 0
-555 554 0
-555 505 -78 0
-556 555 0
-556 506 -79 0
-557 556 0
-557 507 -80 0
-558 508 -32 0
558 -508 0
558 -559 0
509 -33 -559 0
559 -509 -558 0
-560 559 0
510 -560 -34 0
560 -510 -559 0
560 -561 0
511 -561 -35 0
561 -511 -560 0
561 35 -560 0
561 -562 0
512 -562 -36 0
562 -561 -512 0
562 -563 0
513 -563 -37 0
563 -562 -513 0
563 -562 37 0
563 -564 0
514 -564 -38 0
564 -563 -514 0
564 -565 0
515 -565 -39 0
565 -564 -515 0
565 -564 39 0
565 -566 0
-566 516 -40 0
566 -565 -516 0
566 -565 40 0
-567 566 0
-567 517 -41 0
567 -566 -517 0
567 -566 41 0
-568 567 0
-568 518 -42 0
568 -567 -518 0
568 -567 42 0
-569 568 0
-569 519 -43 0
-519 569 -568 0
569 -568 43 0
-570 569 0
-570 520 -44 0
-520 570 -569 0
570 -569 44 0
-571 570 0
-571 521 -45 0
-521 571 -570 0
571 -570 45 0
571 -572 0
-572 522 -46 0
572 -522 -571 0
572 -571 46 0
-573 572 0
-573 523 -47 0
573 -523 -572 0
573 -572 47 0
-574 573 0
-574 524 -48 0
574 -524 -573 0
574 -573 48 0
-575 574 0
-575 525 -49 0
-525 575 -574 0
575 -574 49 0
-576 575 0
-576 526 -50 0
576 -575 -526 0
-575 576 50 0
-577 576 0
-577 527 -51 0
-527 -576 577 0
-576 577 51 0
-578 577 0
-578 528 -52 0
-528 -577 578 0
-577 578 52 0
-579 578 0
-579 529 -53 0
-529 -578 579 0
-578 579 53 0
-580 579 0
-580 530 -54 0
-530 -579 580 0
-579 580 54 0
-581 580 0
-581 531 -55 0
-531 -580 581 0
-580 581 55 0
-582 581 0
-582 532 -56 0
-532 -581 582 0
-581 582 56 0
-583 582 0
-583 533 -57 0
-533 -582 583 0
-582 583 57 0
-584 583 0
-584 534 -58 0
-534 -583 584 0
-583 584 58 0
-585 584 0
-585 535 -59 0
-535 -584 585 0
-584 585 59 0
-586 585 0
-586 536 -60 0
-536 -585 586 0
-587 586 0
-587 537 -61 0
-537 -586 587 0
-588 587 0
-588 538 -62 0
-538 -587 588 0
-587 588 62 0
-589 588 0
-589 539 -63 0
-539 -588 589 0
-590 589 0
-590 540 -64 0
-540 -589 590 0
-589 590 64 0
-591 590 0
-591 541 -65 0
-541 -590 591 0
-590 591 65 0
-592 591 0
-592 542 -66 0
-542 -591 592 0
-591 592 66 0
-593 592 0
-593 543 -67 0
-543 -592 593 0
-592 593 67 0
-594 593 0
-594 544 -68 0
-544 -593 594 0
-593 594 68 0
-595 594 0
-595 545 -69 0
-545 -594 595 0
-594 595 69 0
-596 595 0
-596 546 -70 0
-595 596 70 0
-597 596 0
-597 547 -71 0
-596 597 71 0
-598 597 0
-598 548 -72 0
-597 598 72 0
-599 598 0
-599 549 -73 0
-598 599 73 0
-600 599 0
-600 550 -74 0
-601 600 0
-601 551 -75 0
-602 601 0
-602 552 -76 0
-603 602 0
-603 553 -77 0
-604 603 0
-604 554 -78 0
-605 604 0
-605 555 -79 0
605 -606 0
-606 556 -80 0
-607 606 0
-607 557 -81 0
558 -33 -608 0
608 33 0
608 -558 0
608 -609 0
559 -34 -609 0
609 -559 -608 0
609 -610 0
560 -610 -35 0
610 -560 -609 0
610 -611 0
561 -611 -36 0
611 -561 -610 0
611 -612 0
562 -612 -37 0
612 -562 -611 0
-613 612 0
563 -613 -38 0
613 -563 -612 0
613 -614 0
564 -614 -39 0
614 -564 -613 0
614 -615 0
565 -615 -40 0
615 -565 -614 0
615 -614 40 0
615 -616 0
566 -616 -41 0
616 -566 -615 0
616 -617 0
-617 567 -42 0
-567 617 -616 0
617 -616 42 0
-618 617 0
-618 568 -43 0
-568 618 -617 0
618 -617 43 0
-619 618 0
569 -619 -44 0
-569 619 -618 0
619 -618 44 0
619 -620 0
570 -620 -45 0
-570 620 -619 0
620 -619 45 0
620 -621 0
-621 571 -46 0
621 -571 -620 0
621 -622 0
572 -622 -47 0
622 -572 -621 0
-623 622 0
-623 573 -48 0
623 -573 -622 0
623 -622 48 0
-624 623 0
-624 574 -49 0
624 -574 -623 0
624 -623 49 0
624 -625 0
575 -625 -50 0
625 -575 -624 0
625 -626 0
-626 576 -51 0
-576 626 -625 0
-627 626 0
-627 577 -52 0
-626 -577 627 0
-626 627 52 0
-628 627 0
-628 578 -53 0
-627 -578 628 0
-627 628 53 0
-629 628 0
-629 579 -54 0
-579 629 -628 0
-628 629 54 0
-630 629 0
-630 580 -55 0
-629 -580 630 0
-629 630 55 0
-631 630 0
-631 581 -56 0
-630 -581 631 0
-630 631 56 0
631 -632 0
582 -632 -57 0
-631 -582 632 0
-631 632 57 0
-633 632 0
-633 583 -58 0
-583 633 -632 0
633 -632 58 0
-634 633 0
-634 584 -59 0
-633 -584 634 0
-633 634 59 0
-635 634 0
-635 585 -60 0
-634 -585 635 0
-634 635 60 0
635 -636 0
-636 586 -61 0
-635 -586 636 0
-635 636 61 0
-637 636 0
-637 587 -62 0
-636 -587 637 0
-638 637 0
-638 588 -63 0
-637 -588 638 0
-639 638 0
-639 589 -64 0
-638 -589 639 0
639 -640 0
590 -640 -65 0
-639 -590 640 0
-641 640 0
-641 591 -66 0
-591 641 -640 0
641 -640 66 0
641 -642 0
592 -642 -67 0
-641 -592 642 0
-641 642 67 0
-643 642 0
-643 593 -68 0
-593 643 -642 0
643 -642 68 0
643 -644 0
594 -644 -69 0
-643 -594 644 0
-643 644 69 0
-645 644 0
-645 595 -70 0
-595 645 -644 0
645 -644 70 0
-646 645 0
-646 596 -71 0
-596 646 -645 0
-645 646 71 0
-647 646 0
-647 597 -72 0
-646 -597 647 0
-646 647 72 0
-648 647 0
-648 598 -73 0
-647 -598 648 0
-647 648 73 0
-649 648 0
-649 599 -74 0
-648 -599 649 0
-648 649 74 0
649 -650 0
-650 600 -75 0
-649 -600 650 0
-649 650 75 0
-651 650 0
601 -651 -76 0
-650 -601 651 0
-650 651 76 0
-652 651 0
602 -652 -77 0
-602 652 -651 0
652 -651 77 0
-653 652 0
-653 603 -78 0
-652 -603 653 0
-652 653 78 0
-654 653 0
-654 604 -79 0
-653 654 79 0
-655 654 0
-655 605 -80 0
-656 655 0
-656 606 -81 0
-657 656 0
-657 607 -82 0
658 -608 0
609 -659 -35 0
-609 -658 659 0
-660 659 0
-610 -659 660 0
-659 36 660 0
-661 660 0
611 -661 -37 0
-611 -660 661 0
-660 37 661 0
-662 661 0
-662 612 -38 0
-612 -661 662 0
38 -661 662 0
-663 662 0
613 -663 -39 0
-613 -662 663 0
39 -662 663 0
-664 663 0
614 -664 -40 0
-614 -663 664 0
-665 664 0
615 -665 -41 0
-615 -664 665 0
41 -664 665 0
-666 665 0
-666 616 -42 0
-616 -665 666 0
-665 42 666 0
-667 666 0
617 -667 -43 0
-617 -666 667 0
-666 43 667 0
-668 667 0
-668 618 -44 0
-618 -667 668 0
-669 668 0
619 -669 -45 0
-619 -668 669 0
-668 45 669 0
-670 669 0
-670 620 -46 0
-620 -669 670 0
46 -669 670 0
-671 670 0
621 -671 -47 0
-621 -670 671 0
47 -670 671 0
-672 671 0
-672 622 -48 0
-622 -671 672 0
-673 672 0
623 -673 -49 0
-623 -672 673 0
49 -672 673 0
-674 673 0
-674 624 -50 0
-624 -673 674 0
50 -673 674 0
-675 674 0
625 -675 -51 0
-625 -674 675 0
51 -674 675 0
-676 675 0
-676 626 -52 0
-626 -675 676 0
-677 676 0
627 -677 -53 0
-676 -627 677 0
-676 53 677 0
-678 677 0
-678 628 -54 0
-628 -677 678 0
54 -677 678 0
-679 678 0
629 -679 -55 0
-678 -629 679 0
-678 55 679 0
-680 679 0
-680 630 -56 0
-630 -679 680 0
-681 680 0
631 -681 -57 0
-680 -631 681 0
-680 57 681 0
-682 681 0
-682 632 -58 0
-632 -681 682 0
58 -681 682 0
-683 682 0
633 -683 -59 0
-682 -633 683 0
-682 59 683 0
-684 683 0
-684 634 -60 0
-685 684 0
635 -685 -61 0
-686 685 0
-686 636 -62 0
-636 -685 686 0
-687 686 0
637 -687 -63 0
-686 -637 687 0
-686 63 687 0
-688 687 0
-688 638 -64 0
-638 -687 688 0
64 -687 688 0
-689 688 0
639 -689 -65 0
-688 -639 689 0
-688 65 689 0
-690 689 0
-690 640 -66 0
-640 -689 690 0
66 -689 690 0
-691 690 0
641 -691 -67 0
-690 -641 691 0
-690 67 691 0
-692 691 0
-692 642 -68 0
-642 -691 692 0
68 -691 692 0
-693 692 0
643 -693 -69 0
-692 -643 693 0
-692 69 693 0
-694 693 0
-694 644 -70 0
-644 -693 694 0
70 -693 694 0
-695 694 0
645 -695 -71 0
-694 -645 695 0
-694 71 695 0
-696 695 0
-696 646 -72 0
-646 -695 696 0
72 -695 696 0
-697 696 0
647 -697 -73 0
-696 73 697 0
-698 697 0
-698 648 -74 0
74 -697 698 0
-699 698 0
649 -699 -75 0
-698 75 699 0
-700 699 0
-700 -76 650 0
76 -699 700 0
-701 700 0
651 -701 -77 0
-700 -651 701 0
-700 77 701 0
-702 701 0
-702 652 -78 0
-652 -701 702 0
78 -701 702 0
-703 702 0
653 -703 -79 0
-702 79 703 0
-704 703 0
-704 654 -80 0
-705 704 0
-705 655 -81 0
-706 705 0
-706 -82 656 0
-707 706 0
-707 -83 657 0
-36 659 -709 0
709 -710 0
-37 660 -710 0
710 -711 0
-38 661 -711 0
711 -712 0
-39 662 -712 0
712 -713 0
-40 663 -713 0
713 -714 0
-41 664 -714 0
714 -715 0
-42 665 -715 0
715 -716 0
-43 666 -716 0
716 -717 0
-44 667 -717 0
717 -718 0
-45 668 -718 0
718 -719 0
-46 669 -719 0
719 -720 0
-47 670 -720 0
720 -721 0
-48 671 -721 0
721 -722 0
-49 672 -722 0
722 -723 0
-50 673 -723 0
723 -724 0
-51 674 -724 0
724 -725 0
-52 675 -725 0
725 -726 0
-53 676 -726 0
726 -727 0
-54 677 -727 0
727 -728 0
-55 678 -728 0
728 -729 0
-56 679 -729 0
729 -730 0
-57 680 -730 0
730 -731 0
-58 681 -731 0
731 -732 0
-59 682 -732 0
732 -733 0
-60 683 -733 0
733 -734 0
-61 684 -734 0
734 -735 0
-62 685 -735 0
735 -736 0
-63 686 -736 0
736 -737 0
-64 687 -737 0
737 -738 0
-65 688 -738 0
738 -739 0
-66 689 -739 0
739 -740 0
-67 690 -740 0
740 -741 0
-68 691 -741 0
741 -742 0
-69 692 -742 0
742 -743 0
-70 693 -743 0
743 -744 0
-71 694 -744 0
744 -745 0
-72 695 -745 0
745 -746 0
-73 696 -746 0
746 -747 0
-74 697 -747 0
747 -748 0
-75 698 -748 0
748 -749 0
-76 699 -749 0
749 -750 0
-77 700 -750 0
750 -751 0
-78 701 -751 0
751 -752 0
-79 702 -752 0
752 -753 0
-80 703 -753 0
753 -754 0
-81 704 -754 0
754 -755 0
-82 705 -755 0
755 -756 0
-83 706 -756 0
756 -757 0
-84 707 -757 0
757 0
