p cnf 760 4015
-85 -6 29 -1 0
-85 1 -29 -6 0
-85 6 -29 -1 0
-85 29 1 6 0
85 -6 -29 -1 0
85 -6 1 29 0
85 29 6 -1 0
85 6 -29 1 0
-86 7 -9 -8 0
-86 -7 8 -9 0
-86 -7 9 -8 0
-86 8 7 9 0
-7 -9 -8 86 0
86 8 7 -9 0
86 9 -8 7 0
-7 86 9 8 0
-87 -15 10 -14 0
-87 14 -10 -15 0
-87 -14 15 -10 0
-87 14 10 15 0
87 -15 -10 -14 0
87 14 10 -15 0
87 -14 15 10 0
87 14 -10 15 0
-88 -17 16 -18 0
-88 17 -18 -16 0
-88 -16 -17 18 0
-88 18 16 17 0
88 -18 -17 -16 0
88 17 16 -18 0
88 18 16 -17 0
88 -16 18 17 0
-89 -23 20 -22 0
-89 -23 -20 22 0
-89 -20 -22 23 0
-89 22 20 23 0
89 -20 -22 -23 0
89 -23 20 22 0
89 23 -22 20 0
89 22 23 -20 0
-90 -28 24 -27 0
-90 27 -24 -28 0
-90 28 -27 -24 0
-90 24 27 28 0
90 -28 -27 -24 0
90 24 27 -28 0
90 24 -27 28 0
90 28 -24 27 0
85 -87 -91 -86 0
-85 -87 86 -91 0
-85 87 -86 -91 0
85 87 -91 86 0
-85 -87 91 -86 0
85 91 86 -87 0
85 87 91 -86 0
-85 91 86 87 0
88 -90 -89 -91 0
-88 -90 89 -91 0
-91 90 -89 -88 0
-91 90 89 88 0
-88 91 -89 -90 0
88 -90 89 91 0
88 91 -89 90 0
-88 91 89 90 0
-92 -4 30 -6 0
-92 -6 -30 4 0
-92 6 -30 -4 0
-92 30 6 4 0
92 -6 -30 -4 0
92 -6 4 30 0
92 -4 30 6 0
92 6 -30 4 0
-93 -15 12 -14 0
-93 14 -12 -15 0
-93 -14 15 -12 0
-93 14 12 15 0
93 -12 -14 -15 0
93 -15 12 14 0
93 -14 12 15 0
93 14 15 -12 0
-94 -19 -17 16 0
-94 -16 -19 17 0
-94 -16 19 -17 0
-94 19 16 17 0
-16 -19 94 -17 0
94 17 16 -19 0
94 -17 16 19 0
94 17 19 -16 0
-95 -23 20 -22 0
-95 -23 -20 22 0
-95 -20 -22 23 0
-95 22 20 23 0
95 -20 -22 -23 0
95 -23 20 22 0
95 23 -22 20 0
95 22 23 -20 0
-96 24 -25 -26 0
-96 -26 -24 25 0
-96 -24 26 -25 0
-96 24 26 25 0
96 -26 -24 -25 0
96 25 -26 24 0
96 24 26 -25 0
96 -24 26 25 0
92 -94 -97 -93 0
-92 -94 93 -97 0
-93 -97 94 -92 0
92 -97 93 94 0
-92 -94 97 -93 0
92 -94 93 97 0
92 97 94 -93 0
93 97 94 -92 0
-96 -97 95 0
96 -97 -95 0
-96 97 -95 0
96 97 95 0
-98 31 -1 -2 0
-98 1 -31 -2 0
-98 2 -31 -1 0
-98 2 1 31 0
98 -2 -31 -1 0
98 31 -2 1 0
98 31 -1 2 0
98 1 -31 2 0
-99 -15 7 -8 0
-99 -15 8 -7 0
-99 -7 -8 15 0
-99 7 15 8 0
99 -15 -8 -7 0
99 -15 7 8 0
99 7 15 -8 0
8 -7 15 99 0
-100 -19 18 -22 0
-100 -18 19 -22 0
-100 -18 22 -19 0
-100 22 18 19 0
-22 -18 -19 100 0
100 -22 19 18 0
22 100 18 -19 0
22 100 19 -18 0
-24 -25 -101 23 0
24 -25 -101 -23 0
-23 25 -101 -24 0
24 25 23 -101 0
101 -25 -24 -23 0
101 24 -25 23 0
101 25 -24 23 0
101 -23 24 25 0
-98 -28 -102 26 0
-98 28 -102 -26 0
98 -26 -102 -28 0
98 26 -102 28 0
102 -98 -28 -26 0
102 -98 28 26 0
102 98 -28 26 0
102 98 28 -26 0
-99 -100 -102 -101 0
99 100 -101 -102 0
99 101 -102 -100 0
-99 101 100 -102 0
102 99 -101 -100 0
-99 102 100 -101 0
-99 101 -100 102 0
99 101 100 102 0
-103 32 -3 -1 0
-103 1 -32 -3 0
-103 -1 -32 3 0
-103 32 3 1 0
103 -1 -32 -3 0
103 32 -3 1 0
103 32 3 -1 0
103 3 -32 1 0
-104 -5 -7 4 0
-104 -4 -7 5 0
-104 7 -4 -5 0
-104 7 4 5 0
104 -7 -4 -5 0
104 5 -7 4 0
104 7 4 -5 0
104 7 5 -4 0
-105 8 -13 -14 0
-105 13 -8 -14 0
-105 -13 -8 14 0
-105 14 8 13 0
105 -13 -8 -14 0
105 -14 8 13 0
105 8 -13 14 0
105 14 -8 13 0
-106 -21 -19 18 0
-106 -21 -18 19 0
-106 21 -18 -19 0
-106 21 18 19 0
106 -21 -18 -19 0
106 -21 18 19 0
106 21 -19 18 0
106 21 19 -18 0
-107 -26 23 -24 0
-107 24 -26 -23 0
-107 -24 26 -23 0
-107 24 26 23 0
107 -26 -24 -23 0
107 24 -26 23 0
107 -24 26 23 0
107 24 26 -23 0
-103 -104 28 -108 0
-108 -104 -28 103 0
-103 104 -28 -108 0
-108 103 28 104 0
-103 108 -104 -28 0
108 -104 103 28 0
-103 108 28 104 0
108 104 -28 103 0
-106 -107 -105 -108 0
-108 -107 105 106 0
-106 107 105 -108 0
-108 107 -105 106 0
108 -106 105 -107 0
108 -107 -105 106 0
-106 107 -105 108 0
108 107 105 106 0
-109 33 -1 -2 0
-109 -33 -2 1 0
-109 -33 -1 2 0
-109 2 1 33 0
109 -33 -1 -2 0
109 33 -2 1 0
109 33 -1 2 0
109 -33 1 2 0
-110 -13 9 -11 0
-110 -13 -9 11 0
-110 -9 13 -11 0
-110 11 9 13 0
110 -13 -9 -11 0
110 -13 9 11 0
110 -11 9 13 0
110 -9 13 11 0
-111 -16 -17 15 0
-111 -15 -17 16 0
-111 -15 17 -16 0
-111 17 15 16 0
-15 -17 111 -16 0
15 -17 111 16 0
111 -16 15 17 0
-15 17 111 16 0
-112 20 -24 -23 0
-112 -20 -24 23 0
-112 24 -20 -23 0
-112 24 23 20 0
112 -20 -24 -23 0
112 -24 23 20 0
112 24 20 -23 0
112 24 23 -20 0
-113 -109 25 -27 0
-109 -113 -25 27 0
109 -113 -27 -25 0
109 -113 27 25 0
113 -109 -27 -25 0
113 -109 27 25 0
109 113 25 -27 0
109 113 27 -25 0
110 -111 -112 -113 0
-110 -113 111 -112 0
-110 -113 112 -111 0
110 -113 112 111 0
-110 113 -112 -111 0
110 -112 111 113 0
110 113 112 -111 0
-110 113 112 111 0
-114 34 -3 -2 0
-114 2 -34 -3 0
-114 -34 3 -2 0
-114 34 3 2 0
-2 -34 -3 114 0
114 2 -3 34 0
114 34 -2 3 0
114 -34 3 2 0
-6 -115 5 -10 0
-115 6 -5 -10 0
-6 -115 -5 10 0
-115 10 5 6 0
115 -6 -10 -5 0
115 6 5 -10 0
115 -6 5 10 0
115 10 -5 6 0
-116 -15 11 -12 0
-116 -15 12 -11 0
-116 -12 15 -11 0
-116 12 11 15 0
116 -15 -12 -11 0
116 -15 11 12 0
116 11 15 -12 0
116 12 15 -11 0
-117 -22 16 -18 0
-117 -16 -22 18 0
-16 -117 22 -18 0
-117 22 16 18 0
117 -16 -22 -18 0
117 18 16 -22 0
117 22 16 -18 0
117 -16 22 18 0
-118 -26 23 -24 0
-118 24 -26 -23 0
-118 -24 26 -23 0
-118 24 26 23 0
118 -26 -24 -23 0
118 -26 23 24 0
118 -24 23 26 0
118 24 26 -23 0
-119 -114 27 -115 0
-119 114 -27 -115 0
115 -114 -27 -119 0
115 114 27 -119 0
119 -115 -114 -27 0
119 114 27 -115 0
115 -114 27 119 0
119 115 114 -27 0
-116 -119 -118 -117 0
-119 117 -118 116 0
116 -119 118 -117 0
-116 117 118 -119 0
116 119 -117 -118 0
-116 117 -118 119 0
-116 -117 118 119 0
116 117 118 119 0
-120 -4 35 -2 0
-120 2 -35 -4 0
-120 -2 -35 4 0
-120 2 4 35 0
120 -4 -35 -2 0
120 2 35 -4 0
120 35 -2 4 0
120 -35 4 2 0
-121 5 -8 -7 0
-121 7 -8 -5 0
-121 8 -5 -7 0
-121 8 5 7 0
121 -7 -8 -5 0
121 5 -8 7 0
121 8 5 -7 0
121 8 7 -5 0
-122 -12 -13 11 0
-122 12 -13 -11 0
-122 -12 -11 13 0
-122 11 13 12 0
122 -12 -11 -13 0
122 12 -13 11 0
122 -12 11 13 0
122 12 13 -11 0
-123 -19 -17 16 0
-123 -19 17 -16 0
-123 -16 19 -17 0
-123 19 16 17 0
123 -19 -16 -17 0
123 -19 16 17 0
123 -17 16 19 0
123 17 19 -16 0
-124 -21 -22 20 0
-124 21 -20 -22 0
-124 -21 22 -20 0
-124 21 20 22 0
124 -21 -22 -20 0
124 21 -22 20 0
124 -21 20 22 0
124 21 -20 22 0
-120 -125 25 -28 0
-120 -125 -25 28 0
120 -125 -28 -25 0
120 -125 28 25 0
-120 125 -28 -25 0
125 -120 28 25 0
120 125 25 -28 0
120 125 28 -25 0
-122 121 -123 -126 0
122 -126 -121 -123 0
-122 -126 -121 123 0
121 -126 123 122 0
-122 126 -121 -123 0
121 122 -123 126 0
121 126 123 -122 0
122 -121 123 126 0
-124 -125 -126 0
-126 124 125 0
-125 126 124 0
-124 126 125 0
-127 -3 36 -1 0
-127 1 36 3 0
127 -3 36 1 0
127 3 36 -1 0
127 3 -36 1 0
-6 -5 4 -128 0
-6 -4 5 -128 0
-128 -4 -5 6 0
6 5 -128 4 0
-6 128 -5 -4 0
-6 128 4 5 0
128 6 4 -5 0
128 6 5 -4 0
-129 -9 7 -8 0
-129 8 -9 -7 0
-129 -7 9 -8 0
-129 8 7 9 0
129 -7 -9 -8 0
129 8 7 -9 0
129 9 -8 7 0
129 -7 9 8 0
-130 -15 12 -14 0
-130 14 -12 -15 0
-130 -14 15 -12 0
-130 14 12 15 0
130 -12 -14 -15 0
130 -15 12 14 0
130 -14 12 15 0
130 14 15 -12 0
-131 -17 16 -18 0
-131 17 -18 -16 0
-131 -16 -17 18 0
-131 18 16 17 0
131 -18 -17 -16 0
131 17 16 -18 0
131 18 16 -17 0
131 -16 18 17 0
-132 -21 19 -20 0
-132 -21 -19 20 0
-132 21 -20 -19 0
-132 21 19 20 0
132 -21 -19 -20 0
132 -21 20 19 0
132 21 19 -20 0
132 21 -19 20 0
-133 22 -27 -23 0
-133 -27 -22 23 0
-133 27 -22 -23 0
-133 22 27 23 0
133 -27 -22 -23 0
133 22 -27 23 0
133 22 27 -23 0
133 27 -22 23 0
-129 -134 127 -128 0
-127 -129 128 -134 0
-127 -134 -128 129 0
-134 129 127 128 0
-127 134 -129 -128 0
-129 128 127 134 0
129 127 -128 134 0
-127 134 128 129 0
-135 -131 130 -132 0
-135 131 -130 -132 0
132 -135 -130 -131 0
132 -135 130 131 0
-132 135 -130 -131 0
-132 135 130 131 0
135 -131 130 132 0
135 131 -130 132 0
-134 -135 -133 0
134 -135 133 0
135 -134 133 0
134 135 -133 0
-136 -3 37 -1 0
-136 1 -37 -3 0
-136 3 -37 -1 0
-136 1 37 3 0
136 -1 -37 -3 0
136 -3 37 1 0
136 3 37 -1 0
136 3 -37 1 0
-137 -6 4 -9 0
-137 -4 6 -9 0
-137 -4 9 -6 0
-137 6 9 4 0
137 -6 -9 -4 0
137 6 -9 4 0
-6 9 4 137 0
137 -4 9 6 0
-138 -22 16 -19 0
-138 -16 19 -22 0
-138 -16 22 -19 0
-138 22 16 19 0
138 -16 -19 -22 0
138 -22 16 19 0
138 22 -19 16 0
138 22 19 -16 0
-136 -139 -25 23 0
-136 -139 25 -23 0
-139 136 -25 -23 0
-139 136 23 25 0
-136 139 -23 -25 0
-136 139 23 25 0
136 139 -25 23 0
136 139 25 -23 0
-137 -138 -139 0
137 138 -139 0
137 139 -138 0
-137 139 138 0
-140 -1 38 -2 0
-140 -2 -38 1 0
2 -1 -38 -140 0
-140 1 38 2 0
140 -1 -38 -2 0
140 -2 38 1 0
140 -1 38 2 0
140 2 -38 1 0
-141 -4 -5 3 0
-141 -3 4 -5 0
-141 5 -3 -4 0
3 -141 4 5 0
141 -4 -5 -3 0
141 3 -5 4 0
141 -4 5 3 0
141 5 -3 4 0
-142 6 -9 -7 0
-142 -6 7 -9 0
-142 -6 -7 9 0
-142 7 6 9 0
142 -6 -7 -9 0
142 7 6 -9 0
142 -7 9 6 0
142 -6 7 9 0
-143 -15 12 -13 0
-143 -15 -12 13 0
-143 -12 15 -13 0
-143 12 13 15 0
143 -15 -12 -13 0
143 -15 12 13 0
143 12 -13 15 0
143 -12 13 15 0
-144 -20 16 -17 0
-144 -16 -20 17 0
-144 20 -17 -16 0
-144 17 16 20 0
-16 -20 -17 144 0
144 -20 16 17 0
20 -17 16 144 0
144 17 20 -16 0
-140 24 -145 -141 0
140 -24 -141 -145 0
-140 141 -24 -145 0
24 -145 141 140 0
-140 145 -24 -141 0
140 24 -141 145 0
-140 24 141 145 0
145 141 -24 140 0
-143 142 -144 -145 0
-142 143 -145 -144 0
-142 144 -145 -143 0
142 144 -145 143 0
-143 -142 145 -144 0
142 -144 145 143 0
-143 142 144 145 0
-142 145 144 143 0
-146 -7 39 -5 0
-146 -39 -7 5 0
-146 -5 -39 7 0
-146 5 39 7 0
146 -39 -7 -5 0
146 -7 39 5 0
146 7 -5 39 0
146 -39 7 5 0
-147 8 -10 -9 0
-147 9 -8 -10 0
-147 -9 -8 10 0
-147 10 9 8 0
147 -9 -8 -10 0
-10 8 9 147 0
8 10 -9 147 0
10 9 -8 147 0
-14 -148 -16 12 0
-12 14 -148 -16 0
-12 -148 16 -14 0
14 -148 16 12 0
148 -12 -14 -16 0
148 -16 12 14 0
148 -14 16 12 0
148 14 -12 16 0
-149 -20 18 -22 0
-149 -18 20 -22 0
-149 -18 22 -20 0
-149 20 18 22 0
-20 149 -22 -18 0
149 20 18 -22 0
149 22 18 -20 0
22 -18 20 149 0
-150 -146 27 -28 0
-150 -146 -27 28 0
146 -150 -27 -28 0
146 -150 27 28 0
-146 150 -27 -28 0
-146 150 28 27 0
146 150 27 -28 0
146 150 28 -27 0
-150 -149 -147 -148 0
-150 -149 147 148 0
-150 149 147 -148 0
148 -147 149 -150 0
-149 -148 147 150 0
150 148 -147 -149 0
-147 150 149 -148 0
148 150 149 147 0
-151 -1 40 -2 0
-151 -2 -40 1 0
-151 2 -40 -1 0
-151 1 40 2 0
-2 -1 -40 151 0
151 -2 40 1 0
151 -1 40 2 0
2 1 -40 151 0
-152 -4 -5 3 0
-152 -3 4 -5 0
-152 5 -3 -4 0
-152 3 4 5 0
152 -4 -5 -3 0
152 3 -5 4 0
152 -4 5 3 0
152 -3 4 5 0
-153 6 -9 -7 0
-153 -6 7 -9 0
-153 -6 -7 9 0
-153 7 6 9 0
-6 -7 153 -9 0
7 6 153 -9 0
153 -7 9 6 0
-6 7 153 9 0
-154 12 -14 -13 0
-154 -12 13 -14 0
-154 -12 14 -13 0
-154 12 13 14 0
154 -12 -14 -13 0
154 -14 13 12 0
154 14 12 -13 0
154 -12 13 14 0
-155 -17 16 -18 0
-155 17 -18 -16 0
-155 -16 -17 18 0
-155 18 16 17 0
155 -18 -17 -16 0
155 17 16 -18 0
155 18 16 -17 0
155 -16 18 17 0
-156 -20 19 -23 0
-156 -23 20 -19 0
-156 -20 -19 23 0
-156 23 19 20 0
156 -20 -19 -23 0
156 -23 20 19 0
156 -20 19 23 0
156 -19 23 20 0
-157 -28 -27 25 0
-157 27 -25 -28 0
-157 28 -27 -25 0
-157 28 25 27 0
157 -28 -25 -27 0
157 27 25 -28 0
157 28 -27 25 0
157 27 28 -25 0
-153 -158 -152 151 0
-158 -153 -151 152 0
-151 -158 -152 153 0
151 -158 152 153 0
-153 -151 -152 158 0
152 -153 158 151 0
151 -152 153 158 0
-151 152 158 153 0
-159 -155 154 -156 0
-154 -159 -156 155 0
-154 -159 -155 156 0
-159 154 156 155 0
-154 159 -155 -156 0
159 -156 154 155 0
159 154 156 -155 0
-154 159 156 155 0
-159 157 -158 0
-159 -157 158 0
159 -158 -157 0
159 157 158 0
-160 -1 41 -2 0
-160 -2 -41 1 0
-160 2 -41 -1 0
-160 1 41 2 0
-2 -1 -41 160 0
160 -2 41 1 0
160 -1 41 2 0
2 1 -41 160 0
-161 -4 -5 3 0
-161 -3 4 -5 0
-161 -4 -3 5 0
-161 3 4 5 0
-4 161 -5 -3 0
161 3 -5 4 0
-4 5 161 3 0
5 -3 4 161 0
-162 6 -9 -11 0
-162 -6 -11 9 0
-162 -6 11 -9 0
-162 6 9 11 0
162 -6 -11 -9 0
162 6 9 -11 0
162 6 11 -9 0
162 -6 11 9 0
-163 -15 -13 12 0
-163 -15 -12 13 0
-163 -12 15 -13 0
-163 12 13 15 0
163 -15 -12 -13 0
163 -15 12 13 0
163 12 -13 15 0
163 -12 13 15 0
-164 -17 16 -18 0
-164 17 -18 -16 0
-164 -16 -17 18 0
-164 18 16 17 0
164 -18 -17 -16 0
164 17 16 -18 0
164 18 16 -17 0
164 -16 18 17 0
-165 -25 20 -23 0
-165 -20 23 -25 0
-165 -20 25 -23 0
-165 20 23 25 0
165 -23 -20 -25 0
165 -25 20 23 0
165 -23 25 20 0
165 25 23 -20 0
-160 27 -166 -161 0
160 -161 -27 -166 0
-160 -27 161 -166 0
160 27 161 -166 0
-160 166 -27 -161 0
160 166 27 -161 0
166 27 161 -160 0
160 166 -27 161 0
162 -163 -164 -167 0
-162 -167 163 -164 0
-162 -167 164 -163 0
162 164 163 -167 0
-162 -164 167 -163 0
162 -164 163 167 0
162 -163 164 167 0
-162 164 163 167 0
-167 -165 -166 0
-167 166 165 0
167 165 -166 0
166 167 -165 0
-168 42 -3 -1 0
-168 -42 1 -3 0
-168 -42 3 -1 0
-168 42 1 3 0
168 -42 -3 -1 0
168 42 1 -3 0
168 42 3 -1 0
168 -42 3 1 0
-169 8 -13 -12 0
-169 -13 -8 12 0
-169 -12 -8 13 0
-169 8 12 13 0
169 -13 -8 -12 0
169 8 -13 12 0
169 8 13 -12 0
169 12 -8 13 0
-170 14 -17 -16 0
-170 -14 -17 16 0
-170 -14 17 -16 0
-170 14 16 17 0
170 -14 -17 -16 0
170 14 -17 16 0
170 -16 17 14 0
170 17 16 -14 0
-171 -20 18 -19 0
-171 -18 19 -20 0
-171 -18 20 -19 0
-171 20 19 18 0
171 -20 -19 -18 0
171 -20 19 18 0
171 20 18 -19 0
171 20 19 -18 0
-172 -25 -22 21 0
-172 -21 -25 22 0
-172 -21 25 -22 0
-172 21 22 25 0
172 -21 -22 -25 0
172 21 22 -25 0
172 21 -22 25 0
172 -21 25 22 0
-173 -28 -27 26 0
-173 -28 -26 27 0
-173 28 -27 -26 0
-173 27 28 26 0
173 -28 -26 -27 0
173 -28 26 27 0
173 28 -27 26 0
173 -26 27 28 0
-174 168 -169 -170 0
169 -174 -168 -170 0
-174 170 -168 -169 0
169 170 168 -174 0
174 -168 -169 -170 0
174 169 168 -170 0
174 170 168 -169 0
174 170 -168 169 0
-174 171 -172 -173 0
-174 -171 172 -173 0
-174 -171 173 -172 0
171 -174 173 172 0
174 -171 -172 -173 0
172 171 -173 174 0
171 173 -172 174 0
174 -171 172 173 0
-175 -1 43 -5 0
-175 1 -43 -5 0
-175 -1 -43 5 0
-175 1 43 5 0
175 -1 -43 -5 0
175 1 43 -5 0
175 -1 43 5 0
175 1 -43 5 0
-176 6 -7 -8 0
-176 -6 -8 7 0
-176 -6 -7 8 0
-176 7 6 8 0
176 -6 -8 -7 0
176 7 6 -8 0
176 8 6 -7 0
176 -6 7 8 0
-177 -13 10 -11 0
-177 -10 -13 11 0
-177 -10 13 -11 0
-177 11 10 13 0
177 -10 -13 -11 0
177 11 10 -13 0
177 10 13 -11 0
177 -10 13 11 0
-178 -15 14 -19 0
-178 -19 15 -14 0
-178 -15 -14 19 0
-178 14 19 15 0
178 -15 -14 -19 0
178 -19 15 14 0
178 -15 14 19 0
178 -14 19 15 0
-179 21 -27 -26 0
-179 -21 26 -27 0
-179 -21 27 -26 0
-179 21 26 27 0
179 -21 -27 -26 0
179 21 -27 26 0
179 21 -26 27 0
179 -21 26 27 0
-175 -180 28 -176 0
175 -180 -28 -176 0
-175 -180 -28 176 0
175 -180 176 28 0
-175 180 -28 -176 0
175 180 28 -176 0
-175 180 176 28 0
175 180 176 -28 0
-177 -178 -179 -180 0
177 178 -180 -179 0
-178 177 -180 179 0
-180 178 179 -177 0
177 -178 -179 180 0
-177 178 180 -179 0
-177 -178 180 179 0
180 178 179 177 0
-181 -6 44 -5 0
-181 5 -44 -6 0
-181 6 -44 -5 0
-181 6 44 5 0
181 -6 -44 -5 0
181 -6 44 5 0
181 6 44 -5 0
181 5 -44 6 0
-182 -15 7 -13 0
-182 -15 -7 13 0
-182 -7 -13 15 0
-182 7 13 15 0
182 -13 -7 -15 0
182 -15 7 13 0
182 7 15 -13 0
182 -7 15 13 0
-183 -21 17 -20 0
-183 -21 -17 20 0
-183 21 -17 -20 0
-183 20 17 21 0
183 -20 -17 -21 0
183 -21 20 17 0
183 21 -20 17 0
183 21 -17 20 0
-184 -24 23 -25 0
-184 24 -25 -23 0
-184 25 -23 -24 0
-184 25 23 24 0
184 -25 -24 -23 0
184 24 -25 23 0
184 -24 25 23 0
184 -23 24 25 0
-181 -182 26 -185 0
181 -182 -26 -185 0
-181 -185 -26 182 0
181 182 -185 26 0
-181 -182 185 -26 0
-182 181 26 185 0
-181 182 185 26 0
181 182 -26 185 0
-185 183 -184 0
-185 -183 184 0
185 -183 -184 0
185 183 184 0
-186 -1 45 -2 0
-186 1 -45 -2 0
-186 2 -45 -1 0
-186 1 45 2 0
186 -1 -45 -2 0
186 1 45 -2 0
186 -1 45 2 0
186 2 -45 1 0
-187 -5 -8 4 0
-187 -4 -8 5 0
-187 8 -4 -5 0
-187 8 4 5 0
187 -4 -5 -8 0
187 5 -8 4 0
187 8 4 -5 0
187 8 5 -4 0
-188 -13 10 -11 0
-188 -10 -13 11 0
-188 -10 13 -11 0
-188 11 10 13 0
188 -10 -13 -11 0
188 11 10 -13 0
188 10 13 -11 0
188 -10 13 11 0
-189 -15 14 -16 0
-189 -14 15 -16 0
-189 -15 -14 16 0
-189 14 16 15 0
189 -15 -14 -16 0
189 -16 14 15 0
189 -15 14 16 0
189 -14 15 16 0
-190 -21 19 -20 0
-190 -21 -19 20 0
-190 21 -19 -20 0
-190 21 19 20 0
190 -21 -19 -20 0
190 -21 20 19 0
190 21 19 -20 0
190 21 -19 20 0
-186 -191 -187 22 0
-191 186 -22 -187 0
-186 -191 -22 187 0
187 -191 186 22 0
-186 -187 -22 191 0
191 186 22 -187 0
-186 187 22 191 0
191 186 -22 187 0
188 -190 -189 -191 0
-188 189 -190 -191 0
-188 -189 190 -191 0
190 -191 189 188 0
-188 -190 191 -189 0
189 -190 191 188 0
-189 188 190 191 0
-188 189 190 191 0
-192 -7 46 -5 0
-192 -46 -7 5 0
-192 -5 -46 7 0
-192 5 46 7 0
192 -7 -46 -5 0
192 -7 46 5 0
192 -5 46 7 0
192 5 -46 7 0
-193 -12 10 -11 0
-193 -10 11 -12 0
-193 12 -11 -10 0
-193 11 10 12 0
193 -12 -10 -11 0
-12 11 10 193 0
-11 12 10 193 0
-10 193 11 12 0
-194 -15 -17 13 0
-194 -13 -17 15 0
-15 17 -13 -194 0
-194 17 13 15 0
194 -15 -17 -13 0
194 15 -17 13 0
194 -15 17 13 0
194 -13 17 15 0
-195 -19 18 -23 0
-195 -18 19 -23 0
-195 -19 23 -18 0
-195 23 18 19 0
195 -23 -19 -18 0
195 -23 18 19 0
195 -19 18 23 0
195 -18 23 19 0
-196 -25 -27 24 0
-196 -24 25 -27 0
-196 27 -24 -25 0
-196 24 27 25 0
196 -25 -24 -27 0
196 -27 25 24 0
196 24 27 -25 0
196 27 -24 25 0
-192 -197 28 -193 0
-197 -193 -28 192 0
-192 -197 -28 193 0
192 28 193 -197 0
-192 197 -28 -193 0
192 -193 197 28 0
-192 197 193 28 0
192 197 -28 193 0
194 -197 -195 -196 0
-197 195 -194 -196 0
-197 -195 -194 196 0
-197 196 195 194 0
-196 -195 -194 197 0
194 197 195 -196 0
196 197 -195 194 0
196 195 -194 197 0
-198 -1 47 -2 0
-198 1 -47 -2 0
-198 2 -47 -1 0
-198 2 47 1 0
198 -2 -47 -1 0
198 1 47 -2 0
198 -1 47 2 0
198 1 -47 2 0
-199 3 -7 -5 0
-199 5 -3 -7 0
-199 -3 7 -5 0
-199 7 3 5 0
199 -7 -3 -5 0
199 5 -7 3 0
199 3 -5 7 0
199 -3 7 5 0
-200 8 -18 -11 0
-200 11 -8 -18 0
-200 18 -8 -11 0
-200 8 18 11 0
200 -18 -8 -11 0
200 8 -18 11 0
200 8 18 -11 0
200 18 -8 11 0
-201 -20 19 -22 0
-201 20 -22 -19 0
-201 -20 -19 22 0
-201 22 19 20 0
201 -20 -22 -19 0
201 20 19 -22 0
201 22 19 -20 0
201 22 -19 20 0
24 -202 -25 -26 0
-202 -26 -24 25 0
-202 26 -24 -25 0
-202 24 26 25 0
-25 -24 202 -26 0
25 -26 202 24 0
24 -25 26 202 0
-24 25 202 26 0
-198 -203 28 -199 0
198 -203 -28 -199 0
-198 199 -28 -203 0
-203 199 28 198 0
-198 -199 203 -28 0
-199 198 28 203 0
-198 199 28 203 0
198 203 -28 199 0
-203 -202 -201 -200 0
200 -202 201 -203 0
200 -203 -201 202 0
-200 -203 202 201 0
200 -202 -201 203 0
-200 -202 201 203 0
-200 203 202 -201 0
200 203 201 202 0
-204 -6 48 -1 0
-6 1 -48 -204 0
-204 6 -48 -1 0
-204 1 48 6 0
204 -6 -48 -1 0
204 -6 1 48 0
204 6 48 -1 0
204 1 -48 6 0
-205 -11 7 -10 0
-205 -11 -7 10 0
-205 -10 11 -7 0
-205 11 7 10 0
205 -7 -10 -11 0
205 7 10 -11 0
205 -10 11 7 0
205 11 -7 10 0
-206 12 -17 -16 0
-206 -12 -17 16 0
-206 -12 17 -16 0
-206 17 16 12 0
206 -12 -17 -16 0
206 -17 16 12 0
206 17 12 -16 0
206 -12 17 16 0
-207 21 -26 -24 0
-207 -21 24 -26 0
-207 -21 26 -24 0
-207 24 26 21 0
207 -21 -24 -26 0
207 21 -26 24 0
207 -24 26 21 0
207 -21 26 24 0
-204 -208 27 -28 0
-204 -208 28 -27 0
204 -208 -27 -28 0
204 -208 28 27 0
208 -204 -27 -28 0
-204 208 28 27 0
204 208 27 -28 0
208 204 28 -27 0
205 -208 -207 -206 0
-205 -208 -207 206 0
-205 207 -206 -208 0
-208 207 206 205 0
-205 -207 -206 208 0
205 208 206 -207 0
205 207 -206 208 0
208 207 206 -205 0
-209 -3 49 -2 0
-209 -3 -49 2 0
-209 -2 -49 3 0
-209 2 49 3 0
-2 -3 -49 209 0
209 2 49 -3 0
209 -2 49 3 0
209 3 -49 2 0
-210 -14 10 -15 0
-210 14 -10 -15 0
-210 -14 15 -10 0
-210 14 10 15 0
210 -15 -10 -14 0
-15 14 10 210 0
210 -14 10 15 0
210 14 15 -10 0
-211 -24 19 -22 0
-211 22 -24 -19 0
-211 24 -22 -19 0
-211 24 19 22 0
211 -19 -24 -22 0
211 22 -24 19 0
211 24 19 -22 0
211 24 22 -19 0
-209 -212 26 -27 0
-209 -212 -26 27 0
-212 209 -27 -26 0
-212 209 27 26 0
-209 212 -26 -27 0
-209 212 26 27 0
209 212 -27 26 0
209 212 27 -26 0
-210 -212 -211 0
210 -212 211 0
210 -211 212 0
-210 212 211 0
-213 -3 50 -1 0
-213 1 -50 -3 0
-213 3 -50 -1 0
-213 1 50 3 0
213 -3 -50 -1 0
213 1 50 -3 0
213 3 50 -1 0
213 3 -50 1 0
-214 -7 -10 5 0
-214 -10 -5 7 0
-214 10 -5 -7 0
-214 10 7 5 0
214 -7 -10 -5 0
214 -10 5 7 0
214 10 5 -7 0
214 10 7 -5 0
-215 -21 -18 17 0
-215 -21 -17 18 0
-215 21 -17 -18 0
-215 21 18 17 0
215 -21 -17 -18 0
215 -21 18 17 0
215 21 -18 17 0
215 21 -17 18 0
-213 -27 -216 24 0
-213 27 -24 -216 0
-27 213 -24 -216 0
27 24 -216 213 0
-213 216 -27 -24 0
-213 216 24 27 0
213 216 -27 24 0
213 216 -24 27 0
-214 -215 -216 0
214 215 -216 0
214 -215 216 0
-214 216 215 0
-217 -7 51 -1 0
-217 1 -51 -7 0
-217 -1 -51 7 0
-217 7 1 51 0
217 -1 -51 -7 0
217 1 51 -7 0
217 7 -1 51 0
1 -51 7 217 0
8 -10 -218 -9 0
-10 -218 9 -8 0
10 -9 -8 -218 0
8 -218 9 10 0
218 -10 -8 -9 0
218 8 -10 9 0
8 218 -9 10 0
218 9 -8 10 0
-14 -16 -219 11 0
-16 -11 -219 14 0
-14 -11 -219 16 0
14 -219 16 11 0
219 -16 -11 -14 0
219 -16 14 11 0
219 -14 16 11 0
219 14 -11 16 0
-220 -19 17 -18 0
-220 -19 -17 18 0
-220 -18 19 -17 0
18 17 19 -220 0
220 -19 -17 -18 0
220 -19 17 18 0
220 17 -18 19 0
220 18 19 -17 0
-23 20 -24 -221 0
-221 -20 -24 23 0
-221 24 -20 -23 0
-221 24 23 20 0
221 -20 -24 -23 0
221 -24 23 20 0
-23 24 20 221 0
221 24 -20 23 0
-222 -28 -27 26 0
-222 -28 -26 27 0
-222 28 -27 -26 0
-222 27 28 26 0
222 -28 -26 -27 0
222 -28 26 27 0
222 28 -27 26 0
-26 27 28 222 0
217 -223 -218 -219 0
-217 -223 -219 218 0
-223 219 -218 -217 0
217 -223 219 218 0
-217 -219 -218 223 0
217 218 -219 223 0
217 219 -218 223 0
-217 219 223 218 0
220 -223 -222 -221 0
-223 -222 -220 221 0
-223 -221 222 -220 0
-223 220 221 222 0
223 -221 -220 -222 0
220 223 221 -222 0
220 -221 222 223 0
221 222 -220 223 0
-224 -2 -1 52 0
-224 -2 -52 1 0
-224 -1 -52 2 0
-224 1 52 2 0
224 -2 -52 -1 0
224 -2 52 1 0
224 2 -1 52 0
224 1 -52 2 0
6 -10 -225 -11 0
-6 -225 10 -11 0
-225 -6 11 -10 0
6 11 10 -225 0
225 -6 -11 -10 0
225 6 10 -11 0
225 6 -10 11 0
225 -6 11 10 0
-226 12 -13 -17 0
-226 -12 -17 13 0
-226 -12 17 -13 0
-226 17 12 13 0
-12 226 -17 -13 0
226 12 -17 13 0
226 17 12 -13 0
226 -12 17 13 0
-227 -21 19 -20 0
-227 -21 -19 20 0
-227 21 -19 -20 0
-227 21 19 20 0
227 -21 -19 -20 0
227 -21 20 19 0
227 21 19 -20 0
227 21 20 -19 0
-228 -28 -27 26 0
-228 -28 -26 27 0
-228 28 -27 -26 0
-228 27 28 26 0
228 -28 -26 -27 0
228 -28 26 27 0
228 28 -27 26 0
228 -26 27 28 0
-229 -226 224 -225 0
-224 -229 -226 225 0
-224 -229 -225 226 0
-229 224 226 225 0
-224 229 -225 -226 0
225 229 224 -226 0
224 226 -225 229 0
-224 229 226 225 0
-227 -229 -228 0
227 -229 228 0
227 229 -228 0
-227 229 228 0
-230 -5 53 -1 0
-230 -5 -53 1 0
-230 5 -53 -1 0
-230 5 53 1 0
230 -5 -53 -1 0
230 1 -5 53 0
230 5 53 -1 0
230 5 -53 1 0
8 -11 -231 -9 0
-231 9 -8 -11 0
11 -231 -8 -9 0
8 11 -231 9 0
231 -11 -8 -9 0
231 8 -11 9 0
231 11 -9 8 0
231 9 -8 11 0
-232 12 -14 -13 0
-232 -12 13 -14 0
-232 14 -12 -13 0
-232 12 13 14 0
232 -12 -14 -13 0
232 -14 13 12 0
232 14 12 -13 0
232 -12 13 14 0
-233 -17 16 -18 0
-233 17 -18 -16 0
-233 -16 -17 18 0
-233 18 16 17 0
233 -18 -17 -16 0
233 17 16 -18 0
233 18 16 -17 0
233 -16 18 17 0
-234 21 -24 -22 0
-234 -21 -24 22 0
-234 -21 -22 24 0
-234 21 24 22 0
234 -21 -24 -22 0
234 22 -24 21 0
234 21 24 -22 0
234 -21 24 22 0
-235 -231 27 -230 0
-235 -231 -27 230 0
-235 -230 231 -27 0
230 231 27 -235 0
-230 -27 235 -231 0
27 230 -231 235 0
-230 231 235 27 0
230 231 235 -27 0
-235 -233 -232 -234 0
-235 -234 232 233 0
-233 232 234 -235 0
233 -232 234 -235 0
-234 -233 232 235 0
-234 -232 235 233 0
-232 234 235 -233 0
232 234 235 233 0
-236 54 -9 -4 0
-236 -54 4 -9 0
-236 -54 9 -4 0
-236 54 9 4 0
236 -54 -9 -4 0
236 54 4 -9 0
236 54 9 -4 0
236 -54 9 4 0
-237 -14 -18 11 0
-237 14 -18 -11 0
-237 -14 18 -11 0
-237 14 18 11 0
237 -14 -18 -11 0
237 14 11 -18 0
237 -14 18 11 0
237 14 18 -11 0
-238 -24 19 -23 0
-238 -19 -24 23 0
-238 -23 24 -19 0
-238 24 19 23 0
238 -19 -24 -23 0
238 -24 19 23 0
238 24 19 -23 0
238 24 23 -19 0
-236 -237 -25 -238 0
236 -237 -238 25 0
-236 237 25 -238 0
236 237 -238 -25 0
-236 -237 25 238 0
236 -237 -25 238 0
-236 237 -25 238 0
236 237 238 25 0
-239 -2 55 -1 0
-239 -2 -55 1 0
-239 -1 -55 2 0
-239 1 55 2 0
239 -2 -55 -1 0
239 -2 55 1 0
239 -1 55 2 0
239 1 -55 2 0
-240 6 -10 -12 0
-240 -6 10 -12 0
-6 -240 -10 12 0
-240 6 10 12 0
240 -6 -10 -12 0
240 -12 6 10 0
240 -10 6 12 0
240 -6 12 10 0
-241 14 -17 -15 0
-241 -14 -17 15 0
-241 -14 17 -15 0
-241 14 15 17 0
241 -14 -17 -15 0
241 14 -17 15 0
241 -15 17 14 0
241 -14 17 15 0
-242 20 -24 -23 0
-242 -20 -24 23 0
-242 24 -20 -23 0
-242 24 23 20 0
242 -20 -24 -23 0
242 -24 23 20 0
-23 24 20 242 0
242 24 -20 23 0
-243 -27 25 -26 0
-243 -27 -25 26 0
-243 27 -25 -26 0
-243 25 26 27 0
-26 243 -27 -25 0
243 -27 26 25 0
27 -26 243 25 0
27 243 26 -25 0
-244 -239 -240 28 0
-244 239 -240 -28 0
-244 240 -28 -239 0
-244 240 28 239 0
-240 -239 -28 244 0
-240 244 28 239 0
240 -239 244 28 0
240 239 -28 244 0
-241 -242 -243 -244 0
-244 241 242 -243 0
-244 241 243 -242 0
-244 -241 243 242 0
241 -242 -243 244 0
-241 244 -243 242 0
-241 -242 243 244 0
241 244 242 243 0
-245 -3 56 -2 0
-245 2 -56 -3 0
-245 -2 -56 3 0
-245 2 56 3 0
245 -3 -56 -2 0
245 2 56 -3 0
245 -2 56 3 0
245 3 -56 2 0
-246 7 -8 -11 0
-246 -11 -7 8 0
-246 11 -7 -8 0
-246 11 7 8 0
246 -11 -7 -8 0
7 8 -11 246 0
246 11 -8 7 0
246 8 11 -7 0
-247 12 -19 -20 0
-247 -12 -20 19 0
-247 -12 20 -19 0
-247 12 20 19 0
247 -12 -20 -19 0
247 12 19 -20 0
247 12 -19 20 0
247 -12 20 19 0
-248 22 -26 -23 0
-248 -26 -22 23 0
-248 -23 26 -22 0
-248 22 23 26 0
-23 248 -22 -26 0
23 -26 22 248 0
-23 22 26 248 0
248 23 -22 26 0
-245 -249 27 -28 0
-245 -249 -27 28 0
245 -249 -28 -27 0
245 -249 27 28 0
-245 249 -28 -27 0
-245 249 28 27 0
245 249 27 -28 0
245 249 28 -27 0
-247 -246 -249 -248 0
247 -249 -248 246 0
-247 246 -249 248 0
247 -249 248 -246 0
246 249 -248 -247 0
247 249 -248 -246 0
-246 249 248 -247 0
247 249 248 246 0
-250 -7 -2 57 0
-250 2 -57 -7 0
-250 -2 -57 7 0
-250 57 7 2 0
250 -2 -57 -7 0
250 2 57 -7 0
250 -2 57 7 0
250 7 -57 2 0
-251 8 -9 -10 0
-251 9 -8 -10 0
-251 10 -8 -9 0
-251 8 9 10 0
251 -10 -8 -9 0
251 -10 9 8 0
251 8 -9 10 0
251 9 -8 10 0
-252 -12 -13 11 0
-252 12 -13 -11 0
-252 -12 13 -11 0
-252 11 13 12 0
-12 -11 -13 252 0
252 12 -13 11 0
252 -12 13 11 0
252 -11 13 12 0
-253 24 -25 -26 0
-253 -26 -24 25 0
-253 -24 26 -25 0
-253 24 26 25 0
253 -25 -24 -26 0
253 25 -26 24 0
253 24 26 -25 0
253 -24 26 25 0
-251 -250 -254 28 0
-254 -251 -28 250 0
-250 -254 -28 251 0
250 251 28 -254 0
-250 -251 -28 254 0
250 -251 28 254 0
-250 251 28 254 0
250 251 -28 254 0
-252 -254 -253 0
252 -254 253 0
252 254 -253 0
-252 254 253 0
-255 -1 58 -4 0
-255 1 -58 -4 0
-255 -1 -58 4 0
-255 1 58 4 0
255 -1 -58 -4 0
-4 1 58 255 0
255 -1 58 4 0
255 -58 4 1 0
-256 -9 7 -10 0
-256 -7 -10 9 0
-256 10 -7 -9 0
-256 10 9 7 0
-7 256 -10 -9 0
-10 256 9 7 0
256 7 10 -9 0
256 10 -7 9 0
-257 -15 -13 11 0
-257 -15 -11 13 0
-257 -13 15 -11 0
-257 11 13 15 0
257 -15 -13 -11 0
257 -15 11 13 0
257 11 15 -13 0
257 -11 13 15 0
-21 -258 -28 20 0
-258 -28 -20 21 0
-21 -258 28 -20 0
-258 21 28 20 0
258 -21 -20 -28 0
258 21 20 -28 0
258 -21 28 20 0
258 21 28 -20 0
-256 -255 -258 -257 0
-258 256 255 -257 0
-256 257 255 -258 0
-255 257 -258 256 0
-256 258 255 -257 0
-255 258 256 -257 0
-256 -255 258 257 0
257 258 256 255 0
-259 -1 59 -2 0
-259 -2 -59 1 0
-259 -1 -59 2 0
-259 2 1 59 0
259 -1 -59 -2 0
259 1 59 -2 0
259 2 59 -1 0
259 2 -59 1 0
-260 -6 -5 4 0
-260 -6 5 -4 0
-260 -4 -5 6 0
-260 6 5 4 0
260 -6 -5 -4 0
260 -6 4 5 0
260 6 4 -5 0
260 6 5 -4 0
-261 -12 10 -11 0
-261 -10 11 -12 0
-261 -11 -10 12 0
-261 11 10 12 0
-12 261 -10 -11 0
261 11 10 -12 0
261 12 10 -11 0
261 -10 11 12 0
-262 14 -19 -15 0
-262 -19 15 -14 0
-262 -14 19 -15 0
-262 14 19 15 0
262 -15 -19 -14 0
262 -19 15 14 0
262 14 19 -15 0
262 -14 19 15 0
-263 -26 -25 23 0
-263 -23 -26 25 0
-263 -23 -25 26 0
-263 25 26 23 0
263 -23 -25 -26 0
263 -26 23 25 0
263 -25 23 26 0
263 -23 26 25 0
259 -260 -261 -264 0
-259 260 -261 -264 0
-260 -259 -264 261 0
259 260 -264 261 0
-259 -261 264 -260 0
259 260 -261 264 0
259 -260 264 261 0
-259 260 264 261 0
262 -264 -263 0
-262 -264 263 0
-262 264 -263 0
262 264 263 0
-265 -3 60 -4 0
-265 3 -60 -4 0
-265 -60 4 -3 0
-265 60 4 3 0
265 -3 -60 -4 0
265 -4 60 3 0
265 60 4 -3 0
265 3 -60 4 0
-266 -11 6 -10 0
-266 -6 -11 10 0
-266 -6 11 -10 0
-266 11 10 6 0
266 -6 -11 -10 0
266 6 10 -11 0
266 6 -10 11 0
266 -6 11 10 0
-267 -15 14 -18 0
-267 -14 -18 15 0
-267 -15 -14 18 0
-267 14 18 15 0
267 -14 -18 -15 0
267 14 -18 15 0
267 14 18 -15 0
267 -14 15 18 0
-268 -21 19 -20 0
-268 -21 -19 20 0
-268 21 -20 -19 0
-268 21 19 20 0
268 -21 -19 -20 0
268 -21 20 19 0
268 21 19 -20 0
268 21 -19 20 0
-269 -27 23 -24 0
-269 -23 -27 24 0
-269 27 -24 -23 0
-269 24 27 23 0
269 -23 -27 -24 0
269 -27 23 24 0
269 27 -24 23 0
269 24 27 -23 0
-265 -270 -266 28 0
265 -270 -266 -28 0
-265 -270 -28 266 0
265 -270 266 28 0
-265 270 -266 -28 0
265 -266 28 270 0
-265 270 28 266 0
265 266 -28 270 0
-267 -268 -269 -270 0
267 268 -270 -269 0
267 -268 269 -270 0
-267 -270 269 268 0
267 270 -268 -269 0
268 -267 270 -269 0
-267 270 -268 269 0
267 268 269 270 0
-271 -3 61 -2 0
-271 -3 -61 2 0
-271 -2 -61 3 0
-271 2 61 3 0
271 -3 -61 -2 0
271 2 61 -3 0
271 -2 61 3 0
271 2 -61 3 0
-272 -15 10 -12 0
-272 -15 -10 12 0
-272 -12 15 -10 0
-272 10 15 12 0
-12 -15 272 -10 0
272 -15 12 10 0
-12 10 15 272 0
12 -10 272 15 0
-273 -20 16 -17 0
-273 -16 -20 17 0
-273 20 -17 -16 0
-273 17 16 20 0
273 -20 -17 -16 0
273 -20 16 17 0
273 -17 16 20 0
273 17 20 -16 0
-274 21 -27 -23 0
-274 -21 -27 23 0
-274 -21 27 -23 0
-274 21 23 27 0
274 -21 -27 -23 0
274 21 -27 23 0
274 -23 27 21 0
274 -21 27 23 0
-271 -272 -275 28 0
271 -272 -28 -275 0
-271 -28 272 -275 0
271 272 28 -275 0
-271 275 -28 -272 0
271 -272 28 275 0
-271 272 28 275 0
271 275 272 -28 0
-275 -273 -274 0
-275 273 274 0
275 273 -274 0
275 -273 274 0
-276 -2 62 -1 0
-276 1 -62 -2 0
-276 -1 -62 2 0
-276 2 62 1 0
276 -2 -62 -1 0
276 1 62 -2 0
276 -1 62 2 0
276 2 -62 1 0
-277 -6 3 -4 0
-277 -6 4 -3 0
-277 6 -3 -4 0
-277 6 3 4 0
277 -6 -3 -4 0
277 -6 4 3 0
277 -4 6 3 0
277 6 -3 4 0
-278 -15 11 -16 0
-278 -16 -11 15 0
-278 -15 -11 16 0
-278 11 15 16 0
278 -16 -11 -15 0
278 11 15 -16 0
278 -15 11 16 0
278 15 16 -11 0
-279 -21 -19 18 0
-279 -21 -18 19 0
-279 21 -18 -19 0
-279 21 18 19 0
279 -21 -18 -19 0
279 -21 18 19 0
279 21 -19 18 0
279 21 19 -18 0
-280 -25 -24 23 0
-280 24 -25 -23 0
-23 25 -24 -280 0
24 25 23 -280 0
280 -25 -24 -23 0
280 24 -25 23 0
280 -24 25 23 0
280 -23 24 25 0
-281 -28 -27 26 0
-281 27 -26 -28 0
-281 28 -27 -26 0
-281 27 28 26 0
281 -26 -27 -28 0
281 27 26 -28 0
281 28 -27 26 0
281 -26 27 28 0
276 -277 -278 -282 0
277 -276 -278 -282 0
278 -282 -276 -277 0
276 277 278 -282 0
-276 -277 282 -278 0
276 282 -278 277 0
276 278 -277 282 0
278 -276 282 277 0
-282 -279 -280 -281 0
279 -282 -281 280 0
279 -282 281 -280 0
-282 -279 281 280 0
279 282 -280 -281 0
-279 -281 280 282 0
282 -279 -280 281 0
279 280 281 282 0
-283 -1 63 -2 0
-283 1 -63 -2 0
-283 -1 -63 2 0
-283 2 63 1 0
283 -1 -63 -2 0
283 1 63 -2 0
283 -1 63 2 0
283 2 -63 1 0
-284 -6 3 -4 0
-284 -6 4 -3 0
-284 6 -3 -4 0
-284 6 3 4 0
284 -6 -3 -4 0
284 -6 4 3 0
284 -4 6 3 0
284 6 -3 4 0
-285 8 -11 -9 0
-285 9 -8 -11 0
-285 11 -8 -9 0
-285 11 9 8 0
285 -11 -8 -9 0
285 8 -11 9 0
8 11 -9 285 0
285 9 -8 11 0
-14 -286 -17 13 0
14 -13 -286 -17 0
-14 -286 17 -13 0
-286 14 13 17 0
286 -14 -17 -13 0
286 14 13 -17 0
286 -14 17 13 0
286 -13 14 17 0
-287 -23 19 -22 0
-287 22 -19 -23 0
-287 -19 23 -22 0
-287 22 19 23 0
287 -23 -19 -22 0
287 -23 19 22 0
287 23 -22 19 0
287 22 -19 23 0
-283 -288 24 -28 0
-283 -288 28 -24 0
283 -288 -28 -24 0
283 -288 24 28 0
-283 288 -28 -24 0
-283 288 24 28 0
283 288 24 -28 0
283 288 -24 28 0
284 -289 -286 -285 0
-284 -289 285 -286 0
-284 286 -289 -285 0
284 286 -289 285 0
-284 289 -285 -286 0
284 285 -286 289 0
284 289 -285 286 0
-284 286 285 289 0
-289 -288 -287 0
-289 288 287 0
289 -288 287 0
288 289 -287 0
-290 -2 64 -1 0
-290 -2 -64 1 0
-290 -1 -64 2 0
-290 1 64 2 0
290 -2 -64 -1 0
290 -2 64 1 0
290 -1 64 2 0
290 2 -64 1 0
-291 -6 -7 5 0
-291 -5 -7 6 0
-291 -6 -5 7 0
-291 7 6 5 0
291 -6 -7 -5 0
291 6 5 -7 0
291 -6 5 7 0
291 7 6 -5 0
-292 8 -9 -12 0
-292 9 -8 -12 0
-292 12 -8 -9 0
-292 8 12 9 0
292 -12 -8 -9 0
292 -12 9 8 0
292 8 -9 12 0
292 9 -8 12 0
-293 -18 15 -17 0
-293 -15 -18 17 0
-293 -15 -17 18 0
-293 18 15 17 0
293 -18 -17 -15 0
293 15 -18 17 0
293 15 -17 18 0
293 -15 18 17 0
-294 21 -22 -23 0
-294 -21 22 -23 0
-294 -21 -22 23 0
-294 21 23 22 0
294 -21 -23 -22 0
294 21 22 -23 0
294 21 -22 23 0
294 -21 23 22 0
-295 -290 24 -28 0
-295 -290 28 -24 0
290 -295 -28 -24 0
290 -295 24 28 0
295 -290 -28 -24 0
295 -290 24 28 0
290 295 -28 24 0
290 295 -24 28 0
291 -292 -293 -296 0
-291 292 -296 -293 0
-291 293 -296 -292 0
293 292 -296 291 0
-291 296 -293 -292 0
296 292 -293 291 0
296 291 293 -292 0
-291 293 292 296 0
-294 -295 -296 0
295 -296 294 0
296 -295 294 0
-294 296 295 0
-297 -2 65 -1 0
-297 1 -65 -2 0
-297 2 -65 -1 0
-297 1 65 2 0
297 -1 -65 -2 0
297 -2 65 1 0
297 -1 65 2 0
297 2 -65 1 0
-298 -6 3 -5 0
-298 -6 -3 5 0
-298 6 -3 -5 0
-298 6 5 3 0
298 -6 -3 -5 0
298 -6 3 5 0
298 6 3 -5 0
298 6 5 -3 0
-299 -12 7 -18 0
-299 -7 -18 12 0
-299 -7 18 -12 0
-299 7 18 12 0
299 -7 -18 -12 0
299 -18 7 12 0
299 7 18 -12 0
299 -7 18 12 0
-300 20 -24 -22 0
-300 22 -24 -20 0
-300 -20 -22 24 0
-300 22 20 24 0
300 -20 -24 -22 0
300 22 -24 20 0
300 20 -22 24 0
300 24 22 -20 0
-301 -297 25 -28 0
-301 -297 -25 28 0
-301 297 -28 -25 0
-301 297 28 25 0
-297 301 -28 -25 0
301 -297 28 25 0
297 301 25 -28 0
297 301 28 -25 0
-299 298 -300 -301 0
-301 -298 299 -300 0
-301 -298 300 -299 0
-301 298 300 299 0
-299 -298 -300 301 0
298 -300 301 299 0
-299 298 301 300 0
-298 300 301 299 0
-302 -4 66 -1 0
-302 -4 -66 1 0
-302 -66 4 -1 0
-302 66 4 1 0
302 -4 -66 -1 0
302 1 66 -4 0
302 66 4 -1 0
302 -66 4 1 0
-303 -6 -7 5 0
-303 -7 -5 6 0
-303 -6 7 -5 0
-303 7 6 5 0
303 -6 -7 -5 0
303 6 5 -7 0
303 -6 5 7 0
303 7 6 -5 0
-304 -11 9 -10 0
-304 -11 10 -9 0
-304 11 -9 -10 0
-304 11 9 10 0
304 -10 -11 -9 0
304 -11 9 10 0
304 -10 11 9 0
304 11 -9 10 0
-305 -15 12 -16 0
-305 -12 15 -16 0
-305 -15 -12 16 0
-305 12 16 15 0
305 -15 -12 -16 0
305 -16 12 15 0
305 -15 12 16 0
305 -12 15 16 0
-18 -20 -306 17 0
-20 -306 -17 18 0
-306 20 -17 -18 0
18 -306 17 20 0
-20 -18 -17 306 0
306 -20 17 18 0
306 17 -18 20 0
306 20 -17 18 0
-307 21 -27 -24 0
-307 -21 24 -27 0
-307 -21 27 -24 0
-307 21 24 27 0
307 -21 -24 -27 0
307 21 -27 24 0
307 27 -24 21 0
307 -21 24 27 0
-302 -308 28 -303 0
302 -308 -28 -303 0
-302 -308 -28 303 0
302 -308 303 28 0
-302 308 -28 -303 0
302 308 -303 28 0
-302 308 28 303 0
302 308 -28 303 0
-305 304 -306 -309 0
305 -309 -306 -304 0
-305 306 -304 -309 0
305 306 304 -309 0
-305 -304 -306 309 0
305 304 -306 309 0
-305 304 309 306 0
305 306 309 -304 0
-309 -308 307 0
-307 308 -309 0
-307 -308 309 0
308 307 309 0
-310 -6 67 -3 0
-310 3 -67 -6 0
-310 6 -67 -3 0
-310 6 67 3 0
310 -3 -67 -6 0
310 -6 67 3 0
310 6 67 -3 0
310 3 -67 6 0
-311 -14 10 -11 0
-14 -311 -10 11 0
14 -311 -10 -11 0
-311 11 10 14 0
311 -14 -10 -11 0
-14 11 10 311 0
311 14 10 -11 0
311 14 11 -10 0
-312 -19 15 -16 0
-312 -15 -19 16 0
-312 -15 -16 19 0
-312 19 16 15 0
312 -15 -16 -19 0
312 -19 15 16 0
312 -16 19 15 0
312 19 16 -15 0
-313 -23 20 -22 0
-313 -23 -20 22 0
-313 -20 -22 23 0
-313 22 20 23 0
313 -20 -22 -23 0
313 -23 20 22 0
313 23 -22 20 0
313 22 23 -20 0
-314 -28 -26 25 0
-314 -28 -25 26 0
-314 -26 28 -25 0
-314 28 25 26 0
314 -28 -26 -25 0
314 -28 26 25 0
314 25 28 -26 0
314 28 26 -25 0
310 -312 -311 -315 0
-310 -312 -315 311 0
-310 312 -315 -311 0
310 312 -315 311 0
-310 -312 -311 315 0
310 -312 315 311 0
310 312 315 -311 0
-310 312 311 315 0
-313 -314 -315 0
313 314 -315 0
-314 313 315 0
-313 315 314 0
-316 -2 68 -3 0
-316 -3 -68 2 0
-316 3 -68 -2 0
-316 3 68 2 0
316 -3 -68 -2 0
316 2 -3 68 0
316 -2 68 3 0
316 3 -68 2 0
-317 6 -9 -8 0
-317 -6 -9 8 0
-317 -6 -8 9 0
-317 8 6 9 0
317 -6 -9 -8 0
317 6 -9 8 0
317 6 9 -8 0
317 -6 8 9 0
-318 -14 10 -12 0
-14 -318 -10 12 0
14 -318 -10 -12 0
-318 14 10 12 0
318 -12 -10 -14 0
318 -14 10 12 0
318 14 10 -12 0
318 14 -10 12 0
-319 -18 15 -16 0
-319 -15 -18 16 0
-319 -15 18 -16 0
-319 15 16 18 0
319 -15 -18 -16 0
319 -18 15 16 0
319 -16 15 18 0
319 -15 18 16 0
-320 -20 19 -22 0
-320 20 -22 -19 0
-320 -20 -19 22 0
-320 22 19 20 0
320 -20 -22 -19 0
320 20 19 -22 0
320 22 19 -20 0
320 22 -19 20 0
-316 -321 24 -28 0
-316 -321 -24 28 0
316 -321 -28 -24 0
316 -321 24 28 0
-316 321 -28 -24 0
-316 321 24 28 0
316 321 -28 24 0
316 321 -24 28 0
-319 -322 317 -318 0
-319 -322 -317 318 0
-322 -317 -318 319 0
319 318 317 -322 0
-319 -317 -318 322 0
318 -319 317 322 0
319 322 317 -318 0
319 322 -317 318 0
-322 -321 -320 0
321 -322 320 0
322 -321 320 0
322 321 -320 0
-323 -4 69 -1 0
-323 1 -69 -4 0
-323 -69 4 -1 0
-323 69 4 1 0
323 -4 -69 -1 0
323 1 69 -4 0
323 69 4 -1 0
323 1 -69 4 0
-324 -11 -8 6 0
-324 -6 -11 8 0
-324 -6 -8 11 0
-324 8 6 11 0
324 -6 -8 -11 0
324 8 6 -11 0
324 6 11 -8 0
324 -6 11 8 0
-15 -325 -14 13 0
-15 -325 -13 14 0
-325 -14 15 -13 0
-325 14 13 15 0
-15 325 -13 -14 0
-15 325 13 14 0
-14 325 13 15 0
14 -13 325 15 0
-326 -19 -17 16 0
-326 -19 17 -16 0
-326 -16 19 -17 0
-326 19 16 17 0
326 -19 -16 -17 0
326 -19 16 17 0
326 -17 16 19 0
326 17 19 -16 0
-323 -327 25 -26 0
-323 -327 26 -25 0
323 -327 -25 -26 0
323 -327 25 26 0
-323 327 -26 -25 0
-323 327 25 26 0
323 327 25 -26 0
323 327 26 -25 0
-324 -327 -325 -326 0
324 -326 325 -327 0
324 -327 -325 326 0
-324 -327 325 326 0
324 -326 -325 327 0
-324 -326 325 327 0
-324 -325 327 326 0
324 326 325 327 0
-328 -1 70 -2 0
-328 1 -70 -2 0
-328 2 -70 -1 0
-328 2 1 70 0
328 -2 -70 -1 0
328 -2 70 1 0
328 -1 70 2 0
328 1 -70 2 0
-329 -6 3 -7 0
-329 6 -3 -7 0
-329 -6 7 -3 0
-329 7 6 3 0
329 -6 -3 -7 0
329 -7 6 3 0
329 -6 3 7 0
329 -3 7 6 0
-330 8 -10 -9 0
-330 9 -8 -10 0
-330 -9 -8 10 0
8 -330 10 9 0
330 -10 -8 -9 0
-10 330 9 8 0
330 8 10 -9 0
330 10 -8 9 0
-331 -16 -17 13 0
-331 -17 16 -13 0
-331 -16 17 -13 0
-331 17 16 13 0
331 -16 -13 -17 0
331 -17 16 13 0
331 -16 17 13 0
331 17 16 -13 0
-332 20 -25 -23 0
-332 -20 23 -25 0
-332 -20 25 -23 0
-332 20 23 25 0
332 -23 -25 -20 0
332 -25 20 23 0
332 25 -23 20 0
332 25 23 -20 0
328 -329 -333 -330 0
-328 329 -333 -330 0
-328 -329 -333 330 0
328 329 330 -333 0
-328 -330 333 -329 0
328 329 333 -330 0
328 -329 330 333 0
-328 329 333 330 0
-333 331 -332 0
-331 -333 332 0
-331 333 -332 0
331 333 332 0
-334 -3 71 -2 0
-334 2 -71 -3 0
-334 -2 -71 3 0
-334 3 71 2 0
334 -3 -71 -2 0
334 -3 71 2 0
334 -2 71 3 0
334 2 -71 3 0
-335 -6 -5 4 0
-335 -6 5 -4 0
-335 -4 -5 6 0
-335 6 5 4 0
335 -6 -5 -4 0
335 -6 4 5 0
335 6 4 -5 0
335 6 5 -4 0
-336 -15 7 -9 0
-336 -15 -7 9 0
-336 -7 15 -9 0
-336 7 9 15 0
336 -15 -7 -9 0
336 -15 9 7 0
336 7 15 -9 0
336 -7 15 9 0
-337 -17 16 -18 0
-337 17 -18 -16 0
-337 -16 -17 18 0
-337 18 16 17 0
337 -18 -17 -16 0
337 17 16 -18 0
337 18 16 -17 0
337 -16 18 17 0
-338 20 -24 -23 0
-338 -20 -24 23 0
24 -338 -20 -23 0
-338 20 23 24 0
338 -20 -24 -23 0
338 -24 23 20 0
338 -23 20 24 0
338 24 -20 23 0
-339 -28 -27 26 0
-339 -28 -26 27 0
-339 28 -27 -26 0
-339 27 28 26 0
339 -28 -26 -27 0
339 -28 26 27 0
339 28 -27 26 0
339 -26 27 28 0
334 -336 -335 -340 0
-334 -336 -340 335 0
-334 336 -335 -340 0
334 -340 335 336 0
-334 340 -335 -336 0
340 -336 335 334 0
334 340 -335 336 0
-334 340 336 335 0
-337 -339 -338 -340 0
-340 337 338 -339 0
-340 337 -338 339 0
-340 -337 339 338 0
340 337 -339 -338 0
340 -337 -339 338 0
340 -337 -338 339 0
340 337 338 339 0
-341 -3 72 -4 0
-341 -4 -72 3 0
-3 -72 4 -341 0
-341 72 4 3 0
341 -3 -72 -4 0
341 -4 72 3 0
341 72 4 -3 0
341 3 -72 4 0
-342 -12 7 -8 0
-342 -12 -7 8 0
-342 12 -7 -8 0
-342 7 12 8 0
342 -7 -8 -12 0
342 8 7 -12 0
342 7 -8 12 0
342 12 -7 8 0
-343 -19 13 -15 0
-343 -19 -13 15 0
-343 -15 19 -13 0
-343 15 19 13 0
343 -15 -13 -19 0
343 -19 13 15 0
343 -15 19 13 0
343 -13 15 19 0
-344 -21 -22 20 0
-344 21 -22 -20 0
-344 -21 22 -20 0
-344 21 20 22 0
344 -21 -22 -20 0
344 21 -22 20 0
344 -21 20 22 0
344 21 22 -20 0
-341 -345 -27 26 0
-341 -345 -26 27 0
341 -345 -26 -27 0
341 -345 27 26 0
-341 345 -26 -27 0
-341 345 27 26 0
341 345 -27 26 0
341 345 -26 27 0
-342 -344 -345 -343 0
342 -344 -345 343 0
342 -343 -345 344 0
-342 344 -345 343 0
342 345 -343 -344 0
-342 -344 343 345 0
345 -342 344 -343 0
345 344 343 342 0
-346 -2 73 -5 0
-346 -73 -5 2 0
-346 -2 -73 5 0
-346 2 73 5 0
346 -2 -73 -5 0
346 73 -5 2 0
346 -2 73 5 0
346 5 -73 2 0
-347 6 -9 -7 0
-347 -6 7 -9 0
-347 -6 -7 9 0
-347 7 6 9 0
347 -6 -7 -9 0
347 7 6 -9 0
347 6 9 -7 0
347 -6 7 9 0
-348 12 -18 -16 0
-348 -18 16 -12 0
-348 -12 -16 18 0
-348 12 18 16 0
348 -12 -18 -16 0
348 -18 16 12 0
348 12 18 -16 0
348 -12 18 16 0
-349 -20 19 -22 0
-349 20 -22 -19 0
-349 -20 -19 22 0
-349 22 19 20 0
349 -20 -22 -19 0
349 20 19 -22 0
349 22 19 -20 0
349 22 -19 20 0
-28 -350 23 -25 0
-350 -23 25 -28 0
-350 -23 28 -25 0
-350 25 23 28 0
350 -23 -28 -25 0
350 25 23 -28 0
350 28 23 -25 0
350 -23 25 28 0
346 -348 -351 -347 0
-346 347 -348 -351 0
-347 348 -351 -346 0
347 348 -351 346 0
-346 -348 351 -347 0
346 -348 351 347 0
346 -347 351 348 0
-346 347 348 351 0
-350 -349 -351 0
350 349 -351 0
-350 351 349 0
350 351 -349 0
-352 -3 74 -5 0
-352 3 -74 -5 0
-352 5 -74 -3 0
-352 3 74 5 0
352 -3 -74 -5 0
352 3 74 -5 0
352 5 -3 74 0
352 5 -74 3 0
-353 6 -9 -7 0
-353 -6 7 -9 0
-353 -6 -7 9 0
-353 7 6 9 0
353 -6 -7 -9 0
353 7 6 -9 0
353 -7 9 6 0
353 -6 7 9 0
-12 -354 11 -14 0
-354 -14 -11 12 0
-354 -12 -11 14 0
-354 14 11 12 0
354 -12 -11 -14 0
354 -14 11 12 0
354 14 11 -12 0
354 14 -11 12 0
-355 -21 17 -23 0
-355 21 -17 -23 0
-355 -21 -17 23 0
-355 21 17 23 0
355 -21 -17 -23 0
355 21 17 -23 0
355 -21 17 23 0
355 21 -17 23 0
-352 -356 -27 26 0
-352 -356 27 -26 0
352 -356 -26 -27 0
352 -356 27 26 0
-352 356 -26 -27 0
-352 356 27 26 0
352 356 -27 26 0
352 356 -26 27 0
-355 -356 -353 -354 0
-355 -356 353 354 0
355 -356 353 -354 0
355 354 -353 -356 0
-355 353 -354 356 0
354 -353 356 -355 0
-353 356 -354 355 0
355 354 353 356 0
-357 -2 75 -8 0
-357 -75 -8 2 0
-357 -2 -75 8 0
2 8 75 -357 0
357 -2 -75 -8 0
357 75 -8 2 0
357 8 -2 75 0
2 8 -75 357 0
-358 12 -14 -16 0
-358 -12 -16 14 0
-358 -12 16 -14 0
-358 14 16 12 0
358 -12 -14 -16 0
358 14 -16 12 0
358 -14 16 12 0
358 14 16 -12 0
-359 -21 20 -26 0
-359 21 -26 -20 0
-21 -359 -20 26 0
-359 21 20 26 0
359 -21 -20 -26 0
359 21 -26 20 0
359 -21 20 26 0
359 21 -20 26 0
-360 -357 27 -28 0
-357 -360 -27 28 0
357 -360 -28 -27 0
357 -360 28 27 0
360 -357 -28 -27 0
360 -357 27 28 0
357 360 27 -28 0
357 360 28 -27 0
358 -360 -359 0
-358 -360 359 0
-358 360 -359 0
358 360 359 0
-361 -1 -7 76 0
-361 1 -76 -7 0
-361 7 -76 -1 0
-361 7 1 76 0
-1 -76 -7 361 0
361 -7 1 76 0
361 -1 76 7 0
7 1 -76 361 0
-362 -11 9 -14 0
-362 -14 11 -9 0
-362 14 -9 -11 0
-362 14 9 11 0
362 -14 -11 -9 0
362 -14 9 11 0
362 -11 9 14 0
362 14 -9 11 0
-363 -20 15 -17 0
-363 -15 -20 17 0
-363 -15 -17 20 0
-363 20 15 17 0
363 -15 -20 -17 0
363 -20 15 17 0
363 20 15 -17 0
363 -15 17 20 0
-364 21 -22 -23 0
-364 -21 22 -23 0
-364 -21 -22 23 0
-364 21 22 23 0
364 -21 -23 -22 0
364 21 22 -23 0
364 21 -22 23 0
364 -21 23 22 0
-361 -365 -28 25 0
-361 -365 28 -25 0
361 -365 -28 -25 0
361 -365 25 28 0
-361 365 -28 -25 0
-361 365 25 28 0
361 365 -28 25 0
361 365 -25 28 0
362 -363 -365 -364 0
-362 363 -365 -364 0
-362 -365 364 -363 0
362 -365 364 363 0
365 -362 -364 -363 0
362 365 363 -364 0
362 365 364 -363 0
-362 363 364 365 0
-366 -2 77 -1 0
-366 1 -77 -2 0
-366 2 -77 -1 0
-366 2 77 1 0
366 -2 -77 -1 0
366 -2 77 1 0
366 -1 77 2 0
366 2 -77 1 0
-367 -10 5 -9 0
-367 -10 -5 9 0
-367 10 -5 -9 0
-367 5 9 10 0
367 -10 -5 -9 0
367 -10 5 9 0
367 5 -9 10 0
367 -5 9 10 0
-368 -18 11 -17 0
-368 17 -11 -18 0
-368 -11 -17 18 0
-368 11 18 17 0
368 -11 -17 -18 0
368 -18 11 17 0
368 11 18 -17 0
368 17 -11 18 0
-369 -21 19 -20 0
-369 -21 -19 20 0
-369 21 -19 -20 0
-369 21 19 20 0
369 -21 -19 -20 0
369 -21 20 19 0
369 21 19 -20 0
369 21 -19 20 0
-366 -370 -27 26 0
-366 -370 27 -26 0
366 -370 -27 -26 0
366 -370 27 26 0
370 -366 -27 -26 0
370 -366 27 26 0
366 370 26 -27 0
366 370 27 -26 0
367 -368 -370 -369 0
-367 -369 -370 368 0
-367 -368 -370 369 0
367 369 368 -370 0
-367 -369 -368 370 0
367 368 370 -369 0
367 369 370 -368 0
-367 368 370 369 0
-371 -4 -5 78 0
-371 -78 4 -5 0
-371 -4 -78 5 0
-371 78 4 5 0
371 -4 -78 -5 0
371 78 4 -5 0
371 5 78 -4 0
371 -78 4 5 0
-372 -7 -8 6 0
-372 -6 -8 7 0
-372 -6 -7 8 0
-372 7 6 8 0
372 -6 -7 -8 0
372 7 6 -8 0
372 8 6 -7 0
372 -6 7 8 0
-373 -12 -10 9 0
-373 -12 -9 10 0
-373 12 -9 -10 0
-373 12 9 10 0
373 -12 -10 -9 0
373 -12 9 10 0
373 12 9 -10 0
373 12 -9 10 0
-374 -15 14 -16 0
-374 -14 15 -16 0
-374 -15 -14 16 0
-374 14 16 15 0
374 -15 -14 -16 0
374 14 -16 15 0
374 -15 14 16 0
374 -14 15 16 0
-375 -21 -19 18 0
-375 -21 -18 19 0
-375 21 -18 -19 0
-375 21 18 19 0
-21 375 -18 -19 0
375 -21 18 19 0
375 21 -19 18 0
21 -18 19 375 0
-373 371 -372 -376 0
-373 -376 372 -371 0
-371 -372 373 -376 0
371 373 372 -376 0
-371 -372 376 -373 0
371 376 372 -373 0
371 -372 376 373 0
373 376 372 -371 0
374 -375 -376 0
-374 -376 375 0
-374 -375 376 0
374 376 375 0
-377 -4 -3 79 0
-377 3 -79 -4 0
-377 -3 -79 4 0
-377 3 79 4 0
377 -3 -79 -4 0
377 -4 79 3 0
377 -3 4 79 0
377 -79 4 3 0
-378 6 -9 -10 0
-378 -6 -10 9 0
-378 -6 -9 10 0
-378 6 10 9 0
378 -6 -10 -9 0
378 6 9 -10 0
378 10 -9 6 0
378 -6 10 9 0
-379 -15 -17 13 0
-379 -13 -17 15 0
-379 17 -13 -15 0
-379 17 13 15 0
379 -15 -17 -13 0
379 15 -17 13 0
379 -15 17 13 0
379 -13 17 15 0
-380 21 -22 -23 0
-380 -21 22 -23 0
-380 -21 -22 23 0
-380 21 22 23 0
380 -21 -23 -22 0
380 21 22 -23 0
380 21 -22 23 0
380 -21 23 22 0
-381 25 -26 -27 0
-381 -25 -27 26 0
-381 -26 -25 27 0
-381 25 26 27 0
381 -25 -27 -26 0
381 -27 25 26 0
381 -26 27 25 0
381 27 -25 26 0
377 -378 -379 -382 0
-377 -382 -379 378 0
-378 -377 -382 379 0
377 378 379 -382 0
-378 382 -379 -377 0
377 378 -379 382 0
377 -378 382 379 0
-377 379 382 378 0
380 -381 -382 0
-380 381 -382 0
-381 -380 382 0
381 380 382 0
-383 -1 80 -3 0
-3 1 -80 -383 0
3 -383 -80 -1 0
1 -383 80 3 0
383 -3 -80 -1 0
383 1 80 -3 0
383 3 80 -1 0
383 1 -80 3 0
-384 -12 7 -11 0
-384 11 -7 -12 0
-384 12 -7 -11 0
-384 11 7 12 0
384 -11 -7 -12 0
384 -12 7 11 0
384 7 12 -11 0
384 12 -7 11 0
-385 -18 13 -16 0
-385 -18 -13 16 0
-385 -13 18 -16 0
-385 18 13 16 0
385 -18 -16 -13 0
385 -18 13 16 0
385 -16 13 18 0
385 -13 18 16 0
-386 -20 19 -22 0
-386 20 -22 -19 0
-386 -20 -19 22 0
-386 22 19 20 0
386 -20 -22 -19 0
386 20 19 -22 0
386 22 19 -20 0
386 22 -19 20 0
-387 -25 -24 23 0
-387 24 -25 -23 0
-387 -23 25 -24 0
-387 25 23 24 0
387 -25 -24 -23 0
387 24 -25 23 0
387 -24 25 23 0
387 -23 24 25 0
-383 -388 -27 26 0
-383 -388 -26 27 0
383 -388 -26 -27 0
383 -388 27 26 0
-383 -26 388 -27 0
-383 27 26 388 0
383 388 26 -27 0
383 -26 27 388 0
-385 -389 -386 384 0
-384 385 -389 -386 0
-385 -389 386 -384 0
384 385 386 -389 0
-384 -385 -386 389 0
384 385 389 -386 0
384 389 386 -385 0
385 389 386 -384 0
-389 387 -388 0
-389 -387 388 0
389 -387 -388 0
389 387 388 0
-390 -2 81 -3 0
-390 2 -81 -3 0
-390 -2 -81 3 0
-390 2 81 3 0
390 -2 -81 -3 0
390 -3 81 2 0
390 -2 81 3 0
390 2 -81 3 0
-6 5 -8 -391 0
-8 -5 -391 6 0
-391 8 -5 -6 0
-391 8 6 5 0
-6 391 -8 -5 0
391 6 5 -8 0
-6 391 5 8 0
391 8 -5 6 0
-392 -12 10 -11 0
-392 -10 11 -12 0
-392 -10 -11 12 0
-392 11 10 12 0
392 -12 -10 -11 0
392 11 10 -12 0
392 12 10 -11 0
392 -10 11 12 0
-15 -17 -393 13 0
15 -13 -17 -393 0
-15 -13 -393 17 0
15 17 13 -393 0
393 -15 -17 -13 0
393 15 -17 13 0
393 -15 17 13 0
393 17 -13 15 0
-22 -19 -394 18 0
-18 -22 19 -394 0
-18 22 -394 -19 0
22 18 -394 19 0
394 -22 -19 -18 0
394 18 19 -22 0
394 18 22 -19 0
394 22 19 -18 0
-390 -395 -391 25 0
390 -395 -25 -391 0
-390 391 -25 -395 0
390 391 25 -395 0
-390 395 -391 -25 0
390 25 -391 395 0
-390 395 25 391 0
390 395 391 -25 0
-395 392 -394 -393 0
-392 -395 393 -394 0
-392 -395 -393 394 0
392 393 394 -395 0
395 -392 -393 -394 0
395 392 393 -394 0
395 394 -393 392 0
395 -392 394 393 0
-396 -2 82 -3 0
-396 2 -82 -3 0
-396 3 -82 -2 0
-396 2 82 3 0
396 -2 -82 -3 0
396 -3 82 2 0
396 -2 82 3 0
396 2 -82 3 0
-397 -10 4 -12 0
-397 -4 10 -12 0
-397 -4 12 -10 0
-397 12 4 10 0
397 -12 -4 -10 0
397 10 4 -12 0
397 -10 4 12 0
397 -4 10 12 0
-398 -15 -14 13 0
-398 -15 -13 14 0
-398 -14 15 -13 0
-398 14 13 15 0
398 -15 -14 -13 0
398 -15 13 14 0
398 -14 13 15 0
398 14 -13 15 0
-399 -21 16 -18 0
-399 -21 18 -16 0
-399 21 -18 -16 0
-399 21 18 16 0
399 -21 -16 -18 0
399 -21 18 16 0
399 21 -18 16 0
399 21 18 -16 0
-400 24 -25 -26 0
-400 -26 -24 25 0
-400 -24 26 -25 0
-400 24 26 25 0
400 -25 -24 -26 0
400 25 -26 24 0
400 24 26 -25 0
400 -24 26 25 0
396 -397 -401 -398 0
-396 397 -398 -401 0
-396 -397 -401 398 0
396 398 -401 397 0
-396 401 -398 -397 0
396 397 401 -398 0
396 -397 398 401 0
-396 397 401 398 0
399 -401 -400 0
-399 -401 400 0
-399 401 -400 0
399 401 400 0
-402 -2 83 -5 0
-402 2 -83 -5 0
-402 -83 -2 5 0
-402 5 83 2 0
402 -83 -2 -5 0
402 83 -5 2 0
402 -2 83 5 0
402 -83 5 2 0
7 -9 -403 -8 0
8 -9 -7 -403 0
-7 -403 -8 9 0
8 7 -403 9 0
403 -7 -9 -8 0
403 7 8 -9 0
403 9 -8 7 0
403 -7 9 8 0
-404 12 -19 -16 0
-404 -12 -19 16 0
-404 -12 19 -16 0
-404 19 16 12 0
404 -12 -19 -16 0
404 12 -19 16 0
404 12 19 -16 0
404 -12 16 19 0
-405 -24 23 -25 0
-405 24 -25 -23 0
-405 -23 25 -24 0
-405 25 23 24 0
405 -25 -24 -23 0
24 405 -25 23 0
405 -24 25 23 0
405 -23 24 25 0
-402 -406 28 -403 0
-406 -28 -403 402 0
-402 -406 -28 403 0
402 -406 28 403 0
-402 -28 -403 406 0
402 28 -403 406 0
-402 403 28 406 0
402 403 -28 406 0
-404 -406 -405 0
404 -406 405 0
404 406 -405 0
-404 406 405 0
-407 84 -8 -3 0
-84 3 -8 -407 0
-84 8 -3 -407 0
3 -407 84 8 0
407 -84 -8 -3 0
407 3 -8 84 0
407 8 -3 84 0
407 -84 3 8 0
-408 12 -13 -16 0
-408 -12 -16 13 0
-408 -12 -13 16 0
-408 12 13 16 0
408 -12 -16 -13 0
408 -16 13 12 0
408 -13 16 12 0
408 -12 13 16 0
-409 17 -18 -19 0
18 -19 -17 -409 0
-18 -409 -17 19 0
18 19 17 -409 0
409 -18 -17 -19 0
409 18 17 -19 0
409 17 -18 19 0
409 18 -17 19 0
-410 -25 20 -23 0
-410 -20 23 -25 0
-410 -20 25 -23 0
-410 20 23 25 0
410 -23 -25 -20 0
410 -25 20 23 0
410 -23 20 25 0
410 25 23 -20 0
-407 -411 -27 26 0
-407 -26 27 -411 0
407 -411 -26 -27 0
407 -411 27 26 0
-407 -26 411 -27 0
-407 27 26 411 0
407 411 -27 26 0
407 -26 411 27 0
-408 -410 -411 -409 0
409 -410 -411 408 0
408 -411 -409 410 0
-408 410 -411 409 0
408 411 -409 -410 0
-408 409 -410 411 0
-408 410 -409 411 0
408 410 411 409 0
-30 -412 0
-412 -29 0
29 412 30 0
-413 -31 0
412 -413 0
31 413 -412 0
-414 -32 0
413 -414 0
32 414 -413 0
-33 -415 0
-415 414 0
-414 415 33 0
-34 -416 0
-416 415 0
34 -415 416 0
-417 -35 0
-417 416 0
35 -416 417 0
-418 -36 0
-418 417 0
36 -417 418 0
-419 -37 0
-419 418 0
-418 37 419 0
-420 -38 0
-420 419 0
38 -419 420 0
-421 -39 0
-421 420 0
39 -420 421 0
-422 -40 0
-422 421 0
-421 40 422 0
-423 -41 0
-423 422 0
41 -422 423 0
-42 -424 0
-424 423 0
42 -423 424 0
-425 -43 0
-425 424 0
-424 43 425 0
-426 -44 0
-426 425 0
44 -425 426 0
-427 -45 0
-427 426 0
-426 45 427 0
-428 -46 0
-428 427 0
46 -427 428 0
-429 -47 0
-429 428 0
-430 -48 0
-430 429 0
-431 -49 0
-431 430 0
-432 -50 0
-432 431 0
-433 -51 0
-433 432 0
-434 -52 0
-434 433 0
-435 -53 0
-435 434 0
-436 -54 0
-436 435 0
-437 -55 0
-437 436 0
-438 -56 0
-438 437 0
-439 -57 0
-439 438 0
-440 -58 0
-440 439 0
-441 -59 0
-441 440 0
-442 -60 0
-442 441 0
-443 -61 0
-443 442 0
-444 -62 0
-444 443 0
-445 -63 0
-445 444 0
-446 -64 0
-446 445 0
-447 -65 0
-447 446 0
-448 -66 0
-448 447 0
-449 -67 0
-449 448 0
-450 -68 0
-450 449 0
-451 -69 0
-451 450 0
-452 -70 0
-452 451 0
-453 -71 0
-453 452 0
-454 453 0
-455 -73 0
-455 454 0
-456 455 0
-457 -75 0
-457 456 0
-458 -76 0
-458 457 0
-459 458 0
-460 459 0
-461 -30 -29 0
30 461 0
29 461 0
-462 461 0
412 -462 -31 0
462 -461 -412 0
462 -463 0
-463 413 -32 0
-462 -413 463 0
32 -462 463 0
-464 463 0
-33 -464 414 0
-463 33 464 0
-465 464 0
-465 -34 415 0
-464 465 -415 0
-464 465 34 0
-466 465 0
-466 416 -35 0
-465 35 466 0
-467 466 0
-467 -36 417 0
-466 467 36 0
-468 467 0
-468 -37 418 0
-467 468 37 0
-469 468 0
-469 -38 419 0
-468 469 -419 0
469 -468 38 0
-470 469 0
-470 -39 420 0
-469 -420 470 0
-469 470 39 0
-471 470 0
-471 -40 421 0
-421 471 -470 0
-470 471 40 0
-472 471 0
-472 -41 422 0
-422 472 -471 0
472 -471 41 0
-473 472 0
-473 -42 423 0
473 -423 -472 0
42 -472 473 0
-474 473 0
-474 -43 424 0
-473 474 43 0
-475 474 0
-475 -44 425 0
-474 475 44 0
-476 475 0
-476 -45 426 0
-475 476 45 0
-477 476 0
-477 -46 427 0
-476 -427 477 0
-476 477 46 0
-478 477 0
-478 -47 428 0
-477 478 -428 0
-477 478 47 0
-479 478 0
-479 -48 429 0
-478 479 48 0
-480 479 0
-480 -49 430 0
-479 480 49 0
-481 480 0
-481 -50 431 0
-480 481 -431 0
-480 481 50 0
-482 481 0
-482 -51 432 0
-481 482 51 0
-483 482 0
-483 -52 433 0
-482 483 52 0
-484 483 0
-484 -53 434 0
-483 484 53 0
-485 484 0
-485 -54 435 0
485 -484 -435 0
-484 485 54 0
-486 485 0
-486 -55 436 0
486 -485 55 0
-487 486 0
-487 -56 437 0
-486 487 56 0
-488 487 0
-488 -57 438 0
-487 488 57 0
-489 488 0
-489 -58 439 0
-488 -439 489 0
-488 489 58 0
-490 489 0
-490 -59 440 0
-489 490 59 0
-491 490 0
-491 -60 441 0
-490 491 60 0
-492 491 0
-492 -61 442 0
-493 492 0
-493 -62 443 0
-492 493 62 0
-494 493 0
-494 -63 444 0
-495 494 0
-495 -64 445 0
-494 495 64 0
-496 495 0
-496 -65 446 0
-495 496 65 0
-497 496 0
-497 -66 447 0
-498 497 0
-498 -67 448 0
-499 498 0
-499 -68 449 0
-500 499 0
-500 -69 450 0
-501 500 0
-501 -70 451 0
-502 501 0
-502 -71 452 0
-503 502 0
-503 -72 453 0
-504 503 0
-504 -73 454 0
-505 504 0
-505 -74 455 0
-506 505 0
-506 -75 456 0
-507 506 0
-507 -76 457 0
-508 507 0
-508 -77 458 0
-509 508 0
-509 -78 459 0
-510 509 0
-510 -79 460 0
-511 461 -31 0
31 511 0
-461 511 0
-512 511 0
-512 462 -32 0
-462 -511 512 0
-513 512 0
-513 -33 463 0
-463 -512 513 0
-514 513 0
-514 -34 464 0
514 -513 -464 0
-515 514 0
-515 465 -35 0
515 -514 -465 0
515 -514 35 0
-516 515 0
-516 -36 466 0
516 -515 -466 0
-517 516 0
-517 -37 467 0
517 -516 -467 0
-518 517 0
-518 -38 468 0
518 -517 -468 0
518 -517 38 0
-519 518 0
-519 -39 469 0
519 -518 -469 0
519 -518 39 0
-520 519 0
-520 -40 470 0
520 -519 -470 0
520 -519 40 0
-521 520 0
-521 -41 471 0
521 -520 -471 0
521 -520 41 0
-522 521 0
-522 -42 472 0
522 -521 -472 0
522 -521 42 0
-523 522 0
-523 -43 473 0
523 -522 -473 0
523 -522 43 0
-524 523 0
-524 -44 474 0
524 -523 -474 0
524 -523 44 0
-525 524 0
-525 -45 475 0
525 -524 -475 0
525 -524 45 0
-526 525 0
-526 -46 476 0
526 -525 -476 0
526 -525 46 0
-527 526 0
-527 -47 477 0
527 -526 -477 0
527 -526 47 0
-528 527 0
-528 -48 478 0
528 -527 -478 0
528 -527 48 0
-529 528 0
-529 -49 479 0
529 -528 -479 0
529 -528 49 0
-530 529 0
-530 -50 480 0
530 -529 -480 0
530 -529 50 0
-531 530 0
-531 -51 481 0
531 -530 -481 0
531 -530 51 0
-532 531 0
-532 -52 482 0
532 -531 -482 0
532 -531 52 0
-533 532 0
-533 -53 483 0
533 -532 -483 0
533 -532 53 0
-534 533 0
-534 -54 484 0
534 -484 -533 0
534 -533 54 0
-535 534 0
-535 -55 485 0
535 -534 -485 0
535 -534 55 0
-536 535 0
-536 -56 486 0
536 -535 -486 0
536 -535 56 0
-537 536 0
-537 -57 487 0
-487 537 -536 0
537 -536 57 0
-538 537 0
-538 -58 488 0
538 -488 -537 0
538 -537 58 0
-539 538 0
-539 -59 489 0
-489 539 -538 0
539 -538 59 0
-540 539 0
-540 -60 490 0
540 -539 -490 0
540 -539 60 0
-541 540 0
-541 -61 491 0
-491 541 -540 0
541 -540 61 0
-542 541 0
-542 -62 492 0
542 -541 -492 0
542 -541 62 0
-543 542 0
-543 -63 493 0
-493 543 -542 0
543 -542 63 0
-544 543 0
-544 -64 494 0
544 -543 -494 0
544 -543 64 0
-545 544 0
-545 -65 495 0
-495 545 -544 0
545 -544 65 0
-546 545 0
-546 -66 496 0
546 -545 66 0
-547 546 0
-547 -67 497 0
547 -546 67 0
-548 547 0
-548 -68 498 0
-549 548 0
-549 -69 499 0
-550 549 0
-550 -70 500 0
550 -549 70 0
-551 550 0
-551 -71 501 0
551 -550 71 0
-552 551 0
-552 -72 502 0
-553 552 0
-553 -73 503 0
-554 553 0
-554 -74 504 0
-555 554 0
-555 -75 505 0
-556 555 0
-556 -76 506 0
-557 556 0
-557 -77 507 0
-558 557 0
-558 -78 508 0
-559 558 0
-559 -79 509 0
-560 559 0
-560 -80 510 0
511 -561 -32 0
32 561 0
-511 561 0
-562 561 0
512 -562 -33 0
-512 -561 562 0
-563 562 0
513 -563 -34 0
-513 -562 563 0
-564 563 0
514 -564 -35 0
-514 -563 564 0
-565 564 0
515 -565 -36 0
-515 -564 565 0
-566 565 0
516 -566 -37 0
-516 -565 566 0
-567 566 0
517 -567 -38 0
567 -566 -517 0
-568 567 0
518 -568 -39 0
568 -567 -518 0
-569 568 0
519 -569 -40 0
569 -568 -519 0
-570 569 0
520 -570 -41 0
-520 -569 570 0
-571 570 0
521 -571 -42 0
571 -570 -521 0
-572 571 0
522 -572 -43 0
-522 -571 572 0
-573 572 0
523 -573 -44 0
-523 -572 573 0
-574 573 0
524 -574 -45 0
-524 -573 574 0
574 -573 45 0
-575 574 0
525 -575 -46 0
-525 -574 575 0
-576 575 0
526 -576 -47 0
-526 -575 576 0
576 -575 47 0
-577 576 0
527 -577 -48 0
-527 -576 577 0
577 -576 48 0
-578 577 0
528 -578 -49 0
578 -577 -528 0
578 -577 49 0
-579 578 0
529 -579 -50 0
579 -578 -529 0
579 -578 50 0
-580 579 0
530 -580 -51 0
580 -579 -530 0
580 -579 51 0
-581 580 0
531 -581 -52 0
581 -580 -531 0
581 -580 52 0
-582 581 0
532 -582 -53 0
582 -581 -532 0
582 -581 53 0
-583 582 0
533 -583 -54 0
583 -582 -533 0
583 -582 54 0
-584 583 0
534 -584 -55 0
-534 -583 584 0
584 -583 55 0
-585 584 0
535 -585 -56 0
-535 -584 585 0
585 -584 56 0
-586 585 0
536 -586 -57 0
-536 -585 586 0
586 -585 57 0
-587 586 0
537 -587 -58 0
-537 -586 587 0
587 -586 58 0
-588 587 0
538 -588 -59 0
-538 -587 588 0
588 -587 59 0
-589 588 0
539 -589 -60 0
-539 -588 589 0
-588 589 60 0
-590 589 0
540 -590 -61 0
-540 -589 590 0
-589 590 61 0
-591 590 0
541 -591 -62 0
-541 -590 591 0
-590 591 62 0
-592 591 0
542 -592 -63 0
-542 -591 592 0
-591 592 63 0
-593 592 0
543 -593 -64 0
-543 -592 593 0
-592 593 64 0
-594 593 0
544 -594 -65 0
-544 -593 594 0
-593 594 65 0
-595 594 0
545 -595 -66 0
-545 -594 595 0
-594 595 66 0
-596 595 0
546 -596 -67 0
-546 -595 596 0
-595 596 67 0
-597 596 0
547 -597 -68 0
-547 -596 597 0
-596 597 68 0
-598 597 0
548 -598 -69 0
-548 -597 598 0
-597 598 69 0
-599 598 0
549 -599 -70 0
-549 -598 599 0
-598 599 70 0
-600 599 0
550 -600 -71 0
-550 -599 600 0
-599 600 71 0
-601 600 0
551 -601 -72 0
-551 -600 601 0
-600 601 72 0
-602 601 0
552 -602 -73 0
-552 -601 602 0
-601 602 73 0
-603 602 0
553 -603 -74 0
-553 -602 603 0
-602 603 74 0
-604 603 0
554 -604 -75 0
-603 604 75 0
-605 604 0
555 -605 -76 0
-604 605 76 0
-606 605 0
556 -606 -77 0
-607 606 0
557 -607 -78 0
-606 607 78 0
-608 607 0
-608 558 -79 0
-607 608 79 0
-609 608 0
-609 559 -80 0
-610 609 0
-610 560 -81 0
561 -611 -33 0
-561 611 0
-612 611 0
-612 562 -34 0
612 -562 -611 0
-613 612 0
563 -613 -35 0
613 -563 -612 0
-614 613 0
564 -614 -36 0
614 -564 -613 0
-615 614 0
-615 565 -37 0
615 -565 -614 0
-616 615 0
566 -616 -38 0
616 -566 -615 0
-617 616 0
-617 567 -39 0
617 -567 -616 0
-618 617 0
568 -618 -40 0
618 -568 -617 0
-619 618 0
-619 569 -41 0
619 -569 -618 0
-620 619 0
570 -620 -42 0
620 -570 -619 0
-621 620 0
-621 571 -43 0
621 -571 -620 0
-622 621 0
572 -622 -44 0
622 -572 -621 0
-623 622 0
-623 573 -45 0
623 -573 -622 0
-624 623 0
574 -624 -46 0
624 -574 -623 0
-625 624 0
-625 575 -47 0
625 -575 -624 0
-626 625 0
576 -626 -48 0
626 -576 -625 0
-627 626 0
-627 577 -49 0
627 -577 -626 0
-628 627 0
578 -628 -50 0
628 -627 -578 0
-629 628 0
-629 579 -51 0
-579 629 -628 0
629 -628 51 0
-630 629 0
580 -630 -52 0
630 -629 -580 0
-629 630 52 0
-631 630 0
581 -631 -53 0
-581 631 -630 0
631 -630 53 0
-632 631 0
-632 582 -54 0
632 -582 -631 0
632 -631 54 0
-633 632 0
583 -633 -55 0
-583 633 -632 0
633 -632 55 0
-634 633 0
-634 584 -56 0
634 -584 -633 0
634 -633 56 0
-635 634 0
585 -635 -57 0
635 -585 -634 0
635 -634 57 0
-636 635 0
586 -636 -58 0
636 -586 -635 0
636 -635 58 0
-637 636 0
-637 587 -59 0
637 -587 -636 0
637 -636 59 0
-638 637 0
-638 588 -60 0
-588 638 -637 0
638 -637 60 0
-639 638 0
589 -639 -61 0
-638 -589 639 0
-638 639 61 0
-640 639 0
-640 590 -62 0
-590 640 -639 0
640 -639 62 0
-641 640 0
-641 591 -63 0
-640 -591 641 0
641 -640 63 0
-642 641 0
592 -642 -64 0
-641 -592 642 0
-641 642 64 0
-643 642 0
593 -643 -65 0
-593 643 -642 0
643 -642 65 0
-644 643 0
-644 594 -66 0
-594 644 -643 0
644 -643 66 0
-645 644 0
-645 595 -67 0
-644 -595 645 0
-644 645 67 0
-646 645 0
596 -646 -68 0
-645 -596 646 0
-645 646 68 0
-647 646 0
597 -647 -69 0
-597 647 -646 0
647 -646 69 0
-648 647 0
598 -648 -70 0
-598 648 -647 0
648 -647 70 0
-649 648 0
-649 599 -71 0
-599 649 -648 0
649 -648 71 0
-650 649 0
600 -650 -72 0
-649 -600 650 0
650 -649 72 0
-651 650 0
-651 601 -73 0
-601 651 -650 0
651 -650 73 0
-652 651 0
602 -652 -74 0
-651 -602 652 0
-651 652 74 0
-653 652 0
-653 603 -75 0
-603 653 -652 0
653 -652 75 0
-654 653 0
604 -654 -76 0
-653 -604 654 0
-653 654 76 0
-655 654 0
-655 605 -77 0
-605 655 -654 0
655 -654 77 0
-656 655 0
606 -656 -78 0
-655 -606 656 0
-655 656 78 0
-657 656 0
607 -657 -79 0
-607 -656 657 0
-656 657 79 0
-658 657 0
-658 608 -80 0
-657 -608 658 0
-659 658 0
-659 609 -81 0
-660 659 0
-660 610 -82 0
-661 611 -34 0
-611 661 0
-662 661 0
612 -662 -35 0
-612 -661 662 0
35 -661 662 0
-663 662 0
613 -663 -36 0
-613 -662 663 0
36 -662 663 0
-664 663 0
614 -664 -37 0
-614 -663 664 0
-663 37 664 0
-665 664 0
615 -665 -38 0
-615 -664 665 0
-666 665 0
616 -666 -39 0
-616 -665 666 0
39 -665 666 0
-667 666 0
617 -667 -40 0
-617 -666 667 0
40 -666 667 0
-668 667 0
618 -668 -41 0
-618 -667 668 0
41 -667 668 0
-669 668 0
-669 619 -42 0
-619 -668 669 0
-670 669 0
620 -670 -43 0
-620 -669 670 0
43 -669 670 0
-671 670 0
-671 621 -44 0
-621 -670 671 0
-670 44 671 0
-672 671 0
622 -672 -45 0
-622 -671 672 0
-671 45 672 0
-673 672 0
-673 623 -46 0
-623 -672 673 0
-674 673 0
624 -674 -47 0
-624 -673 674 0
-673 47 674 0
-675 674 0
-675 625 -48 0
-625 -674 675 0
-674 48 675 0
-676 675 0
626 -676 -49 0
-626 -675 676 0
-675 49 676 0
-677 676 0
-677 627 -50 0
-627 -676 677 0
-676 50 677 0
-678 677 0
628 -678 -51 0
-628 -677 678 0
-677 51 678 0
-679 678 0
-679 629 -52 0
-629 -678 679 0
-680 679 0
630 -680 -53 0
-679 -630 680 0
-679 53 680 0
-681 680 0
-681 631 -54 0
-631 -680 681 0
-680 54 681 0
-682 681 0
632 -682 -55 0
-632 -681 682 0
-681 55 682 0
-683 682 0
-683 633 -56 0
-633 -682 683 0
-682 56 683 0
-684 683 0
634 -684 -57 0
-634 -683 684 0
57 -683 684 0
-685 684 0
-685 635 -58 0
-635 -684 685 0
58 -684 685 0
-686 685 0
636 -686 -59 0
-636 -685 686 0
59 -685 686 0
-687 686 0
-687 637 -60 0
-637 -686 687 0
60 -686 687 0
-688 687 0
638 -688 -61 0
-638 -687 688 0
61 -687 688 0
-689 688 0
-689 639 -62 0
-639 -688 689 0
62 -688 689 0
-690 689 0
640 -690 -63 0
-689 -640 690 0
-689 63 690 0
-691 690 0
-691 641 -64 0
-641 -690 691 0
-692 691 0
642 -692 -65 0
-691 -642 692 0
-691 65 692 0
-693 692 0
-693 643 -66 0
-643 -692 693 0
66 -692 693 0
-694 693 0
644 -694 -67 0
-693 -644 694 0
-693 67 694 0
-695 694 0
-695 645 -68 0
-645 -694 695 0
-696 695 0
646 -696 -69 0
-695 -646 696 0
-695 69 696 0
-697 696 0
-697 647 -70 0
-647 -696 697 0
70 -696 697 0
-698 697 0
648 -698 -71 0
-697 -648 698 0
-697 71 698 0
-699 698 0
-699 649 -72 0
-649 -698 699 0
72 -698 699 0
-700 699 0
650 -700 -73 0
-699 -650 700 0
-699 73 700 0
-701 700 0
-701 651 -74 0
-651 -700 701 0
74 -700 701 0
-702 701 0
652 -702 -75 0
-701 -652 702 0
-701 75 702 0
-703 702 0
-703 653 -76 0
76 -702 703 0
-704 703 0
654 -704 -77 0
-703 -654 704 0
-703 77 704 0
-705 704 0
655 -705 -78 0
78 -704 705 0
-706 705 0
656 -706 -79 0
-656 -705 706 0
79 -705 706 0
-707 706 0
657 -707 -80 0
-708 707 0
-708 658 -81 0
-709 708 0
-709 -82 659 0
-710 709 0
-83 -710 660 0
-35 661 -711 0
711 -712 0
-36 662 -712 0
712 -713 0
-37 663 -713 0
713 -714 0
-38 664 -714 0
714 -715 0
-39 665 -715 0
715 -716 0
-40 666 -716 0
716 -717 0
-41 667 -717 0
717 -718 0
718 -719 0
-43 669 -719 0
719 -720 0
-44 670 -720 0
720 -721 0
-45 671 -721 0
721 -722 0
-46 672 -722 0
722 -723 0
-47 673 -723 0
723 -724 0
-48 674 -724 0
724 -725 0
-49 675 -725 0
725 -726 0
-50 676 -726 0
726 -727 0
-51 677 -727 0
727 -728 0
-52 678 -728 0
728 -729 0
-53 679 -729 0
729 -730 0
-54 680 -730 0
730 -731 0
-55 681 -731 0
731 -732 0
-56 682 -732 0
732 -733 0
-57 683 -733 0
733 -734 0
-58 684 -734 0
734 -735 0
-59 685 -735 0
735 -736 0
-60 686 -736 0
736 -737 0
-61 687 -737 0
737 -738 0
-62 688 -738 0
738 -739 0
-63 689 -739 0
739 -740 0
-64 690 -740 0
740 -741 0
-65 691 -741 0
741 -742 0
-66 692 -742 0
742 -743 0
-67 693 -743 0
743 -744 0
-68 694 -744 0
744 -745 0
-69 695 -745 0
745 -746 0
-70 696 -746 0
746 -747 0
-71 697 -747 0
747 -748 0
-72 698 -748 0
748 -749 0
-73 699 -749 0
749 -750 0
-74 700 -750 0
750 -751 0
-75 701 -751 0
751 -752 0
-76 702 -752 0
752 -753 0
-77 703 -753 0
753 -754 0
-78 704 -754 0
754 -755 0
-79 705 -755 0
755 -756 0
-80 706 -756 0
756 -757 0
-81 707 -757 0
757 -758 0
-82 708 -758 0
758 -759 0
-83 709 -759 0
759 -760 0
-84 710 -760 0
760 0
