p cnf 210 739
188 44 -92 0
66 -18 -29 0
197 154 -206 0
-21 173 -17 0
182 117 -13 0
-35 -71 10 0
131 167 -202 0
183 46 15 0
-57 -177 -106 0
156 137 -45 0
80 180 -99 0
178 64 -157 0
-90 5 62 0
-31 -53 56 0
-160 22 91 0
42 152 -2 0
16 204 149 0
12 196 -104 0
11 135 139 0
209 119 -108 0
89 166 59 0
-118 -75 47 0
-3 60 -70 0
-195 50 -201 0
129 51 -187 0
-74 -155 -121 0
179 -148 -76 0
-81 -175 191 0
14 -170 26 0
25 130 153 0
40 103 159 0
9 -58 30 0
39 -145 -203 0
28 -186 85 0
72 -162 37 0
-54 116 43 0
163 -34 95 0
-194 -168 122 0
-94 -87 -132 0
-112 -38 4 0
-176 138 -161 0
7 -23 -200 0
-172 79 105 0
84 126 123 0
165 -93 198 0
205 -69 208 0
169 133 86 0
184 -100 -199 0
115 -150 61 0
73 193 -33 0
210 102 144 0
-171 -27 136 0
127 164 -63 0
190 -101 142 0
-48 -97 -1 0
-185 192 120 0
110 8 -83 0
-32 114 -140 0
-98 20 -77 0
-124 -151 24 0
49 -67 68 0
55 181 82 0
-134 174 88 0
78 -52 125 0
19 6 41 0
128 111 107 0
158 -143 -207 0
-146 36 -65 0
189 -96 113 0
109 -141 147 0
185 -111 -50 0
143 -79 -165 0
-66 -6 -158 0
-19 -16 186 0
157 146 90 0
-169 -197 -167 0
38 -191 -88 0
76 -196 98 0
195 -181 52 0
27 -125 -61 0
-113 -84 -47 0
-210 104 29 0
-174 -135 -137 0
-164 -103 118 0
-144 17 -9 0
-198 -117 -41 0
200 -4 67 0
70 187 -43 0
-78 -128 -115 0
75 -59 -204 0
-184 -10 -12 0
-60 1 -120 0
-14 141 -192 0
93 134 -159 0
34 155 176 0
-139 96 -110 0
-193 -136 -129 0
-56 45 -205 0
202 121 -180 0
145 -152 -119 0
-91 207 -49 0
-123 108 -190 0
-73 3 -11 0
-209 -95 87 0
-30 -15 140 0
-127 58 -26 0
-149 -189 112 0
74 148 97 0
-138 -40 172 0
92 -178 -20 0
-55 -133 -80 0
170 -86 -89 0
-62 -72 -122 0
-154 -208 57 0
160 -116 23 0
201 177 -46 0
-166 21 194 0
161 -42 -131 0
-153 -105 65 0
54 18 100 0
-22 -107 -142 0
-28 53 -25 0
124 63 -182 0
-156 -8 99 0
-36 151 81 0
206 33 -126 0
-44 -183 94 0
-102 -39 -114 0
83 -163 -109 0
71 31 -173 0
2 175 -68 0
199 150 -188 0
-82 13 77 0
203 -85 -7 0
32 -37 -130 0
101 132 168 0
106 -51 69 0
171 162 35 0
-147 48 -5 0
-64 -24 -179 0
12 129 -86 0
-189 57 -65 0
95 130 -5 0
-74 -152 -137 0
-120 -187 140 0
163 -154 -124 0
148 -119 69 0
97 13 -167 0
33 -194 -30 0
-40 -59 -92 0
14 198 -109 0
-176 -32 -170 0
193 160 -104 0
151 -84 31 0
44 -182 136 0
-138 200 -190 0
-208 -88 107 0
-53 87 -71 0
128 3 -132 0
-112 -8 -159 0
83 -54 23 0
205 51 -38 0
-191 -133 102 0
-91 48 77 0
-63 81 105 0
19 66 78 0
110 -108 47 0
-10 -117 161 0
188 201 142 0
103 -141 -199 0
123 -90 174 0
100 -4 -192 0
16 -58 -156 0
-181 164 72 0
-127 22 -125 0
-29 -116 111 0
-96 -196 -45 0
150 27 -70 0
39 -122 7 0
-76 -37 145 0
34 146 -17 0
-209 -184 207 0
-98 -28 -106 0
165 121 -15 0
134 -18 -204 0
155 6 -178 0
75 85 -197 0
60 56 2 0
1 -9 166 0
185 -94 -180 0
73 101 -55 0
-35 -80 -175 0
89 157 -131 0
126 -169 -52 0
183 -82 -36 0
-11 -61 -20 0
206 -149 203 0
177 -186 162 0
195 172 49 0
202 -42 -43 0
46 -144 -79 0
171 -210 26 0
-113 -62 41 0
-64 139 -114 0
-21 -25 68 0
115 99 -143 0
173 158 -179 0
-153 168 -50 0
-118 -67 -147 0
93 -135 -24 0
-126 -171 91 0
-34 -172 154 0
182 -66 143 0
-139 -16 194 0
-105 -140 -200 0
-19 -107 30 0
-60 -47 -7 0
24 15 122 0
-193 38 -85 0
36 -174 -205 0
-103 -89 113 0
178 61 65 0
74 -14 210 0
59 -99 -202 0
-198 -39 192 0
54 -31 -129 0
-44 104 63 0
-3 114 191 0
170 -33 10 0
32 141 62 0
106 -2 -73 0
-177 180 -27 0
52 -87 -130 0
-13 11 -158 0
94 -46 -72 0
199 -22 80 0
179 -146 132 0
108 17 153 0
-69 -48 187 0
-195 28 4 0
50 138 -75 0
156 88 120 0
20 144 -110 0
209 53 -93 0
-162 -49 -23 0
190 167 -203 0
-151 -26 -12 0
196 147 175 0
124 -136 -201 0
149 -83 98 0
176 119 5 0
55 -100 92 0
-101 137 -128 0
109 -164 -165 0
-41 -161 -145 0
84 -102 118 0
64 152 35 0
-51 189 159 0
-97 208 -150 0
-163 -1 90 0
76 204 -6 0
18 116 -56 0
-134 -155 -148 0
-183 181 -206 0
58 82 67 0
9 186 -81 0
-142 43 -173 0
169 -68 -115 0
8 125 86 0
133 135 -111 0
117 -57 79 0
70 -95 -188 0
-157 96 112 0
127 40 -160 0
184 131 197 0
21 71 45 0
-185 42 37 0
-168 29 -207 0
25 -77 -121 0
-78 -123 -166 0
36 -157 -54 0
-195 169 -61 0
-101 -162 -29 0
160 75 48 0
24 72 22 0
148 192 175 0
5 -20 -15 0
59 -111 -207 0
84 176 63 0
155 -177 147 0
-2 166 -145 0
85 87 -26 0
181 41 115 0
163 -158 -68 0
200 -8 -56 0
-19 -159 -42 0
-21 1 -135 0
-102 138 186 0
-149 116 -45 0
204 -210 88 0
-35 -81 -108 0
151 -53 174 0
189 -146 -126 0
-77 161 -105 0
-194 -199 -178 0
103 153 47 0
-124 -10 -152 0
183 17 7 0
11 -38 167 0
73 -144 -171 0
-196 -141 86 0
40 66 -121 0
-58 39 -76 0
114 208 113 0
-69 206 -182 0
-44 132 49 0
205 172 -180 0
106 168 129 0
55 -191 65 0
170 74 -67 0
179 28 -6 0
202 164 -190 0
-98 125 140 0
27 30 -143 0
100 -136 71 0
18 139 62 0
-51 -52 60 0
-34 -91 -9 0
-46 -107 154 0
50 -118 23 0
-193 -95 3 0
70 165 -131 0
-185 64 203 0
78 37 57 0
-32 -16 80 0
-112 89 -128 0
14 83 133 0
-134 130 -92 0
150 137 -110 0
188 -120 -43 0
93 33 -94 0
-31 -25 4 0
-117 -187 -122 0
201 -82 -123 0
-104 -119 -156 0
96 -90 -12 0
173 99 -79 0
-97 -127 142 0
-13 -198 184 0
-209 197 -109 0
195 -174 -5 0
123 -170 -66 0
42 67 -140 0
-153 194 -87 0
-74 -33 102 0
-100 -164 128 0
131 156 90 0
-14 -40 76 0
110 94 -201 0
-103 108 -192 0
-139 146 -73 0
-129 -80 -137 0
-18 -86 -205 0
-155 -142 2 0
-47 -204 -208 0
-3 158 -50 0
-57 112 -165 0
162 -63 -30 0
-133 56 81 0
124 12 210 0
38 -49 -7 0
-39 191 -206 0
6 157 -17 0
-188 144 -130 0
-85 -88 29 0
-197 -147 -4 0
-36 121 21 0
127 135 -148 0
-138 25 97 0
15 -202 -125 0
-154 101 187 0
68 118 -65 0
198 -167 -173 0
-28 -169 -1 0
-181 159 -168 0
177 -163 -64 0
109 35 111 0
-116 -93 82 0
185 53 105 0
119 61 107 0
-72 -89 -203 0
-186 10 120 0
9 -160 122 0
-176 141 98 0
-62 77 -75 0
-60 -78 -96 0
43 -114 -200 0
26 207 -166 0
79 -41 104 0
32 -172 -150 0
-83 -115 -27 0
54 145 196 0
52 -70 180 0
-184 46 51 0
-48 16 -175 0
19 199 -55 0
-161 -99 45 0
34 209 -37 0
-183 190 -71 0
126 152 -179 0
-59 149 69 0
95 -151 13 0
-113 44 -22 0
-189 91 136 0
178 -106 -11 0
134 171 -84 0
193 -24 92 0
117 143 -132 0
8 31 -23 0
182 58 20 0
115 -203 105 0
-48 6 -192 0
134 132 -65 0
148 71 37 0
126 -82 147 0
38 62 -68 0
-149 -90 -107 0
28 -58 -173 0
196 41 125 0
177 -85 -30 0
84 -45 -76 0
131 -136 -88 0
202 -166 10 0
-164 141 61 0
36 -169 20 0
1 4 -111 0
193 101 -54 0
-55 -162 -18 0
-176 -121 -189 0
174 -116 186 0
-184 190 -50 0
201 -153 -158 0
-172 -31 -133 0
104 15 -142 0
119 21 -165 0
178 -123 -75 0
-2 -159 -26 0
89 -180 29 0
74 -113 39 0
129 17 135 0
-163 -127 81 0
151 -97 -168 0
3 144 -175 0
-95 72 197 0
199 27 -25 0
-51 -93 -188 0
198 77 43 0
-32 204 -156 0
182 34 -103 0
195 44 -150 0
-52 -42 112 0
64 11 -208 0
53 -46 140 0
138 -19 -179 0
170 94 128 0
73 -49 -9 0
-118 -146 -56 0
-124 102 22 0
-57 86 -7 0
-100 60 -130 0
-152 69 -207 0
66 -181 -120 0
117 -40 191 0
70 59 -200 0
-14 5 99 0
-139 -8 -106 0
157 167 122 0
79 -187 194 0
87 154 47 0
98 -137 -23 0
210 161 108 0
-160 80 -83 0
-185 -183 -143 0
-78 109 92 0
-91 67 -110 0
-24 145 35 0
155 -96 171 0
114 13 -206 0
205 16 63 0
209 33 -12 0
-134 -44 -66 0
25 206 -112 0
-157 -33 -20 0
133 -1 -147 0
32 50 -41 0
166 -11 111 0
14 -105 120 0
-196 -191 -205 0
137 -70 -199 0
58 -145 -201 0
-60 82 31 0
40 46 -170 0
68 -109 91 0
-74 -13 2 0
-151 176 8 0
49 -161 118 0
97 -43 -140 0
-174 56 -132 0
85 -63 -89 0
-92 -131 175 0
-115 23 90 0
-34 -198 207 0
-193 -126 208 0
156 165 149 0
103 75 -81 0
-101 -171 185 0
83 -182 -122 0
-104 130 180 0
-36 -59 142 0
-186 -135 51 0
-77 88 57 0
-144 -94 168 0
93 123 136 0
55 -62 -10 0
-28 -47 -15 0
187 -35 45 0
-117 -38 -71 0
76 -72 -190 0
100 -22 -16 0
150 26 -141 0
-194 -29 -125 0
159 -210 -39 0
-67 158 107 0
127 24 -108 0
179 -119 -80 0
96 164 48 0
163 -129 143 0
-64 -167 30 0
-98 172 160 0
54 189 110 0
188 173 -73 0
183 -6 116 0
106 121 162 0
-37 192 -197 0
-21 124 -4 0
78 139 -99 0
-155 -3 113 0
-209 -195 -177 0
184 -154 -84 0
-86 -5 -178 0
169 181 -148 0
19 203 146 0
95 -128 153 0
12 -61 -202 0
-102 65 -204 0
200 -17 -79 0
-138 9 152 0
-69 -27 7 0
42 -87 -114 0
18 52 -53 0
-113 -31 168 0
-100 208 -95 0
97 173 11 0
-151 -101 -109 0
-191 37 45 0
16 -92 99 0
-147 -79 137 0
159 -186 -86 0
-98 93 -41 0
-21 174 161 0
146 162 -108 0
180 -132 111 0
33 202 -50 0
63 57 -15 0
-176 201 -67 0
40 -118 152 0
38 -187 -165 0
18 -13 39 0
164 75 -55 0
156 -71 47 0
49 80 -81 0
32 155 -131 0
199 -14 114 0
-28 -91 3 0
-194 -58 140 0
157 198 59 0
-172 209 158 0
-135 -116 35 0
73 -163 115 0
56 -68 -204 0
89 -84 143 0
-51 53 175 0
123 -104 -107 0
-185 129 -190 0
183 20 -203 0
54 126 87 0
134 94 -117 0
60 77 -148 0
181 -1 -25 0
138 167 8 0
179 12 -121 0
34 42 30 0
184 78 -171 0
133 -192 142 0
-48 22 -197 0
-160 170 85 0
-66 149 -122 0
206 177 -44 0
145 -105 -7 0
64 -9 125 0
19 -150 120 0
-193 96 43 0
-90 -210 -200 0
-46 -196 -110 0
-195 153 112 0
-124 65 -27 0
83 169 139 0
74 -36 207 0
-106 17 10 0
76 -4 -61 0
-69 -2 62 0
128 -119 23 0
-102 178 -70 0
-72 -136 144 0
-127 -141 -29 0
26 -182 -5 0
188 103 -24 0
-82 166 154 0
205 -6 130 0
-52 88 -189 0
-139 -38 82 0
79 -77 68 0
182 119 -89 0
-129 41 147 0
186 -158 136 0
132 -17 -152 0
-154 185 -159 0
-59 -167 105 0
-3 -85 -20 0
58 -42 -65 0
-155 -93 -180 0
28 -54 -205 0
-78 131 135 0
-74 1 -87 0
14 -138 -73 0
-10 -143 107 0
-146 204 196 0
-164 -47 -114 0
-174 -188 -30 0
-144 -137 -202 0
176 -88 2 0
109 -37 7 0
-40 171 -125 0
-112 203 -168 0
-126 27 31 0
-162 -76 -173 0
-184 -181 192 0
127 9 -57 0
25 51 191 0
-19 -153 -145 0
-170 61 118 0
-169 -177 102 0
44 -62 -208 0
-60 -157 98 0
-32 197 -35 0
-201 108 -56 0
-8 -142 -16 0
52 36 194 0
95 4 -83 0
-183 -123 -49 0
-22 121 71 0
-45 -206 -75 0
46 200 5 0
66 148 15 0
24 210 -115 0
-120 -103 90 0
-134 -96 -80 0
-23 -140 -207 0
141 -43 -161 0
106 124 -179 0
160 190 -178 0
195 72 -111 0
165 100 -94 0
-33 -63 -175 0
-149 187 -97 0
-209 70 -18 0
92 69 91 0
110 -64 193 0
48 122 -130 0
172 13 -12 0
104 -11 -128 0
84 50 86 0
116 -26 81 0
117 163 6 0
-53 150 113 0
151 -166 -156 0
-34 101 -99 0
55 -39 29 0
189 -198 21 0
-133 67 -199 0
202 -6 -92 0
109 -162 -41 0
-118 -189 -108 0
1 146 47 0
-96 -67 149 0
-2 -81 140 0
173 59 120 0
160 -131 -65 0
-73 -111 -143 0
195 64 107 0
-43 130 68 0
-186 37 3 0
-82 24 20 0
-98 200 -153 0
-177 210 -10 0
-155 56 -158 0
83 50 -97 0
-174 48 -156 0
66 53 -144 0
17 -121 161 0
110 -72 -191 0
-170 147 113 0
188 4 154 0
93 58 128 0
79 -15 -203 0
199 75 -132 0
55 142 11 0
-134 119 -27 0
169 -85 -207 0
-101 104 22 0
88 168 -180 0
63 -179 122 0
70 -9 -115 0
-123 125 175 0
152 30 90 0
206 -194 141 0
-198 -136 7 0
166 99 105 0
182 172 -208 0
