p cnf 272 555
15 7 10 16 1 9 3 13 14 6 4 0
27 22 18 17 25 19 29 30 0
47 35 34 37 38 40 42 46 33 0
58 54 52 51 57 56 0
71 70 68 69 74 65 73 67 0
92 85 82 86 88 94 93 84 0
103 100 109 112 106 108 110 107 0
124 120 115 114 117 113 126 0
139 137 130 136 134 133 141 0
155 146 159 148 154 158 147 0
171 175 164 176 169 168 173 162 161 0
185 184 178 179 188 182 190 192 0
199 204 195 200 201 196 205 208 0
224 223 219 209 213 221 211 222 216 210 0
225 229 227 234 233 239 237 232 0
247 256 246 245 241 249 243 250 252 0
264 265 269 272 268 0
-17 -1 0
-33 -1 0
-65 -1 0
-113 -1 0
-161 -1 0
-209 -1 0
-225 -1 0
-241 -1 0
-33 -17 0
-65 -17 0
-113 -17 0
-161 -17 0
-209 -17 0
-225 -17 0
-241 -17 0
-65 -33 0
-113 -33 0
-161 -33 0
-33 -209 0
-33 -225 0
-241 -33 0
-65 -113 0
-65 -161 0
-65 -209 0
-65 -225 0
-65 -241 0
-161 -113 0
-113 -209 0
-113 -225 0
-241 -113 0
-161 -209 0
-161 -225 0
-161 -241 0
-225 -209 0
-241 -209 0
-241 -225 0
-18 -34 0
-82 -18 0
-114 -18 0
-130 -18 0
-146 -18 0
-162 -18 0
-178 -18 0
-210 -18 0
-82 -34 0
-114 -34 0
-130 -34 0
-146 -34 0
-162 -34 0
-178 -34 0
-210 -34 0
-82 -114 0
-82 -130 0
-146 -82 0
-82 -162 0
-178 -82 0
-210 -82 0
-114 -130 0
-146 -114 0
-162 -114 0
-178 -114 0
-210 -114 0
-146 -130 0
-162 -130 0
-178 -130 0
-210 -130 0
-146 -162 0
-178 -146 0
-146 -210 0
-178 -162 0
-210 -162 0
-178 -210 0
-19 -3 0
-35 -3 0
-51 -3 0
-67 -3 0
-115 -3 0
-147 -3 0
-179 -3 0
-195 -3 0
-211 -3 0
-227 -3 0
-243 -3 0
-19 -35 0
-51 -19 0
-19 -67 0
-115 -19 0
-147 -19 0
-19 -179 0
-19 -195 0
-211 -19 0
-19 -227 0
-19 -243 0
-51 -35 0
-35 -67 0
-115 -35 0
-147 -35 0
-35 -179 0
-195 -35 0
-211 -35 0
-35 -227 0
-35 -243 0
-51 -67 0
-51 -115 0
-147 -51 0
-51 -179 0
-51 -195 0
-51 -211 0
-51 -227 0
-51 -243 0
-115 -67 0
-147 -67 0
-67 -179 0
-195 -67 0
-211 -67 0
-67 -227 0
-67 -243 0
-147 -115 0
-115 -179 0
-115 -195 0
-115 -211 0
-115 -227 0
-115 -243 0
-147 -179 0
-147 -195 0
-147 -211 0
-147 -227 0
-147 -243 0
-195 -179 0
-211 -179 0
-227 -179 0
-243 -179 0
-211 -195 0
-195 -227 0
-195 -243 0
-211 -227 0
-211 -243 0
-227 -243 0
-52 -4 0
-4 -68 0
-84 -4 0
-100 -4 0
-148 -4 0
-164 -4 0
-196 -4 0
-52 -68 0
-84 -52 0
-52 -100 0
-52 -148 0
-52 -164 0
-196 -52 0
-84 -68 0
-100 -68 0
-148 -68 0
-164 -68 0
-196 -68 0
-84 -100 0
-84 -148 0
-84 -164 0
-196 -84 0
-148 -100 0
-164 -100 0
-196 -100 0
-148 -164 0
-196 -148 0
-196 -164 0
-37 -69 0
-85 -37 0
-37 -117 0
-133 -37 0
-213 -37 0
-37 -229 0
-37 -245 0
-85 -69 0
-117 -69 0
-133 -69 0
-213 -69 0
-229 -69 0
-245 -69 0
-85 -117 0
-85 -133 0
-85 -213 0
-85 -229 0
-85 -245 0
-133 -117 0
-213 -117 0
-117 -229 0
-117 -245 0
-133 -213 0
-133 -229 0
-133 -245 0
-213 -229 0
-213 -245 0
-245 -229 0
-22 -6 0
-38 -6 0
-54 -6 0
-70 -6 0
-86 -6 0
-134 -6 0
-182 -6 0
-246 -6 0
-22 -38 0
-22 -54 0
-22 -70 0
-22 -86 0
-22 -134 0
-22 -182 0
-22 -246 0
-38 -54 0
-38 -70 0
-86 -38 0
-38 -134 0
-182 -38 0
-38 -246 0
-70 -54 0
-86 -54 0
-134 -54 0
-182 -54 0
-246 -54 0
-86 -70 0
-134 -70 0
-182 -70 0
-246 -70 0
-86 -134 0
-182 -86 0
-86 -246 0
-182 -134 0
-134 -246 0
-182 -246 0
-71 -7 0
-103 -7 0
-199 -7 0
-247 -7 0
-71 -103 0
-199 -71 0
-71 -247 0
-103 -199 0
-247 -103 0
-247 -199 0
-40 -56 0
-88 -40 0
-120 -40 0
-40 -136 0
-40 -168 0
-184 -40 0
-40 -200 0
-40 -216 0
-232 -40 0
-264 -40 0
-88 -56 0
-120 -56 0
-136 -56 0
-56 -168 0
-184 -56 0
-56 -200 0
-216 -56 0
-232 -56 0
-264 -56 0
-120 -88 0
-88 -136 0
-88 -168 0
-184 -88 0
-88 -200 0
-88 -216 0
-232 -88 0
-264 -88 0
-120 -136 0
-120 -168 0
-184 -120 0
-120 -200 0
-120 -216 0
-120 -232 0
-264 -120 0
-136 -168 0
-184 -136 0
-136 -200 0
-216 -136 0
-232 -136 0
-264 -136 0
-184 -168 0
-168 -200 0
-216 -168 0
-232 -168 0
-264 -168 0
-184 -200 0
-184 -216 0
-184 -232 0
-264 -184 0
-216 -200 0
-232 -200 0
-264 -200 0
-232 -216 0
-264 -216 0
-264 -232 0
-25 -9 0
-9 -57 0
-9 -73 0
-9 -137 0
-169 -9 0
-185 -9 0
-201 -9 0
-233 -9 0
-9 -249 0
-265 -9 0
-25 -57 0
-25 -73 0
-25 -137 0
-25 -169 0
-25 -185 0
-25 -201 0
-25 -233 0
-25 -249 0
-25 -265 0
-73 -57 0
-57 -137 0
-169 -57 0
-185 -57 0
-201 -57 0
-233 -57 0
-249 -57 0
-265 -57 0
-73 -137 0
-169 -73 0
-185 -73 0
-201 -73 0
-233 -73 0
-73 -249 0
-265 -73 0
-169 -137 0
-185 -137 0
-201 -137 0
-233 -137 0
-249 -137 0
-265 -137 0
-185 -169 0
-169 -201 0
-233 -169 0
-169 -249 0
-265 -169 0
-185 -201 0
-185 -233 0
-185 -249 0
-185 -265 0
-233 -201 0
-201 -249 0
-265 -201 0
-233 -249 0
-265 -233 0
-265 -249 0
-42 -10 0
-58 -10 0
-74 -10 0
-106 -10 0
-154 -10 0
-234 -10 0
-250 -10 0
-42 -58 0
-42 -74 0
-42 -106 0
-154 -42 0
-42 -234 0
-42 -250 0
-74 -58 0
-106 -58 0
-154 -58 0
-234 -58 0
-250 -58 0
-74 -106 0
-154 -74 0
-234 -74 0
-74 -250 0
-154 -106 0
-234 -106 0
-250 -106 0
-154 -234 0
-154 -250 0
-234 -250 0
-27 -107 0
-27 -139 0
-155 -27 0
-27 -171 0
-219 -27 0
-107 -139 0
-155 -107 0
-107 -171 0
-219 -107 0
-155 -139 0
-171 -139 0
-219 -139 0
-171 -155 0
-219 -155 0
-219 -171 0
-92 -108 0
-92 -124 0
-92 -188 0
-92 -204 0
-92 -252 0
-92 -268 0
-108 -124 0
-188 -108 0
-204 -108 0
-108 -252 0
-268 -108 0
-188 -124 0
-204 -124 0
-252 -124 0
-268 -124 0
-204 -188 0
-188 -252 0
-268 -188 0
-204 -252 0
-268 -204 0
-268 -252 0
-13 -29 0
-93 -13 0
-109 -13 0
-141 -13 0
-173 -13 0
-205 -13 0
-221 -13 0
-237 -13 0
-13 -269 0
-93 -29 0
-109 -29 0
-141 -29 0
-173 -29 0
-205 -29 0
-221 -29 0
-237 -29 0
-29 -269 0
-109 -93 0
-141 -93 0
-173 -93 0
-205 -93 0
-93 -221 0
-237 -93 0
-93 -269 0
-109 -141 0
-109 -173 0
-109 -205 0
-109 -221 0
-237 -109 0
-109 -269 0
-173 -141 0
-141 -205 0
-141 -221 0
-237 -141 0
-141 -269 0
-173 -205 0
-173 -221 0
-237 -173 0
-173 -269 0
-205 -221 0
-237 -205 0
-205 -269 0
-237 -221 0
-221 -269 0
-237 -269 0
-30 -14 0
-46 -14 0
-14 -94 0
-110 -14 0
-126 -14 0
-158 -14 0
-190 -14 0
-222 -14 0
-46 -30 0
-30 -94 0
-110 -30 0
-30 -126 0
-158 -30 0
-30 -190 0
-222 -30 0
-46 -94 0
-46 -110 0
-46 -126 0
-158 -46 0
-46 -190 0
-46 -222 0
-110 -94 0
-126 -94 0
-158 -94 0
-190 -94 0
-222 -94 0
-110 -126 0
-158 -110 0
-110 -190 0
-110 -222 0
-158 -126 0
-190 -126 0
-222 -126 0
-158 -190 0
-158 -222 0
-222 -190 0
-47 -15 0
-159 -15 0
-175 -15 0
-223 -15 0
-239 -15 0
-47 -159 0
-47 -175 0
-47 -223 0
-47 -239 0
-175 -159 0
-223 -159 0
-239 -159 0
-223 -175 0
-239 -175 0
-239 -223 0
-16 -112 0
-16 -176 0
-192 -16 0
-208 -16 0
-16 -224 0
-16 -256 0
-272 -16 0
-112 -176 0
-192 -112 0
-208 -112 0
-112 -224 0
-112 -256 0
-272 -112 0
-192 -176 0
-208 -176 0
-176 -224 0
-256 -176 0
-272 -176 0
-192 -208 0
-192 -224 0
-192 -256 0
-192 -272 0
-208 -224 0
-208 -256 0
-272 -208 0
-256 -224 0
-272 -224 0
-272 -256 0
