p cnf 342 738
5 7 15 1 13 3 0
27 22 20 26 19 23 17 16 18 0
44 40 37 41 38 43 32 33 0
60 48 50 49 56 46 0
74 69 65 63 72 73 61 71 0
81 85 82 84 80 78 77 87 0
104 94 96 102 105 97 0
108 110 117 107 113 116 0
128 134 132 135 129 121 131 122 0
141 144 147 142 145 138 143 136 150 148 0
152 160 165 159 161 157 151 164 0
177 170 180 166 169 167 0
187 192 189 191 193 190 181 0
209 204 205 207 199 200 210 202 197 203 208 0
221 225 213 211 217 212 0
226 236 238 232 234 227 235 0
226 16 61 1 121 136 151 166 181 211 46 0
152 32 212 107 122 77 167 197 17 227 0
108 78 63 33 48 138 213 3 18 0
94 199 49 19 169 0
5 200 50 20 65 170 80 110 0
81 141 96 0
187 202 217 7 142 97 82 157 232 37 22 0
128 38 143 23 203 113 0
204 84 234 69 144 189 129 159 0
40 205 85 145 235 160 190 0
221 236 71 56 41 26 131 116 191 161 0
27 177 87 72 207 102 132 147 192 117 0
43 148 13 73 238 208 193 0
209 74 134 44 104 164 0
180 60 15 225 105 135 165 150 210 0
-16 -1 0
-46 -1 0
-61 -1 0
-121 -1 0
-136 -1 0
-151 -1 0
-166 -1 0
-181 -1 0
-211 -1 0
-1 -226 0
-16 -46 0
-16 -61 0
-16 -121 0
-136 -16 0
-16 -151 0
-16 -166 0
-16 -181 0
-16 -211 0
-16 -226 0
-46 -61 0
-46 -121 0
-136 -46 0
-46 -151 0
-46 -166 0
-46 -181 0
-211 -46 0
-46 -226 0
-61 -121 0
-136 -61 0
-61 -151 0
-61 -166 0
-61 -181 0
-211 -61 0
-61 -226 0
-136 -121 0
-151 -121 0
-166 -121 0
-181 -121 0
-211 -121 0
-121 -226 0
-136 -151 0
-136 -166 0
-136 -181 0
-136 -211 0
-136 -226 0
-166 -151 0
-181 -151 0
-211 -151 0
-151 -226 0
-166 -181 0
-211 -166 0
-166 -226 0
-211 -181 0
-181 -226 0
-211 -226 0
-32 -17 0
-77 -17 0
-107 -17 0
-122 -17 0
-17 -152 0
-167 -17 0
-197 -17 0
-212 -17 0
-227 -17 0
-77 -32 0
-107 -32 0
-122 -32 0
-32 -152 0
-167 -32 0
-197 -32 0
-212 -32 0
-227 -32 0
-77 -107 0
-77 -122 0
-77 -152 0
-77 -167 0
-197 -77 0
-212 -77 0
-77 -227 0
-122 -107 0
-107 -152 0
-167 -107 0
-197 -107 0
-212 -107 0
-227 -107 0
-122 -152 0
-167 -122 0
-197 -122 0
-212 -122 0
-227 -122 0
-167 -152 0
-197 -152 0
-212 -152 0
-227 -152 0
-197 -167 0
-212 -167 0
-167 -227 0
-212 -197 0
-197 -227 0
-212 -227 0
-3 -18 0
-3 -33 0
-3 -241 0
-18 -33 0
-18 -241 0
-33 -241 0
-48 241 0
-63 241 0
241 -242 0
-63 -48 0
-48 -242 0
-63 -242 0
-78 242 0
242 -108 0
-243 242 0
-78 -108 0
-78 -243 0
-243 -108 0
-138 243 0
-213 243 0
-138 -213 0
-19 244 0
-49 245 0
-244 -49 0
-244 245 0
246 -94 0
-245 -94 0
246 -245 0
247 -169 0
-169 -246 0
247 -246 0
-199 -247 0
248 -5 0
249 -20 0
-248 -20 0
-248 249 0
-50 250 0
-50 -249 0
250 -249 0
-65 251 0
-65 -250 0
251 -250 0
-80 252 0
-80 -251 0
252 -251 0
-110 253 0
-110 -252 0
253 -252 0
254 -170 0
-170 -253 0
254 -253 0
-200 -254 0
-81 -96 0
-141 -81 0
-96 -141 0
-7 255 0
-22 256 0
-255 -22 0
-255 256 0
-37 257 0
-256 -37 0
-256 257 0
-82 258 0
-82 -257 0
-257 258 0
-97 259 0
-258 -97 0
-258 259 0
-142 260 0
-259 -142 0
-259 260 0
-157 261 0
-157 -260 0
-260 261 0
262 -187 0
-261 -187 0
262 -261 0
263 -202 0
-202 -262 0
263 -262 0
-217 264 0
-217 -263 0
264 -263 0
-232 -264 0
-23 265 0
-38 266 0
-265 -38 0
-265 266 0
-113 267 0
-113 -266 0
-266 267 0
268 -128 0
-267 -128 0
-267 268 0
269 -143 0
-143 -268 0
269 -268 0
-203 -269 0
-84 -69 0
-129 -69 0
-69 -270 0
-129 -84 0
-84 -270 0
-129 -270 0
-144 270 0
-159 270 0
270 -271 0
-159 -144 0
-144 -271 0
-159 -271 0
-189 271 0
-204 271 0
-234 271 0
-204 -189 0
-234 -189 0
-234 -204 0
-40 272 0
-85 273 0
-85 -272 0
273 -272 0
-145 274 0
-145 -273 0
274 -273 0
-160 275 0
-160 -274 0
275 -274 0
276 -190 0
-190 -275 0
276 -275 0
277 -205 0
-205 -276 0
277 -276 0
-235 -277 0
-26 278 0
-41 279 0
-278 -41 0
-278 279 0
280 -56 0
-56 -279 0
280 -279 0
-71 281 0
-71 -280 0
281 -280 0
-116 282 0
-116 -281 0
282 -281 0
-131 283 0
-131 -282 0
283 -282 0
-161 284 0
-161 -283 0
284 -283 0
-191 285 0
-191 -284 0
285 -284 0
286 -221 0
-285 -221 0
286 -285 0
-236 -286 0
-72 -27 0
-87 -27 0
-287 -27 0
-72 -87 0
-72 -287 0
-87 -287 0
-102 287 0
-117 287 0
-288 287 0
-117 -102 0
-102 -288 0
-117 -288 0
-132 288 0
-147 288 0
-289 288 0
-132 -147 0
-132 -289 0
-147 -289 0
-177 289 0
-192 289 0
-207 289 0
-192 -177 0
-207 -177 0
-192 -207 0
-43 -13 0
-73 -13 0
-290 -13 0
-43 -73 0
-43 -290 0
-290 -73 0
-148 290 0
-193 290 0
-291 290 0
-193 -148 0
-291 -148 0
-291 -193 0
-208 291 0
-238 291 0
-238 -208 0
-74 -44 0
-104 -44 0
-134 -44 0
-164 -44 0
-44 -209 0
-104 -74 0
-134 -74 0
-164 -74 0
-74 -209 0
-134 -104 0
-164 -104 0
-104 -209 0
-164 -134 0
-134 -209 0
-164 -209 0
-15 -60 0
-105 -15 0
-135 -15 0
-150 -15 0
-165 -15 0
-180 -15 0
-210 -15 0
-225 -15 0
-105 -60 0
-135 -60 0
-150 -60 0
-165 -60 0
-180 -60 0
-210 -60 0
-225 -60 0
-135 -105 0
-105 -150 0
-165 -105 0
-105 -180 0
-105 -210 0
-105 -225 0
-135 -150 0
-165 -135 0
-135 -180 0
-135 -210 0
-135 -225 0
-165 -150 0
-150 -180 0
-210 -150 0
-150 -225 0
-165 -180 0
-165 -210 0
-165 -225 0
-210 -180 0
-225 -180 0
-210 -225 0
-1 292 0
-3 293 0
-3 -292 0
-292 293 0
294 -5 0
-293 -5 0
-293 294 0
-7 295 0
-294 -7 0
295 -294 0
296 -13 0
-13 -295 0
296 -295 0
-15 -296 0
-16 -17 0
-16 -18 0
-16 -297 0
-18 -17 0
-17 -297 0
-18 -297 0
297 -19 0
297 -20 0
297 -298 0
-19 -20 0
-19 -298 0
-20 -298 0
-22 298 0
-23 298 0
298 -299 0
-22 -23 0
-22 -299 0
-23 -299 0
299 -26 0
299 -27 0
-26 -27 0
-32 300 0
-33 301 0
-300 -33 0
-300 301 0
-37 302 0
-301 -37 0
-301 302 0
-38 303 0
-302 -38 0
-302 303 0
304 -40 0
-303 -40 0
-303 304 0
305 -41 0
-41 -304 0
305 -304 0
-43 306 0
-43 -305 0
306 -305 0
-44 -306 0
-48 -46 0
-46 -49 0
-46 -50 0
-46 -56 0
-46 -60 0
-48 -49 0
-48 -50 0
-48 -56 0
-48 -60 0
-49 -50 0
-56 -49 0
-60 -49 0
-56 -50 0
-60 -50 0
-60 -56 0
-63 -61 0
-61 -65 0
-61 -69 0
-61 -71 0
-61 -72 0
-61 -73 0
-61 -74 0
-63 -65 0
-63 -69 0
-63 -71 0
-63 -72 0
-63 -73 0
-63 -74 0
-65 -69 0
-65 -71 0
-65 -72 0
-73 -65 0
-65 -74 0
-71 -69 0
-72 -69 0
-73 -69 0
-74 -69 0
-71 -72 0
-73 -71 0
-71 -74 0
-73 -72 0
-74 -72 0
-73 -74 0
-77 -78 0
-77 -80 0
-77 -81 0
-77 -82 0
-77 -84 0
-77 -85 0
-77 -87 0
-78 -80 0
-78 -81 0
-78 -82 0
-78 -84 0
-78 -85 0
-78 -87 0
-81 -80 0
-82 -80 0
-84 -80 0
-80 -85 0
-80 -87 0
-81 -82 0
-84 -81 0
-81 -85 0
-81 -87 0
-82 -84 0
-82 -85 0
-82 -87 0
-85 -84 0
-84 -87 0
-85 -87 0
307 -94 0
308 -96 0
-96 -307 0
308 -307 0
-97 309 0
-97 -308 0
309 -308 0
310 -102 0
-102 -309 0
310 -309 0
311 -104 0
-104 -310 0
311 -310 0
-105 -311 0
-107 312 0
313 -108 0
-312 -108 0
-312 313 0
-110 314 0
-110 -313 0
314 -313 0
315 -113 0
-113 -314 0
315 -314 0
316 -116 0
-116 -315 0
316 -315 0
-117 -316 0
-121 317 0
-122 318 0
-317 -122 0
-317 318 0
319 -128 0
-318 -128 0
-318 319 0
320 -129 0
-129 -319 0
320 -319 0
-131 321 0
-131 -320 0
321 -320 0
-132 322 0
-132 -321 0
322 -321 0
323 -134 0
-134 -322 0
323 -322 0
-135 -323 0
-136 -138 0
-136 -141 0
-136 -142 0
-136 -143 0
-136 -144 0
-136 -145 0
-136 -147 0
-136 -148 0
-136 -150 0
-138 -141 0
-142 -138 0
-138 -143 0
-138 -144 0
-138 -145 0
-138 -147 0
-138 -148 0
-138 -150 0
-142 -141 0
-141 -143 0
-141 -144 0
-145 -141 0
-141 -147 0
-141 -148 0
-141 -150 0
-142 -143 0
-142 -144 0
-142 -145 0
-142 -147 0
-142 -148 0
-142 -150 0
-144 -143 0
-145 -143 0
-143 -147 0
-148 -143 0
-143 -150 0
-145 -144 0
-144 -147 0
-144 -148 0
-144 -150 0
-145 -147 0
-145 -148 0
-145 -150 0
-148 -147 0
-147 -150 0
-148 -150 0
-151 324 0
325 -152 0
-324 -152 0
-324 325 0
-157 326 0
-157 -325 0
326 -325 0
327 -159 0
-159 -326 0
327 -326 0
-160 328 0
-160 -327 0
328 -327 0
329 -161 0
-161 -328 0
329 -328 0
330 -164 0
-164 -329 0
330 -329 0
-165 -330 0
-167 -166 0
-166 -169 0
-166 -170 0
-166 -177 0
-166 -180 0
-167 -169 0
-167 -170 0
-167 -177 0
-167 -180 0
-169 -170 0
-169 -177 0
-169 -180 0
-177 -170 0
-170 -180 0
-177 -180 0
-181 331 0
332 -187 0
-331 -187 0
-331 332 0
-189 333 0
-189 -332 0
333 -332 0
-190 334 0
-190 -333 0
334 -333 0
335 -191 0
-191 -334 0
335 -334 0
336 -192 0
-192 -335 0
336 -335 0
-193 -336 0
-197 -199 0
-197 -200 0
-197 -202 0
-197 -203 0
-197 -204 0
-197 -205 0
-197 -207 0
-197 -208 0
-197 -209 0
-197 -210 0
-199 -200 0
-202 -199 0
-203 -199 0
-204 -199 0
-205 -199 0
-199 -207 0
-208 -199 0
-199 -209 0
-199 -210 0
-202 -200 0
-203 -200 0
-204 -200 0
-205 -200 0
-200 -207 0
-208 -200 0
-200 -209 0
-200 -210 0
-203 -202 0
-204 -202 0
-205 -202 0
-202 -207 0
-202 -208 0
-202 -209 0
-202 -210 0
-204 -203 0
-205 -203 0
-203 -207 0
-203 -208 0
-203 -209 0
-203 -210 0
-205 -204 0
-204 -207 0
-208 -204 0
-204 -209 0
-204 -210 0
-205 -207 0
-205 -208 0
-205 -209 0
-205 -210 0
-208 -207 0
-209 -207 0
-207 -210 0
-208 -209 0
-208 -210 0
-210 -209 0
-212 -211 0
-213 -211 0
-211 -217 0
-211 -221 0
-211 -225 0
-212 -213 0
-212 -217 0
-212 -221 0
-212 -225 0
-217 -213 0
-213 -221 0
-213 -225 0
-217 -221 0
-217 -225 0
-225 -221 0
337 -226 0
-227 338 0
-227 -337 0
338 -337 0
-232 339 0
-232 -338 0
339 -338 0
340 -234 0
-234 -339 0
340 -339 0
341 -235 0
-235 -340 0
341 -340 0
342 -236 0
-236 -341 0
342 -341 0
-238 -342 0
