p cnf 390 824
1 4 3 6 7 9 10 13 14 15 16 0
25 19 17 22 18 27 29 30 0
37 38 33 34 35 40 42 46 47 0
57 51 54 58 56 52 0
69 71 67 65 70 68 73 74 0
85 86 92 82 84 88 93 94 0
103 100 109 106 107 108 112 110 0
120 117 126 114 113 124 115 0
137 134 136 139 130 141 133 0
148 154 155 146 158 159 147 0
169 168 176 175 171 162 161 164 173 0
188 182 184 190 192 185 178 179 0
201 196 205 195 204 199 200 208 0
219 221 211 222 224 216 223 210 209 213 0
237 232 239 234 225 233 227 229 0
246 256 250 252 247 241 249 245 243 0
265 264 268 272 269 0
1 65 17 33 113 161 209 225 241 0
82 114 18 34 130 146 162 178 210 0
115 67 179 19 35 3 147 51 195 211 227 243 0
68 4 52 100 148 84 164 196 0
69 37 245 85 117 133 229 213 0
70 38 134 182 54 246 6 86 22 0
103 71 199 247 7 0
120 56 136 184 168 264 216 232 88 200 40 0
137 73 265 169 201 249 185 233 9 57 25 0
154 42 234 250 106 10 74 58 0
107 219 171 155 139 27 0
268 188 252 204 124 108 92 0
221 269 205 173 237 109 141 29 93 13 0
126 222 190 158 110 46 14 94 30 0
47 239 175 223 159 15 0
112 272 176 256 208 224 16 192 0
-17 -1 0
-33 -1 0
-65 -1 0
-113 -1 0
-161 -1 0
-209 -1 0
-225 -1 0
-241 -1 0
-33 -17 0
-65 -17 0
-113 -17 0
-161 -17 0
-209 -17 0
-225 -17 0
-241 -17 0
-65 -33 0
-33 -113 0
-161 -33 0
-209 -33 0
-33 -225 0
-241 -33 0
-65 -113 0
-65 -161 0
-65 -209 0
-65 -225 0
-65 -241 0
-161 -113 0
-209 -113 0
-225 -113 0
-241 -113 0
-209 -161 0
-161 -225 0
-241 -161 0
-209 -225 0
-241 -209 0
-241 -225 0
-34 -18 0
-82 -18 0
-114 -18 0
-130 -18 0
-146 -18 0
-162 -18 0
-178 -18 0
-210 -18 0
-34 -82 0
-34 -114 0
-34 -130 0
-34 -146 0
-162 -34 0
-34 -178 0
-34 -210 0
-114 -82 0
-130 -82 0
-146 -82 0
-162 -82 0
-178 -82 0
-210 -82 0
-130 -114 0
-114 -146 0
-162 -114 0
-178 -114 0
-210 -114 0
-130 -146 0
-162 -130 0
-130 -178 0
-210 -130 0
-162 -146 0
-178 -146 0
-210 -146 0
-162 -178 0
-162 -210 0
-210 -178 0
-3 -19 0
-3 -35 0
-3 -273 0
-19 -35 0
-19 -273 0
-273 -35 0
-51 273 0
-67 273 0
273 -274 0
-67 -51 0
-51 -274 0
-67 -274 0
-115 274 0
-147 274 0
-275 274 0
-115 -147 0
-275 -115 0
-275 -147 0
-179 275 0
-195 275 0
-276 275 0
-195 -179 0
-276 -179 0
-276 -195 0
-211 276 0
-227 276 0
-243 276 0
-211 -227 0
-243 -211 0
-243 -227 0
-4 277 0
278 -52 0
-277 -52 0
-277 278 0
279 -68 0
-68 -278 0
279 -278 0
280 -84 0
-84 -279 0
280 -279 0
281 -100 0
-100 -280 0
281 -280 0
282 -148 0
-148 -281 0
282 -281 0
283 -164 0
-164 -282 0
283 -282 0
-196 -283 0
-37 284 0
285 -69 0
-284 -69 0
-284 285 0
286 -85 0
-85 -285 0
286 -285 0
287 -117 0
-117 -286 0
287 -286 0
288 -133 0
-133 -287 0
288 -287 0
289 -213 0
-213 -288 0
289 -288 0
290 -229 0
-229 -289 0
290 -289 0
-245 -290 0
-6 -22 0
-6 -38 0
-6 -54 0
-6 -70 0
-6 -86 0
-6 -134 0
-6 -182 0
-246 -6 0
-22 -38 0
-54 -22 0
-70 -22 0
-22 -86 0
-134 -22 0
-182 -22 0
-246 -22 0
-54 -38 0
-70 -38 0
-86 -38 0
-134 -38 0
-182 -38 0
-246 -38 0
-70 -54 0
-54 -86 0
-134 -54 0
-54 -182 0
-246 -54 0
-70 -86 0
-70 -134 0
-70 -182 0
-246 -70 0
-134 -86 0
-182 -86 0
-246 -86 0
-134 -182 0
-246 -134 0
-246 -182 0
-7 291 0
-71 292 0
-291 -71 0
-291 292 0
293 -103 0
-292 -103 0
-292 293 0
294 -199 0
-199 -293 0
294 -293 0
-247 -294 0
-40 295 0
-56 296 0
-295 -56 0
-295 296 0
-88 297 0
-296 -88 0
-296 297 0
-120 298 0
-297 -120 0
-297 298 0
-136 299 0
-136 -298 0
-298 299 0
-168 300 0
-168 -299 0
-299 300 0
-184 301 0
-300 -184 0
-300 301 0
-200 302 0
-301 -200 0
-301 302 0
-216 303 0
-216 -302 0
-302 303 0
304 -232 0
-232 -303 0
304 -303 0
-264 -304 0
-9 -25 0
-9 -57 0
-9 -305 0
-25 -57 0
-25 -305 0
-305 -57 0
305 -73 0
305 -137 0
305 -306 0
-73 -137 0
-73 -306 0
-137 -306 0
306 -169 0
-185 306 0
306 -307 0
-185 -169 0
-307 -169 0
-185 -307 0
307 -201 0
-233 307 0
-308 307 0
-233 -201 0
-308 -201 0
-308 -233 0
-249 308 0
-265 308 0
-249 -265 0
-10 309 0
-42 310 0
-309 -42 0
-309 310 0
-58 311 0
-310 -58 0
-310 311 0
-74 312 0
-74 -311 0
-311 312 0
-106 313 0
-312 -106 0
-312 313 0
-154 314 0
-313 -154 0
-313 314 0
-234 315 0
-234 -314 0
315 -314 0
-250 -315 0
-27 316 0
-107 317 0
-316 -107 0
-316 317 0
-139 318 0
-317 -139 0
-317 318 0
-155 319 0
-318 -155 0
-318 319 0
-171 320 0
-319 -171 0
-319 320 0
-320 -219 0
-92 -108 0
-92 -124 0
-92 -321 0
-108 -124 0
-108 -321 0
-124 -321 0
321 -188 0
321 -204 0
321 -322 0
-204 -188 0
-188 -322 0
-204 -322 0
-252 322 0
-268 322 0
-268 -252 0
-13 -29 0
-13 -93 0
-13 -323 0
-29 -93 0
-29 -323 0
-93 -323 0
323 -109 0
323 -141 0
323 -324 0
-109 -141 0
-109 -324 0
-141 -324 0
324 -173 0
324 -205 0
324 -325 0
-173 -205 0
-173 -325 0
-205 -325 0
325 -221 0
325 -237 0
325 -269 0
-221 -237 0
-269 -221 0
-269 -237 0
-14 -30 0
-46 -14 0
-14 -94 0
-14 -110 0
-14 -126 0
-14 -158 0
-14 -190 0
-14 -222 0
-46 -30 0
-94 -30 0
-30 -110 0
-30 -126 0
-30 -158 0
-30 -190 0
-30 -222 0
-46 -94 0
-46 -110 0
-46 -126 0
-46 -158 0
-46 -190 0
-46 -222 0
-94 -110 0
-94 -126 0
-94 -158 0
-94 -190 0
-94 -222 0
-110 -126 0
-110 -158 0
-110 -190 0
-110 -222 0
-126 -158 0
-126 -190 0
-126 -222 0
-158 -190 0
-222 -158 0
-190 -222 0
-47 -15 0
-15 -159 0
-15 -175 0
-15 -223 0
-15 -239 0
-47 -159 0
-47 -175 0
-47 -223 0
-47 -239 0
-159 -175 0
-223 -159 0
-159 -239 0
-223 -175 0
-175 -239 0
-223 -239 0
-16 326 0
-112 327 0
-326 -112 0
-326 327 0
-176 328 0
-176 -327 0
328 -327 0
-192 329 0
-192 -328 0
329 -328 0
-208 330 0
-208 -329 0
330 -329 0
-224 331 0
-224 -330 0
331 -330 0
332 -256 0
-256 -331 0
332 -331 0
-272 -332 0
-3 -1 0
-4 -1 0
-333 -1 0
-3 -4 0
-333 -3 0
-333 -4 0
-6 333 0
-7 333 0
-334 333 0
-6 -7 0
-6 -334 0
-334 -7 0
-9 334 0
-10 334 0
-335 334 0
-9 -10 0
-335 -9 0
-335 -10 0
-13 335 0
-14 335 0
-336 335 0
-13 -14 0
-13 -336 0
-336 -14 0
-15 336 0
-16 336 0
-15 -16 0
-17 337 0
338 -18 0
-337 -18 0
-337 338 0
-19 339 0
-19 -338 0
339 -338 0
340 -22 0
-22 -339 0
340 -339 0
341 -25 0
-25 -340 0
341 -340 0
342 -27 0
-27 -341 0
342 -341 0
343 -29 0
-29 -342 0
343 -342 0
-30 -343 0
-33 -34 0
-33 -35 0
-33 -37 0
-33 -38 0
-33 -40 0
-33 -42 0
-33 -46 0
-47 -33 0
-34 -35 0
-34 -37 0
-34 -38 0
-34 -40 0
-34 -42 0
-34 -46 0
-47 -34 0
-37 -35 0
-35 -38 0
-40 -35 0
-42 -35 0
-46 -35 0
-47 -35 0
-37 -38 0
-40 -37 0
-42 -37 0
-46 -37 0
-47 -37 0
-40 -38 0
-42 -38 0
-46 -38 0
-47 -38 0
-42 -40 0
-46 -40 0
-47 -40 0
-46 -42 0
-47 -42 0
-47 -46 0
-51 -52 0
-54 -51 0
-51 -56 0
-57 -51 0
-51 -58 0
-54 -52 0
-56 -52 0
-57 -52 0
-58 -52 0
-54 -56 0
-57 -54 0
-54 -58 0
-57 -56 0
-58 -56 0
-57 -58 0
-65 -67 0
-65 -68 0
-65 -69 0
-65 -70 0
-65 -71 0
-65 -73 0
-65 -74 0
-67 -68 0
-67 -69 0
-70 -67 0
-67 -71 0
-73 -67 0
-67 -74 0
-68 -69 0
-70 -68 0
-68 -71 0
-73 -68 0
-74 -68 0
-70 -69 0
-71 -69 0
-73 -69 0
-74 -69 0
-70 -71 0
-73 -70 0
-70 -74 0
-73 -71 0
-74 -71 0
-73 -74 0
-82 344 0
-84 345 0
-344 -84 0
-344 345 0
-85 346 0
-345 -85 0
-345 346 0
347 -86 0
-346 -86 0
347 -346 0
348 -88 0
-88 -347 0
348 -347 0
349 -92 0
-92 -348 0
349 -348 0
350 -93 0
-93 -349 0
350 -349 0
-94 -350 0
-100 351 0
352 -103 0
-351 -103 0
-351 352 0
353 -106 0
-106 -352 0
353 -352 0
-107 354 0
-107 -353 0
354 -353 0
355 -108 0
-108 -354 0
355 -354 0
356 -109 0
-109 -355 0
356 -355 0
357 -110 0
-110 -356 0
357 -356 0
-112 -357 0
-113 358 0
359 -114 0
-358 -114 0
-358 359 0
-115 360 0
-359 -115 0
-359 360 0
-117 361 0
-360 -117 0
-360 361 0
362 -120 0
-361 -120 0
-361 362 0
363 -124 0
-124 -362 0
363 -362 0
-126 -363 0
-130 -133 0
-134 -130 0
-130 -136 0
-130 -137 0
-130 -139 0
-141 -130 0
-134 -133 0
-136 -133 0
-137 -133 0
-133 -139 0
-141 -133 0
-134 -136 0
-134 -137 0
-134 -139 0
-141 -134 0
-137 -136 0
-136 -139 0
-136 -141 0
-137 -139 0
-137 -141 0
-141 -139 0
364 -146 0
-147 365 0
-364 -147 0
-364 365 0
-148 366 0
-365 -148 0
-365 366 0
-154 367 0
-366 -154 0
-366 367 0
368 -155 0
-367 -155 0
-367 368 0
369 -158 0
-368 -158 0
-368 369 0
-369 -159 0
-161 -162 0
-161 -164 0
-161 -168 0
-169 -161 0
-161 -171 0
-161 -173 0
-161 -175 0
-161 -176 0
-162 -164 0
-162 -168 0
-169 -162 0
-162 -171 0
-162 -173 0
-162 -175 0
-162 -176 0
-164 -168 0
-169 -164 0
-164 -171 0
-164 -173 0
-164 -175 0
-164 -176 0
-169 -168 0
-168 -171 0
-173 -168 0
-168 -175 0
-176 -168 0
-169 -171 0
-169 -173 0
-169 -175 0
-169 -176 0
-173 -171 0
-175 -171 0
-176 -171 0
-173 -175 0
-176 -173 0
-176 -175 0
-178 370 0
-179 371 0
-370 -179 0
-370 371 0
-182 372 0
-371 -182 0
-371 372 0
373 -184 0
-372 -184 0
-372 373 0
-185 374 0
-373 -185 0
-373 374 0
375 -188 0
-374 -188 0
-374 375 0
376 -190 0
-190 -375 0
376 -375 0
-192 -376 0
-195 -196 0
-195 -199 0
-195 -200 0
-195 -201 0
-195 -204 0
-195 -205 0
-195 -208 0
-196 -199 0
-196 -200 0
-196 -201 0
-196 -204 0
-196 -205 0
-196 -208 0
-200 -199 0
-199 -201 0
-199 -204 0
-199 -205 0
-199 -208 0
-200 -201 0
-200 -204 0
-200 -205 0
-200 -208 0
-204 -201 0
-201 -205 0
-201 -208 0
-204 -205 0
-204 -208 0
-208 -205 0
-209 -210 0
-211 -209 0
-209 -213 0
-209 -216 0
-209 -219 0
-209 -221 0
-209 -222 0
-209 -223 0
-209 -224 0
-211 -210 0
-210 -213 0
-210 -216 0
-210 -219 0
-210 -221 0
-210 -222 0
-210 -223 0
-210 -224 0
-211 -213 0
-211 -216 0
-211 -219 0
-211 -221 0
-211 -222 0
-211 -223 0
-211 -224 0
-216 -213 0
-213 -219 0
-213 -221 0
-213 -222 0
-213 -223 0
-213 -224 0
-216 -219 0
-216 -221 0
-222 -216 0
-216 -223 0
-216 -224 0
-219 -221 0
-222 -219 0
-223 -219 0
-224 -219 0
-222 -221 0
-223 -221 0
-224 -221 0
-222 -223 0
-222 -224 0
-224 -223 0
-225 377 0
-227 378 0
-377 -227 0
-377 378 0
-229 379 0
-378 -229 0
-378 379 0
380 -232 0
-379 -232 0
-379 380 0
-233 381 0
-380 -233 0
-380 381 0
382 -234 0
-381 -234 0
-381 382 0
383 -237 0
-382 -237 0
-382 383 0
-383 -239 0
-243 -241 0
-241 -245 0
-241 -384 0
-243 -245 0
-243 -384 0
-245 -384 0
-246 384 0
384 -247 0
384 -385 0
-246 -247 0
-246 -385 0
-247 -385 0
385 -249 0
385 -250 0
385 -386 0
-249 -250 0
-249 -386 0
-250 -386 0
386 -252 0
386 -256 0
-252 -256 0
-264 387 0
-265 388 0
-387 -265 0
-387 388 0
389 -268 0
-388 -268 0
-388 389 0
390 -269 0
-389 -269 0
390 -389 0
-390 -272 0
