p cnf 1317 85
-195 -148 0
6 -66 0
-23 21 0
-66 22 0
17 -127 0
1273 887 -1142 0
1272 130 -1273 0
-20 -22 23 -21 -5 0
16 -288 0
-887 -23 0
-23 22 0
1118 127 -1132 38 0
1 -1265 0
193 -245 0
-23 5 0
935 -1275 1010 0
-20 -21 -1272 -22 -5 0
-1 129 -21 -22 -15 0
71 -150 0
194 -245 0
15 -129 0
-65 -22 -21 66 -6 0
-130 20 0
71 -245 0
561 -320 0
-935 -245 0
2 -1 0
6 -5 0
-953 -193 -70 -71 -194 0
15 -130 0
-887 22 0
-23 20 0
148 -22 -21 -63 -2 0
5 -6 0
1184 130 -1273 0
-505 65 0
1273 1265 -1142 0
21 -129 0
-1265 -129 0
5 -887 0
-17 -20 275 -5 -16 0
887 1265 -1142 0
129 23 -900 0
330 160 0
1067 845 288 -330 0
-986 150 66 0
63 -1 -15 0
-1010 22 0
245 -1276 66 0
21 -66 0
65 -66 0
-1274 953 505 0
17 -288 0
1274 935 -1275 0
1142 23 -900 0
-150 70 0
-1272 -1281 -1184 130 0
318 -320 0
-20 65 -5 0
1 -129 0
1275 -1276 66 0
-1010 6 0
20 -65 -6 0
70 -72 0
245 -193 -70 -71 -194 0
-505 21 0
320 -275 -195 0
193 -195 0
1282 129 -23 1142 0
-22 -21 -1184 -15 -1 0
194 -195 0
16 -127 0
1132 845 0
-845 -1282 0
-150 -72 0
-561 -318 0
900 986 1276 0
72 66 0
150 72 0
-72 -66 0
69 195 0
-160 -245 -150 -66 0
-38 -150 -66 0
-69 -23 0
-1067 -1118 0
