p cnf 1459 142
-356 1454 0
-995 -997 0
-266 267 0
-876 -877 0
-591 1419 0
-1006 1005 0
-998 -999 0
936 -938 1252 0
-532 1419 0
617 618 1452 0
-130 102 100 0
877 -879 1417 0
-328 1452 0
-711 652 650 0
-369 -430 0
-650 1419 0
-76 1452 0
999 -1001 1252 0
-238 198 196 0
1064 -1065 0
-308 1454 0
-471 413 411 0
-428 369 0
-358 310 308 0
-618 -619 0
-469 1454 0
-823 1454 0
-1005 1003 1419 0
-530 471 469 0
-878 1417 0
-945 1419 0
-58 40 42 0
-282 238 236 0
935 995 934 0
-1312 368 0
-102 78 76 0
-128 1452 0
-559 1452 0
-554 -617 0
-620 561 559 0
-648 589 587 0
-555 -617 0
-417 360 362 0
-528 1454 0
-383 1452 0
-705 1454 0
-160 1452 0
-385 330 328 0
884 -943 882 0
-314 315 0
-1417 -997 -368 0
-646 1454 0
-768 1419 0
-441 1452 0
-267 1454 0
-764 1454 0
707 -766 705 0
-413 358 356 0
1001 -1002 0
-888 829 827 0
-443 385 383 0
-100 1452 0
-589 530 528 0
-198 162 160 0
-770 711 709 0
766 -825 764 0
621 620 -619 0
-935 -936 0
-78 56 58 0
-1004 1003 0
-1058 -1060 -1454 -368 0
-315 1419 0
-280 1452 0
1455 -681 0
1002 -1061 1000 0
1060 -1061 0
-330 282 280 0
-1252 -1455 -621 622 0
-534 475 473 0
-886 1419 0
-1062 1060 1000 1002 0
-1063 1252 0
-882 1454 0
680 620 618 0
-1003 -1002 0
1456 555 554 0
-947 888 886 0
879 -880 0
-264 1454 0
-502 443 441 0
-683 -681 0
-1124 1065 1063 0
-43 1452 0
938 -939 0
-709 1419 0
-362 312 314 0
-310 264 266 0
-1065 1006 1004 0
939 -997 937 -999 0
648 -707 646 0
-874 1252 0
-42 43 0
-652 593 591 0
-941 1454 0
-1000 1252 0
-196 1452 0
430 368 0
-40 1452 0
880 878 -939 0
-1064 1062 1252 0
-312 1419 0
-411 1454 0
876 -934 874 -936 0
-236 1452 0
997 998 1058 0
-360 1419 0
943 941 -1002 0
1123 -1124 0
-593 534 532 0
-473 1419 0
-827 1419 0
-937 1252 0
-475 415 417 0
-561 502 500 0
825 -884 823 0
-829 770 768 0
-682 -680 0
-162 130 128 0
-415 1419 0
-56 1452 0
-1004 1419 0
-500 1452 0
-587 1454 0
-1006 947 945 0
-622 -681 683 0
1061 1124 0
619 -368 0
681 682 0
428 1312 0
-1419 -1454 -1456 -368 0
-1123 -1060 0
-1452 -368 0
