p cnf 819 3801 
620 -14 0
14 -15 0
555 -447 0
447 -18 0
-22 -707 0
819 -21 0
-491 7 0
-177 -58 0
510 -64 0
-26 -27 0
-808 -64 0
-671 -6 0
428 -32 0
32 -467 0
-48 -472 0
-591 593 0
55 455 0
429 -163 0
669 -642 0
97 -759 0
-44 43 0
-692 44 0
-186 593 0
-48 47 0
428 -707 0
50 51 0
-326 51 0
-602 238 0
-458 61 0
-151 56 0
-217 -310 0
59 -163 0
819 256 0
-197 -802 0
-528 64 0
510 -62 0
-542 -68 0
506 68 0
70 343 0
-508 528 0
428 140 0
-52 -295 0
54 -596 0
77 -78 0
79 -80 0
80 81 0
-29 139 0
-83 -804 0
79 -605 0
-87 -515 0
-527 -546 0
-18 -344 0
250 -92 0
92 -17 0
-94 -95 0
-96 95 0
-98 97 0
728 -291 0
261 -238 0
-801 7 0
726 -34 0
-604 -466 0
620 -134 0
-14 -134 0
70 -780 0
-134 819 0
-146 163 0
-134 24 0
135 555 0
135 -447 0
135 -19 0
135 23 0
46 375 0
-307 -804 0
-136 19 0
805 50 0
-22 -136 0
-47 -565 0
-136 -27 0
-136 197 0
29 -259 0
-636 812 0
137 -811 0
137 29 0
137 -197 0
137 467 0
-433 811 0
-218 88 0
-433 -546 0
-511 -506 0
67 -68 0
591 -433 0
708 -26 0
-27 -270 0
-428 139 0
139 593 0
29 -225 0
-284 -76 0
73 -551 0
-599 44 0
238 -276 0
140 38 0
728 -545 0
140 392 0
-269 692 0
-141 -593 0
-204 -141 0
-713 -83 0
-141 -392 0
-345 811 0
-142 204 0
17 -549 0
-534 -54 0
-407 58 0
510 -506 0
48 -142 0
-143 222 0
-155 -83 0
-143 -43 0
47 -143 0
-451 528 0
-51 -143 0
749 43 0
-44 749 0
548 95 0
50 749 0
669 -762 0
250 -397 0
46 -706 0
-87 -49 0
-255 -23 0
153 593 0
-706 -54 0
-706 151 0
757 -23 0
-146 -50 0
-146 -52 0
-699 -92 0
-804 -734 0
-134 -21 0
52 -372 0
-372 -53 0
-372 -55 0
-134 -555 0
-607 -17 0
-811 -286 0
-443 -392 0
-338 -515 0
-32 -200 0
-348 62 0
-713 87 0
-348 664 0
-416 58 0
708 24 0
-416 -61 0
163 629 0
-416 -664 0
193 664 0
-17 435 0
-343 480 0
-794 -163 0
-567 -61 0
506 -275 0
-803 -546 0
-690 64 0
-62 -417 0
14 -676 0
-690 -343 0
-690 -238 0
-690 75 0
-152 67 0
-338 17 0
-152 -70 0
-152 551 0
163 -171 0
-595 56 0
-68 -93 0
-625 343 0
-73 -625 0
-658 -61 0
70 -213 0
-81 -625 0
-47 -412 0
-11 61 0
-460 -76 0
-460 80 0
-448 -710 0
804 -460 0
-155 76 0
-155 -77 0
-292 -15 0
-142 -692 0
-499 -29 0
-62 -275 0
79 -156 0
17 398 0
-164 -156 0
498 26 0
428 -673 0
728 -156 0
-157 164 0
-555 -536 0
-812 -157 0
89 -157 0
-157 -728 0
17 -157 0
812 435 0
515 435 0
-88 435 0
-628 61 0
-252 -10 0
96 435 0
88 159 0
-89 159 0
-250 159 0
-592 43 0
-96 159 0
-776 -546 0
-494 -14 0
-161 -10 0
-162 -8 0
-571 -67 0
-222 -680 0
555 -178 0
447 57 0
-18 57 0
-343 -242 0
299 61 0
-165 555 0
-165 -447 0
-165 819 0
-165 -21 0
-83 -644 0
-36 -4 0
-151 -207 0
-819 -166 0
64 530 0
-24 -166 0
-811 -166 0
771 38 0
-555 -585 0
-23 -167 0
-26 -167 0
-675 0
-167 -546 0
467 -167 0
811 -168 0
-502 692 0
728 -84 0
591 -309 0
-428 -168 0
591 -168 0
546 -169 0
23 226 0
32 -169 0
-467 -169 0
-34 -169 0
39 -169 0
-94 -149 0
-32 -170 0
-170 593 0
-170 -591 0
-473 43 0
392 -170 0
-39 -740 0
50 -235 0
38 -220 0
-645 -27 0
-179 -75 0
-259 -593 0
-779 -68 0
-281 675 0
-786 -692 0
-373 -59 0
163 16 0
164 -578 0
-215 222 0
-638 -92 0
-215 44 0
-215 -692 0
-215 -46 0
-699 250 0
-448 674 0
-44 -387 0
-387 47 0
-48 -387 0
-432 -819 0
-273 -343 0
46 -175 0
-175 -47 0
-236 217 0
-175 51 0
-175 -52 0
151 -175 0
-217 -176 0
-50 -176 0
-712 812 0
-603 -83 0
-55 -176 0
-475 -50 0
52 -177 0
-87 -367 0
63 -630 0
-502 47 0
-24 23 0
63 -177 0
-266 -52 0
813 -56 0
59 813 0
-163 813 0
813 -61 0
664 813 0
-511 58 0
-511 -59 0
-646 -83 0
-511 -63 0
-386 58 0
32 -433 0
180 61 0
180 -62 0
428 -516 0
180 -664 0
180 -67 0
180 238 0
64 -381 0
-528 -381 0
725 717 722 710 406 -153 145 504 442 149 662 767 721 374 624 715 -366 -747 711 36 727 703 41 707 272 705 723 -757 719 729 0
506 -381 0
336 76 0
53 -412 0
-182 67 0
-182 -68 0
-500 24 0
-182 -238 0
-73 -182 0
-89 -756 0
70 -183 0
-88 -547 0
-692 -773 0
-183 -75 0
593 -216 0
-81 -183 0
-165 27 0
774 -551 0
714 593 0
708 -546 0
-534 43 0
804 774 0
76 -185 0
-77 -185 0
80 -185 0
-185 81 0
-164 -185 0
-348 -63 0
88 -519 0
-291 -80 0
-291 -83 0
-291 -804 0
-812 -291 0
-553 -604 0
-228 43 0
-702 222 0
-187 -515 0
-87 -187 0
-88 -187 0
17 -187 0
-188 812 0
-188 515 0
89 -188 0
-188 -728 0
63 -237 0
96 -188 0
-394 76 0
-164 -814 0
-181 593 0
-17 -189 0
94 -189 0
99 -189 0
-808 -62 0
-620 -657 0
-602 73 0
-604 -631 0
-224 -29 0
261 -67 0
-194 -18 0
-194 21 0
-164 799 0
38 -589 0
-195 -447 0
-413 -467 0
-195 -21 0
-195 24 0
29 -802 0
517 164 0
-196 -819 0
-164 -607 0
-196 -24 0
-196 27 0
-196 -546 0
22 -30 0
-236 -56 0
-292 24 0
-27 -30 0
56 -11 0
-623 24 0
-241 811 0
-241 26 0
-242 -67 0
-312 -54 0
-325 -50 0
-241 -34 0
546 -413 0
-361 238 0
-744 -46 0
-195 819 0
-413 591 0
-321 -43 0
428 -200 0
-55 -72 0
593 -200 0
23 524 0
39 -200 0
-222 -200 0
89 -399 0
-7 0
-32 -441 0
-39 -696 0
-696 392 0
92 -698 0
-341 204 0
-341 -38 0
-341 448 0
-595 52 0
-341 692 0
-341 -46 0
-638 250 0
-52 -575 0
44 -203 0
-692 -203 0
48 -203 0
-74 -728 0
-533 43 0
-691 -19 0
47 -533 0
-59 -40 0
-51 -533 0
-52 -533 0
-673 -197 0
-47 -320 0
96 -489 0
-94 -356 0
54 -320 0
579 384 -398 393 377 181 388 -390 610 150 -395 391 316 378 379 -31 399 386 383 371 676 803 394 389 147 397 385 382 224 370 0
-201 -217 0
-201 -50 0
-360 -664 0
369 -17 0
79 -393 0
-201 -58 0
52 -207 0
-53 -207 0
-81 -303 0
78 -5 0
163 -207 0
-217 -50 0
429 55 0
728 -639 0
-350 64 0
-453 -238 0
63 429 0
-484 -81 0
-350 -506 0
-59 -404 0
62 -404 0
-63 -404 0
-249 -95 0
-404 -67 0
518 491 199 494 503 -496 -493 -513 -510 560 -544 501 312 561 179 502 507 519 508 509 -517 499 -498 603 526 69 289 525 -490 178 0
-62 -210 0
528 -210 0
-664 -210 0
-506 -210 0
-812 -324 0
396 38 0
811 -735 0
68 -211 0
-620 757 0
238 -211 0
-73 -211 0
-284 67 0
429 -56 0
-284 -343 0
-687 -56 0
-218 17 0
139 39 0
94 -698 0
38 -144 0
-804 -229 0
-213 -75 0
78 -755 0
68 629 0
73 133 0
-551 133 0
-95 -486 0
-78 133 0
-81 133 0
-164 133 0
-173 76 0
-262 43 0
-70 -723 0
-173 81 0
804 -173 0
-812 -173 0
79 198 0
-80 198 0
-83 198 0
246 -555 0
198 87 0
-88 198 0
164 -49 0
-240 -467 0
-53 -476 0
-706 -47 0
728 -49 0
-81 245 0
86 812 0
86 515 0
86 89 0
-448 -740 0
86 17 0
-22 -765 0
-243 88 0
-602 -78 0
92 -243 0
-243 -17 0
96 -243 0
-243 -97 0
-296 675 0
-4 424 0
-363 -80 0
-691 -23 0
52 -384 0
447 -376 0
-661 551 0
-376 19 0
-612 -197 0
-376 24 0
-555 -737 0
79 -560 0
-21 -737 0
22 -737 0
-23 -737 0
-175 50 0
-19 226 0
-29 -169 0
-643 -21 0
811 226 0
-547 164 0
197 226 0
-22 -227 0
-26 -227 0
-27 -227 0
546 -227 0
-29 -227 0
467 -227 0
-811 -802 0
-76 -610 0
-566 54 0
428 -802 0
-32 -802 0
27 -255 0
-739 -546 0
32 -739 0
-606 804 0
-653 -78 0
-593 -739 0
-580 -6 0
230 -428 0
230 593 0
-23 -344 0
78 -242 0
230 -38 0
230 392 0
-34 -611 0
38 -611 0
-39 -611 0
-611 222 0
-448 -611 0
692 -611 0
-204 411 0
-62 -659 0
-775 83 0
411 43 0
-44 411 0
-325 54 0
-222 -233 0
-233 44 0
-233 -692 0
46 -233 0
-233 -47 0
-658 58 0
234 -43 0
47 234 0
-48 234 0
-146 56 0
59 -72 0
54 234 0
-235 -46 0
-593 -220 0
51 -235 0
21 -505 0
467 714 0
151 -235 0
59 329 0
-236 53 0
-236 -54 0
-236 55 0
-23 -30 0
-236 163 0
-687 -163 0
56 -237 0
-151 -237 0
-237 58 0
-819 800 0
-196 23 0
-348 -58 0
-50 234 0
-163 -72 0
-72 61 0
-62 -72 0
-784 -78 0
-58 -239 0
366 692 0
-63 -239 0
64 -239 0
-666 -728 0
-506 -239 0
-451 -664 0
-204 -319 0
-664 -276 0
-594 -50 0
-276 -68 0
140 -34 0
-559 -64 0
68 -559 0
506 -559 0
-559 70 0
-559 343 0
-559 75 0
-85 -343 0
-197 -500 0
-238 -242 0
73 -242 0
-551 -242 0
230 204 0
-82 -70 0
247 551 0
247 -75 0
247 76 0
-77 247 0
-81 247 0
-378 26 0
77 -244 0
-244 -78 0
79 -244 0
-310 448 0
61 -704 0
-206 -76 0
95 -84 0
15 -764 0
-206 164 0
-206 83 0
-206 87 0
-79 -734 0
-83 -734 0
-321 204 0
812 -734 0
515 -734 0
-800 683 82 -214 698 689 684 646 -674 354 680 670 815 685 40 678 446 -2 682 260 686 679 -245 768 687 694 45 817 671 699 0
-361 -551 0
-537 -58 0
-87 -219 0
88 -219 0
55 -806 0
-34 -711 0
-812 -248 0
-269 -50 0
-248 -728 0
250 -248 0
52 -567 0
96 -248 0
-78 395 0
92 -249 0
-249 -17 0
-205 39 0
664 -404 0
-249 99 0
79 -335 0
251 675 0
-695 19 0
-253 -12 0
-514 76 0
-254 -15 0
-518 812 0
-793 -447 0
56 -655 0
-254 24 0
447 -255 0
-70 -570 0
-19 -255 0
-19 524 0
365 81 0
-802 591 0
-376 -18 0
-21 256 0
819 -737 0
811 256 0
26 256 0
-633 81 0
68 -381 0
-24 -437 0
-811 -437 0
546 -437 0
-437 -29 0
467 -437 0
-258 -26 0
-258 -27 0
-258 -546 0
190 -63 0
-32 -258 0
-779 62 0
18 -554 0
-259 -197 0
238 -465 0
34 -259 0
459 89 0
-394 -70 0
-237 -59 0
-819 -285 0
392 -716 0
-520 204 0
-38 -520 0
52 -184 0
593 -362 0
-223 23 0
-24 -776 0
222 -362 0
-89 -488 0
692 -362 0
38 -262 0
-326 -58 0
-222 -262 0
-467 -527 0
-44 -262 0
48 -262 0
-263 448 0
-263 -392 0
728 -337 0
131 -43 0
-47 -263 0
392 -683 0
130 44 0
130 -692 0
130 -46 0
-542 67 0
-286 197 0
130 54 0
47 -265 0
-48 -265 0
217 -265 0
-779 67 0
83 -49 0
-693 0
535 50 0
535 51 0
31 -54 0
535 55 0
535 -56 0
78 -213 0
53 -267 0
-267 -54 0
-65 -22 0
-694 80 0
-267 -59 0
63 -267 0
-171 51 0
-151 -268 0
-58 -268 0
-268 61 0
-62 -268 0
664 -268 0
59 -158 0
-163 -158 0
-158 -61 0
-158 64 0
245 -515 0
-158 -506 0
62 -465 0
-63 -568 0
-64 -465 0
67 -465 0
-465 -68 0
48 411 0
-271 528 0
-271 -664 0
-271 -67 0
-271 70 0
-271 343 0
-55 -320 0
68 -5 0
506 -5 0
87 635 0
73 -5 0
-718 -604 0
58 -308 0
-387 54 0
-528 -789 0
726 -392 0
-434 19 0
-273 -77 0
-273 -81 0
-798 551 0
-641 -75 0
-76 -641 0
79 -641 0
-80 -641 0
804 -641 0
-788 77 0
-788 -78 0
144 476 474 487 484 464 472 -635 481 479 357 331 477 461 -478 462 -480 401 473 550 475 488 468 691 489 482 -483 463 471 270 0
21 -608 0
-788 83 0
-788 87 0
80 799 0
799 81 0
812 -755 0
799 812 0
799 515 0
728 799 0
-681 -83 0
-681 -804 0
-453 75 0
88 -681 0
-681 -89 0
17 -681 0
-278 -515 0
-278 -87 0
-88 -278 0
-278 250 0
-278 -92 0
96 -278 0
-44 -592 0
-724 -728 0
-448 -702 0
-94 -724 0
-724 -95 0
99 -724 0
315 -819 0
-677 -428 0
-604 -573 0
1 -12 0
14 -292 0
-196 19 0
217 -373 0
-292 -447 0
-19 -292 0
-26 -30 0
447 -285 0
-18 -285 0
19 -285 0
-307 -83 0
728 -759 0
-494 21 0
-39 396 0
-444 -81 0
22 -286 0
-286 -23 0
63 -372 0
29 -241 0
-287 23 0
-24 -287 0
-287 811 0
-591 -495 0
-287 -546 0
-528 449 0
-26 -288 0
-27 -288 0
546 -288 0
-29 -288 0
-428 -288 0
591 -288 0
-812 -637 0
46 -320 0
-156 -87 0
-673 -32 0
-34 -769 0
-673 39 0
-432 -26 0
-290 -467 0
-290 34 0
-290 -593 0
-290 -204 0
-88 609 0
478 528 0
-591 -186 0
-646 78 0
-38 -186 0
692 -184 0
692 -186 0
-44 771 0
-39 750 0
483 80 0
-448 750 0
750 -43 0
48 750 0
448 293 0
546 736 0
293 43 0
-613 -447 0
293 -46 0
-51 293 0
-289 77 0
29 -777 0
46 -294 0
-47 -294 0
73 -452 0
-294 54 0
750 38 0
-48 -295 0
741 448 0
21 -796 0
-75 551 0
-44 -683 0
-171 50 0
-392 -323 0
52 -171 0
-812 -149 0
-55 -171 0
-179 238 0
163 -568 0
-297 -54 0
55 -297 0
-297 -56 0
-386 -59 0
747 -6 0
64 449 0
-151 -298 0
-298 58 0
546 346 0
-298 -61 0
-298 664 0
59 299 0
-163 299 0
-442 -151 0
-62 299 0
238 33 0
-793 -19 0
89 -74 0
-428 -623 0
-300 64 0
-300 -528 0
-300 -67 0
-300 238 0
250 -727 0
-55 -656 0
67 -301 0
-289 -68 0
-301 -70 0
-301 75 0
-441 448 0
506 -302 0
70 -302 0
98 -99 0
-73 -302 0
523 593 0
-303 -343 0
-250 -49 0
73 -303 0
-551 -303 0
-303 -76 0
92 20 0
551 -304 0
-758 -17 0
76 -304 0
-77 -304 0
-79 -304 0
804 -304 0
-305 77 0
-305 -78 0
-305 79 0
89 -66 0
-164 -305 0
-11 -52 0
-306 80 0
-785 80 0
-306 164 0
-306 83 0
-812 -306 0
728 -306 0
774 -78 0
135 27 0
-417 -54 0
-307 515 0
-88 -307 0
34 -589 0
-314 -515 0
-62 -598 0
88 -314 0
-194 -14 0
77 -723 0
163 31 0
89 -581 0
68 -621 0
-26 -803 0
-432 -27 0
94 -581 0
-697 55 0
-556 693 0
-19 -178 0
4 0
700 -12 0
-569 14 0
-569 -15 0
-569 555 0
-569 -447 0
-696 -43 0
411 -392 0
773 764 769 184 444 -771 677 -708 766 780 783 787 -455 407 356 782 761 778 779 772 -523 784 785 763 660 704 762 781 760 765 0
-715 -54 0
315 19 0
-280 693 0
-53 709 0
315 -811 0
-380 819 0
-380 -21 0
22 -380 0
-380 -23 0
-540 61 0
811 498 0
-317 23 0
-317 -24 0
-305 -80 0
-389 -61 0
-374 70 0
197 -588 0
318 -26 0
23 -809 0
-228 -46 0
318 -29 0
467 318 0
-34 -520 0
-88 -172 0
-58 -417 0
428 -319 0
-32 -319 0
-319 591 0
-694 75 0
-205 32 0
-205 -467 0
34 -205 0
52 -53 0
-379 -197 0
-222 -205 0
-317 -428 0
-321 -591 0
-146 -151 0
-290 392 0
-321 392 0
-204 -413 0
-474 -43 0
-742 -39 0
-742 222 0
-448 -742 0
96 -399 0
-742 -46 0
-393 -238 0
582 -87 0
47 -743 0
-44 -323 0
48 -323 0
217 -323 0
467 -740 0
-575 -692 0
46 -575 0
-47 -575 0
-51 -575 0
-448 -203 0
47 -325 0
-152 78 0
-217 -325 0
-77 -722 0
-44 -711 0
-55 -325 0
-326 50 0
-205 -593 0
-221 -29 0
-326 -53 0
151 -326 0
-456 80 0
726 -38 0
-785 78 0
506 -509 0
-745 55 0
163 -327 0
-327 -61 0
56 -328 0
-677 -593 0
-328 58 0
-257 -428 0
392 -743 0
59 -794 0
-782 76 0
329 -163 0
329 61 0
27 346 0
329 664 0
329 -67 0
-88 -810 0
247 -70 0
-330 64 0
-330 -528 0
-330 -506 0
-330 -70 0
528 33 0
-664 33 0
67 33 0
-18 -405 0
261 -77 0
-155 -79 0
21 -809 0
467 -680 0
-581 -728 0
-583 343 0
-583 75 0
-204 -441 0
-343 -333 0
-238 -333 0
-151 -595 0
-551 -333 0
78 -333 0
-79 -333 0
-334 551 0
-334 -75 0
76 -334 0
217 -745 0
-81 -334 0
-174 -515 0
-716 38 0
48 -473 0
34 -739 0
-80 -335 0
804 -335 0
-812 -335 0
-372 -163 0
-578 81 0
48 -576 0
83 -578 0
-578 87 0
-88 -578 0
-392 293 0
-337 -804 0
-337 812 0
-337 515 0
-263 -43 0
-250 -337 0
-697 50 0
-627 -63 0
-338 88 0
-94 -74 0
-78 -335 0
692 -412 0
18 -572 0
-66 -728 0
428 -377 0
-92 -66 0
96 -66 0
-300 -63 0
675 -202 0
-4 -340 0
390 -64 0
-10 -71 0
17 -208 0
-23 -572 0
-468 593 0
21 -344 0
47 -269 0
230 -591 0
-555 -345 0
-345 819 0
-689 -664 0
-345 24 0
-141 692 0
-345 26 0
428 -526 0
346 23 0
96 -314 0
183 387 215 165 166 -774 576 170 162 291 -813 185 175 176 381 187 189 167 -180 511 177 188 168 220 161 60 169 160 182 -57 0
-88 -249 0
346 -29 0
-13 -217 0
347 -26 0
347 -27 0
-72 664 0
-764 -18 0
-78 -482 0
-811 -777 0
-294 -692 0
-448 -143 0
250 -581 0
34 -777 0
-593 -777 0
-309 -546 0
32 -309 0
-467 -309 0
-471 -38 0
204 -309 0
-620 -613 0
-422 506 0
593 -541 0
-591 -541 0
39 -541 0
-788 -79 0
-448 -541 0
-351 -34 0
-351 38 0
-39 -351 0
392 -351 0
-351 43 0
22 -612 0
-257 -24 0
-352 448 0
-352 -392 0
50 -564 0
-152 -75 0
-352 -47 0
-94 -486 0
-53 -184 0
-151 -525 0
398 -95 0
-28 -80 0
-353 -50 0
546 -678 0
47 616 0
-48 616 0
61 -417 0
52 616 0
-53 616 0
190 67 0
355 50 0
355 51 0
355 54 0
-428 -768 0
-528 -571 0
555 -292 0
53 -373 0
-373 -54 0
-32 -516 0
-373 58 0
-392 -576 0
574 553 554 368 432 -558 570 775 615 562 568 516 324 154 566 552 557 497 564 216 218 567 563 789 565 308 809 282 712 172 0
64 358 0
-78 -364 0
-11 163 0
-551 -460 0
-11 -62 0
-55 358 0
59 358 0
-450 -283 0
63 358 0
197 -30 0
-528 358 0
749 -46 0
-359 62 0
-359 -63 0
664 -359 0
95 -720 0
-359 -68 0
-472 222 0
-360 528 0
53 -201 0
-151 -566 0
-360 70 0
-360 343 0
-361 -64 0
68 -361 0
506 -361 0
-413 -29 0
217 375 0
-164 -219 0
73 -644 0
70 513 0
-32 587 0
34 650 0
-156 -515 0
299 -64 0
-363 -70 0
-363 551 0
-183 -76 0
-363 78 0
79 -363 0
-701 44 0
-73 -364 0
77 -364 0
-151 -11 0
-81 -364 0
73 2 0
-73 -633 0
-164 336 0
88 -607 0
-284 75 0
-51 -263 0
365 812 0
365 515 0
-713 -79 0
-407 -54 0
-713 -804 0
87 -185 0
88 -713 0
-713 -89 0
-164 -367 0
483 -70 0
-177 -53 0
728 -367 0
250 -367 0
-367 -92 0
-812 -74 0
-300 62 0
217 -203 0
17 -74 0
-338 -89 0
-74 -95 0
-88 369 0
92 369 0
-201 -54 0
96 369 0
369 97 0
-98 369 0
-370 693 0
-371 675 0
-147 -10 0
-12 -150 0
-690 -67 0
-15 -676 0
-555 -676 0
21 -676 0
22 -676 0
-646 -804 0
-378 447 0
-378 -18 0
-378 -19 0
-89 -668 0
-378 811 0
-73 -244 0
490 -283 0
-264 -283 0
-224 -22 0
-798 -75 0
546 -224 0
-695 447 0
-377 23 0
-24 -377 0
-811 -377 0
-377 197 0
-204 -592 0
-332 -43 0
-664 -308 0
-27 -803 0
238 -275 0
467 -803 0
34 -803 0
-98 -759 0
55 -327 0
-94 -249 0
-379 -428 0
-379 591 0
-379 204 0
-379 -38 0
-316 32 0
-316 -467 0
-316 -34 0
-316 39 0
728 -397 0
-192 -8 0
92 -189 0
-181 -591 0
-419 -68 0
-615 551 0
-181 43 0
-44 -181 0
38 -382 0
-39 -382 0
-222 -382 0
692 -382 0
46 -382 0
-47 -382 0
-359 67 0
-383 -392 0
-721 -343 0
-328 -64 0
-330 -63 0
-383 -50 0
-384 44 0
59 -717 0
-384 -46 0
-317 26 0
-48 -143 0
-24 -464 0
193 -67 0
-204 -352 0
-385 217 0
-385 54 0
-385 55 0
-430 693 0
-509 -61 0
-222 -651 0
-52 -386 0
151 -386 0
774 -79 0
68 -394 0
53 31 0
-545 -92 0
-55 31 0
-24 346 0
736 -26 0
-62 31 0
56 -388 0
14 -254 0
-58 -388 0
-79 -644 0
-388 64 0
-528 -388 0
59 -389 0
-467 -739 0
-51 -384 0
-389 664 0
-389 67 0
51 -426 0
390 62 0
-418 163 0
-342 7 0
390 -506 0
70 390 0
390 343 0
-391 528 0
-391 -664 0
-391 -67 0
-456 81 0
73 -391 0
-391 -551 0
-58 -297 0
506 -394 0
-446 812 0
63 478 0
-663 -551 0
-453 -343 0
-393 -343 0
-228 448 0
-654 -43 0
-393 78 0
151 -201 0
-393 -80 0
551 -610 0
-75 -610 0
-195 -811 0
-81 -610 0
591 -144 0
-289 -70 0
77 395 0
-298 -59 0
58 -404 0
804 395 0
80 -543 0
515 395 0
-579 80 0
63 -621 0
-164 -579 0
-579 87 0
-579 88 0
64 16 0
-397 -83 0
-397 -804 0
-812 -397 0
-316 222 0
54 749 0
-397 -92 0
-87 -174 0
-87 398 0
-627 -59 0
-302 343 0
398 -94 0
-22 256 0
98 -639 0
-87 -665 0
-250 -399 0
-742 692 0
428 -679 0
-178 -447 0
-400 693 0
53 -407 0
-620 402 0
728 20 0
402 -447 0
748 -12 0
-209 14 0
-165 -22 0
-209 18 0
506 -539 0
-209 22 0
-793 555 0
-415 -428 0
95 -729 0
21 -405 0
-22 -405 0
-405 811 0
137 22 0
-279 819 0
-279 -21 0
-307 812 0
-811 -279 0
546 -279 0
-279 -29 0
23 -776 0
43 -711 0
27 -776 0
99 159 0
163 -659 0
-32 -776 0
-408 -26 0
-408 -27 0
-70 -5 0
-408 -428 0
34 -408 0
-408 -593 0
-394 75 0
409 -197 0
467 409 0
-34 409 0
-22 -285 0
-38 409 0
-725 -83 0
-467 -410 0
591 -410 0
-295 -50 0
222 -410 0
-448 -410 0
-207 -61 0
-686 56 0
-484 -804 0
-222 -601 0
43 -601 0
-44 -601 0
38 -654 0
-39 -654 0
392 -654 0
-599 -692 0
46 -654 0
-47 -654 0
-244 -80 0
-310 -392 0
555 -809 0
-310 -46 0
-59 58 0
-722 238 0
44 -414 0
-692 -414 0
-350 551 0
217 -414 0
52 -414 0
-53 -414 0
47 -469 0
528 -308 0
95 -518 0
-52 -469 0
-469 55 0
-203 222 0
-90 50 0
336 -515 0
-90 54 0
-48 -184 0
-90 58 0
-90 -59 0
56 -704 0
-684 -47 0
151 -417 0
-319 -197 0
137 -23 0
-690 -528 0
-47 -443 0
-151 -418 0
390 -63 0
-418 -61 0
-418 64 0
-61 -276 0
-810 -804 0
-163 -419 0
63 -419 0
-419 -64 0
-419 67 0
-204 -181 0
-420 62 0
53 -685 0
-420 664 0
-547 83 0
392 -426 0
-420 343 0
-421 528 0
-421 -664 0
-663 238 0
-421 -70 0
62 16 0
-697 51 0
-528 629 0
22 -23 0
-422 238 0
-422 -73 0
-422 76 0
-422 -77 0
-343 -423 0
-238 -423 0
75 -423 0
-76 -423 0
-51 -469 0
-217 130 0
-641 551 0
-224 27 0
78 -798 0
-47 -525 0
164 -798 0
29 -612 0
77 -425 0
-502 -38 0
-425 -81 0
-164 -425 0
-425 812 0
-64 -659 0
80 -668 0
-668 81 0
804 -668 0
-812 -668 0
37 -59 0
-149 -17 0
-810 -83 0
73 -421 0
3 -640 0
-218 -89 0
250 -810 0
-810 -92 0
79 634 0
-87 -486 0
18 795 0
-250 -486 0
-222 -353 0
-788 164 0
89 -208 0
-540 -238 0
-50 -655 0
94 -208 0
97 -208 0
-98 -208 0
-385 -56 0
-327 -56 0
620 -536 0
-14 -536 0
-157 83 0
-26 -354 0
14 -434 0
-53 -265 0
-434 18 0
-273 76 0
-434 -819 0
163 -93 0
447 -608 0
-18 -608 0
-23 -676 0
22 -608 0
-23 -608 0
-24 -766 0
-348 55 0
-21 436 0
24 436 0
811 436 0
26 436 0
436 -546 0
-182 -343 0
55 -56 0
-257 27 0
546 -257 0
-257 -29 0
-328 -59 0
-438 -26 0
-456 515 0
315 447 0
392 375 0
-438 -32 0
-438 -34 0
29 274 0
274 -197 0
274 467 0
34 274 0
274 -593 0
-204 274 0
32 -440 0
-467 -440 0
591 -440 0
204 -440 0
-38 -440 0
92 517 0
-332 593 0
-332 -591 0
-183 551 0
548 -96 0
-508 -56 0
-537 -53 0
77 -335 0
-545 -87 0
728 -487 0
-217 -353 0
-354 -546 0
-602 -551 0
-443 448 0
819 436 0
692 -443 0
46 -443 0
-62 -458 0
217 -443 0
75 -229 0
506 -374 0
-786 48 0
-786 -217 0
-786 -50 0
-786 -52 0
88 -637 0
46 -525 0
-51 -617 0
52 -617 0
-617 -53 0
-617 -55 0
-348 -56 0
61 -598 0
-697 54 0
-581 99 0
771 591 0
-697 -58 0
53 37 0
37 -54 0
250 -148 0
37 58 0
-310 692 0
37 -61 0
56 -458 0
-151 -458 0
-217 234 0
-385 -48 0
-48 -743 0
-623 -29 0
59 449 0
164 -577 0
63 449 0
-428 -499 0
467 -287 0
449 -67 0
190 62 0
52 -326 0
190 664 0
355 -46 0
190 -68 0
190 -70 0
-286 819 0
-152 -68 0
-451 -506 0
70 -451 0
-209 -23 0
-733 447 0
68 -452 0
151 37 0
238 -452 0
217 -294 0
-85 -551 0
-164 -560 0
-394 -77 0
-39 38 0
-812 -681 0
-453 76 0
-77 -453 0
-453 -79 0
-605 551 0
-605 -75 0
78 -605 0
812 515 0
-482 -67 0
506 -212 0
-39 -262 0
-78 -577 0
-81 -577 0
-163 449 0
-577 83 0
-812 -577 0
-80 -723 0
48 455 0
-767 -467 0
-456 812 0
-438 -27 0
-62 61 0
-457 -83 0
-457 -804 0
-457 87 0
88 -457 0
-457 -89 0
-457 -250 0
-545 -515 0
48 -503 0
-39 140 0
-647 32 0
447 -405 0
-545 94 0
692 -220 0
459 -728 0
-8 -552 0
459 -94 0
-38 -309 0
459 -97 0
-550 669 0
-55 -267 0
7 -462 0
70 -583 0
-620 -464 0
555 -464 0
-447 -464 0
21 -464 0
23 -464 0
-217 -69 0
-730 -56 0
19 -270 0
-819 -270 0
-783 -80 0
63 -780 0
46 -412 0
-44 -533 0
-691 22 0
-766 23 0
-691 27 0
-53 -384 0
-691 -197 0
-331 -22 0
-97 -66 0
-331 26 0
-331 197 0
-331 32 0
-248 -92 0
-468 -811 0
-238 -751 0
68 -302 0
-468 467 0
89 -728 0
-468 -591 0
-144 -546 0
428 -144 0
-32 -144 0
164 -610 0
-213 343 0
-39 -144 0
-428 -357 0
34 -357 0
-593 -357 0
151 -778 0
448 -357 0
-392 -357 0
-471 -34 0
-471 204 0
52 -656 0
92 -758 0
-471 44 0
-471 -692 0
-540 664 0
-14 524 0
-209 -15 0
-472 692 0
-151 -686 0
34 -593 0
-222 -473 0
-204 -170 0
-44 -473 0
-427 -68 0
-473 50 0
-473 51 0
-742 38 0
46 -474 0
-474 -47 0
-51 -656 0
-474 53 0
-474 -54 0
-73 25 0
-475 -217 0
163 -176 0
-475 54 0
-475 56 0
-475 -151 0
217 -476 0
-22 -645 0
53 -54 0
-360 -61 0
59 -476 0
-163 -476 0
-52 -477 0
-470 78 0
246 819 0
163 -477 0
582 164 0
-477 -63 0
-569 21 0
478 58 0
478 -59 0
-223 -447 0
46 -47 0
27 -737 0
-479 -58 0
-479 61 0
-479 -62 0
-479 664 0
-479 68 0
506 -479 0
-73 -484 0
64 480 0
-528 480 0
-506 480 0
-14 57 0
-238 480 0
-481 -64 0
-481 67 0
-481 -68 0
238 -481 0
68 -659 0
-481 -75 0
59 -778 0
70 -482 0
-47 -41 0
-482 75 0
77 -482 0
64 -571 0
-367 -515 0
73 483 0
54 -191 0
483 78 0
-685 -55 0
483 81 0
-555 -254 0
-484 76 0
-77 -484 0
429 -64 0
-484 -83 0
238 -648 0
-22 -682 0
-620 -344 0
-698 -17 0
804 -401 0
-401 -515 0
-652 222 0
-339 -591 0
29 409 0
83 635 0
-383 -43 0
89 635 0
635 -728 0
-164 -487 0
-487 812 0
-51 616 0
318 -34 0
92 -487 0
-487 -17 0
-812 -488 0
88 -488 0
-448 -362 0
17 -488 0
54 -807 0
-96 -488 0
163 -779 0
250 -489 0
-489 -92 0
62 -239 0
-8 -132 0
-596 -56 0
-224 819 0
-428 -541 0
804 -637 0
493 -604 0
620 -494 0
94 818 0
-494 -555 0
-508 -664 0
-494 23 0
-232 551 0
-155 87 0
-98 -399 0
-311 675 0
-178 24 0
-178 -26 0
-178 -27 0
496 19 0
246 -21 0
-499 38 0
27 496 0
29 496 0
496 -197 0
-808 61 0
18 -765 0
396 197 0
-561 197 0
-561 32 0
-561 -467 0
-380 -546 0
261 76 0
-13 692 0
506 -621 0
593 498 0
-591 498 0
51 -564 0
-155 -804 0
-695 -819 0
-43 -503 0
-653 343 0
-39 -499 0
-19 346 0
63 -297 0
-526 -34 0
-19 -572 0
-526 448 0
-526 -392 0
34 -501 0
-593 -501 0
-667 81 0
392 -501 0
44 -501 0
-692 -501 0
-502 204 0
-425 -78 0
-502 -222 0
-636 -81 0
-576 204 0
-502 -48 0
59 -419 0
-448 -503 0
-499 591 0
-282 343 0
50 -503 0
51 -503 0
43 -312 0
-44 -312 0
-312 -46 0
-51 -312 0
53 -312 0
67 -719 0
-617 -48 0
-569 -22 0
217 -525 0
-212 -64 0
79 -401 0
-353 -692 0
515 -755 0
-50 -69 0
-52 -69 0
151 -69 0
59 -69 0
-54 -176 0
52 -507 0
-507 -53 0
-507 -55 0
-204 -599 0
-507 62 0
-507 -63 0
-508 55 0
-448 -332 0
726 204 0
63 -508 0
-238 -343 0
-389 -68 0
-509 58 0
-68 -815 0
-386 50 0
-639 -94 0
68 -509 0
29 -379 0
510 61 0
-664 528 0
79 -423 0
-591 -362 0
510 -343 0
-764 22 0
-179 64 0
-179 -528 0
-179 -67 0
-259 39 0
-179 551 0
-222 -220 0
-289 67 0
-301 -68 0
83 -610 0
-289 75 0
-294 44 0
-289 -78 0
261 -343 0
620 57 0
-73 513 0
78 513 0
80 513 0
513 81 0
73 -603 0
-603 -551 0
-487 515 0
-603 -81 0
-163 -69 0
-603 -804 0
-775 -250 0
-77 -199 0
-199 -79 0
804 -199 0
-44 -564 0
-615 -68 0
-589 -546 0
-560 -80 0
-627 -55 0
-560 87 0
89 -560 0
-560 -728 0
-73 33 0
517 83 0
-812 517 0
728 517 0
-699 -97 0
-406 80 0
-752 551 0
-518 515 0
-88 -518 0
17 -518 0
3 -670 0
-96 -518 0
79 -291 0
-519 -89 0
-250 -519 0
96 -519 0
-63 -465 0
-519 -99 0
-689 163 0
669 -521 0
-243 -89 0
-770 -604 0
-232 -64 0
151 -476 0
18 524 0
22 -255 0
-591 -200 0
-24 524 0
-764 -19 0
-505 -447 0
52 -235 0
-22 -505 0
467 -777 0
-505 -27 0
-500 19 0
-89 -549 0
-38 -576 0
-811 -500 0
29 -500 0
-19 57 0
-572 -26 0
-23 -527 0
27 -527 0
88 -89 0
32 -527 0
-77 -173 0
-415 811 0
-415 26 0
-811 -767 0
535 -52 0
-415 593 0
-593 -767 0
-779 -64 0
-29 -529 0
467 -529 0
-34 -529 0
38 -529 0
-39 -529 0
428 -441 0
-696 38 0
-441 591 0
-583 -76 0
-468 -29 0
-441 -392 0
-79 -648 0
-531 -593 0
131 591 0
-222 -531 0
-531 44 0
48 -414 0
-532 204 0
-38 -532 0
392 -532 0
355 -56 0
47 -532 0
-48 -532 0
83 -187 0
70 -625 0
692 -702 0
-702 -46 0
50 -702 0
51 -702 0
-511 -64 0
68 -539 0
26 -765 0
-47 -797 0
53 -534 0
-222 -142 0
46 -266 0
-428 -495 0
616 -43 0
55 813 0
56 -266 0
-151 -266 0
-217 -794 0
-781 -70 0
-794 54 0
-794 -55 0
-47 -322 0
19 -763 0
52 -537 0
-32 -377 0
-337 -83 0
-219 -515 0
546 -499 0
-666 -81 0
-539 -64 0
-538 -56 0
163 -538 0
-538 -61 0
-538 528 0
-664 -538 0
46 -565 0
-539 -59 0
63 -539 0
55 -538 0
-44 -534 0
-209 -19 0
27 -380 0
-540 -62 0
-204 -472 0
-22 -221 0
-540 -343 0
-505 -26 0
59 429 0
-350 -528 0
-79 395 0
-350 -70 0
-222 -186 0
-350 -75 0
34 -619 0
61 -210 0
238 -542 0
-687 55 0
-701 -34 0
-542 -78 0
70 -543 0
-543 343 0
75 -543 0
32 -520 0
812 395 0
-543 81 0
-194 447 0
-551 -644 0
78 -644 0
56 -268 0
-448 -472 0
804 -244 0
-673 -34 0
-77 336 0
336 -81 0
448 -576 0
-88 -758 0
-647 24 0
79 -28 0
-73 -451 0
804 -28 0
-812 -28 0
89 -28 0
-28 -728 0
226 26 0
-420 -67 0
-547 87 0
-183 343 0
92 -547 0
-547 -17 0
548 812 0
548 515 0
728 548 0
-87 -172 0
-579 -89 0
-80 -423 0
88 -549 0
-819 -500 0
-142 -38 0
94 -549 0
650 448 0
-549 -99 0
-557 -283 0
-368 669 0
459 17 0
-506 -752 0
-504 -63 0
-163 -389 0
-405 26 0
819 -554 0
-21 -554 0
-22 -554 0
-317 811 0
-809 -447 0
86 -728 0
318 -27 0
-24 -809 0
-811 -809 0
-817 -14 0
217 -387 0
-562 44 0
-290 32 0
-581 -92 0
95 -699 0
22 -154 0
-23 -154 0
27 -154 0
29 -154 0
-197 -154 0
-428 -154 0
558 811 0
558 26 0
558 197 0
558 32 0
558 -467 0
558 -34 0
-514 -70 0
46 -772 0
-416 -506 0
-363 -75 0
-591 -216 0
-204 -216 0
180 528 0
151 -373 0
600 -61 0
-516 38 0
-39 -516 0
-222 -516 0
34 -497 0
-593 -497 0
-497 39 0
-660 97 0
-497 -392 0
-497 -43 0
-562 204 0
-562 -38 0
151 -537 0
-432 24 0
-562 -692 0
-562 -46 0
-241 -197 0
-448 -563 0
-687 54 0
47 -563 0
-48 -563 0
217 -563 0
-564 43 0
-199 -515 0
48 -564 0
-352 692 0
61 -570 0
-52 -564 0
-539 58 0
-254 19 0
77 774 0
53 -565 0
-565 -54 0
-55 -565 0
-77 -752 0
-566 -50 0
62 -63 0
-194 -22 0
-360 -506 0
-566 -58 0
-331 -467 0
-78 -753 0
151 -567 0
59 -567 0
-406 81 0
-52 -237 0
55 -568 0
-568 -56 0
164 -364 0
-89 -720 0
98 -519 0
-568 -64 0
632 -78 0
-59 -308 0
63 -308 0
-48 -469 0
-73 -406 0
-67 -308 0
-537 62 0
-62 -570 0
664 -570 0
-343 600 0
506 -570 0
-255 -18 0
-789 64 0
-51 -266 0
-789 -506 0
-789 -343 0
-789 -238 0
-73 -789 0
-148 -92 0
-199 -87 0
-615 238 0
46 -797 0
-615 -75 0
-615 -76 0
-282 70 0
-39 -716 0
-282 75 0
77 -282 0
-282 -78 0
-282 -79 0
73 -574 0
-551 -574 0
-574 78 0
-470 -804 0
-574 81 0
-164 -574 0
-324 76 0
-77 -324 0
63 -388 0
-83 -324 0
-448 -701 0
-70 -210 0
79 -172 0
-172 -80 0
-467 -520 0
-172 -515 0
548 -250 0
29 -319 0
-52 -730 0
283 0
-222 -35 0
89 -775 0
-775 -728 0
-199 76 0
53 -176 0
-712 515 0
728 -712 0
92 -712 0
-19 -145 0
94 -712 0
365 -76 0
-330 62 0
-706 217 0
95 -218 0
-96 -218 0
-218 -97 0
-811 -445 0
-349 -4 0
204 -769 0
-431 -10 0
-620 -584 0
18 -584 0
19 -584 0
-445 24 0
23 -584 0
-24 -584 0
22 -167 0
21 -585 0
22 -585 0
-23 -585 0
-585 -26 0
-585 -27 0
-19 -586 0
-586 24 0
-586 811 0
39 -711 0
29 -586 0
-586 -197 0
-540 -67 0
27 -221 0
546 -221 0
428 -258 0
800 23 0
-221 -467 0
-811 -588 0
-321 593 0
428 -588 0
-32 -588 0
593 -588 0
-591 -588 0
48 -353 0
79 -783 0
17 -307 0
-593 -589 0
-195 555 0
-39 -589 0
-428 -590 0
-590 591 0
-590 204 0
-590 -38 0
-428 -259 0
-590 -392 0
77 -542 0
-701 39 0
-701 222 0
-44 -426 0
-305 87 0
-701 -692 0
-146 -217 0
392 -592 0
95 159 0
89 -724 0
47 -592 0
-48 -592 0
-775 87 0
-287 26 0
46 -35 0
-47 -35 0
50 -35 0
-272 -43 0
-594 -43 0
48 -594 0
804 365 0
-506 -782 0
53 -594 0
-594 -54 0
-715 -56 0
-32 140 0
-341 -392 0
-595 -53 0
478 -664 0
-151 -388 0
217 -596 0
-567 -163 0
55 -596 0
46 -352 0
-721 -64 0
-163 -596 0
597 -52 0
597 151 0
597 58 0
597 -59 0
-87 -624 0
597 -63 0
-55 -598 0
163 -598 0
-421 -551 0
-87 -314 0
-598 528 0
-664 -598 0
-58 -621 0
741 -392 0
64 -621 0
-528 -621 0
-463 -10 0
467 498 0
-516 591 0
664 600 0
-661 -70 0
600 -68 0
-313 -163 0
-238 600 0
-628 -58 0
-506 -232 0
70 -232 0
-232 343 0
-494 -24 0
53 -13 0
-602 -67 0
-49 -515 0
68 25 0
-716 -46 0
-602 77 0
-522 -8 0
546 -216 0
-814 75 0
73 -333 0
-141 448 0
-514 80 0
-514 81 0
-73 -470 0
-727 -92 0
246 -23 0
-470 -80 0
-470 -83 0
517 -17 0
582 -76 0
582 -81 0
-477 62 0
582 83 0
582 -515 0
-81 -324 0
-606 -79 0
-14 -554 0
-606 812 0
-606 515 0
-606 89 0
-606 -728 0
-250 -188 0
-607 87 0
365 80 0
-89 -607 0
92 -607 0
-9 -99 0
-812 -84 0
29 -168 0
15 -682 0
-84 -92 0
-715 55 0
-96 -84 0
-321 -38 0
555 -682 0
609 -94 0
609 -95 0
609 98 0
27 -285 0
3 42 0
-638 95 0
669 649 0
-432 19 0
-613 555 0
-44 293 0
708 -27 0
-614 19 0
15 -614 0
-555 -614 0
-613 -21 0
-819 -614 0
-614 23 0
-24 -614 0
-575 44 0
-482 343 0
22 -572 0
447 -344 0
22 -527 0
-572 -27 0
-65 21 0
-4 -461 0
-65 811 0
-65 26 0
29 -65 0
-163 -730 0
-819 -584 0
39 -739 0
546 -445 0
-29 -445 0
32 -445 0
-445 -467 0
27 -618 0
528 -719 0
428 -618 0
-630 -64 0
56 -525 0
-591 -618 0
-619 197 0
-619 -428 0
409 204 0
-619 -593 0
-619 38 0
-39 -619 0
726 467 0
98 -489 0
-508 -58 0
53 -327 0
726 448 0
-661 664 0
-599 591 0
-343 -815 0
-599 222 0
-448 -599 0
-343 -782 0
-618 -546 0
-622 39 0
-804 634 0
-622 43 0
-44 -622 0
-622 47 0
-48 -622 0
-504 62 0
-797 -43 0
392 -181 0
217 -534 0
675 -403 0
-797 51 0
498 -546 0
-13 -46 0
-812 -646 0
-13 -50 0
-232 -75 0
-768 24 0
48 709 0
217 709 0
-164 -334 0
315 24 0
-163 -717 0
-151 709 0
-51 -730 0
692 -563 0
55 -730 0
39 -601 0
59 -730 0
-421 -506 0
-627 54 0
-401 -76 0
-627 58 0
-88 398 0
-24 -223 0
-338 -87 0
151 -628 0
620 524 0
92 435 0
-628 -62 0
-628 528 0
-206 80 0
-416 528 0
-61 629 0
64 629 0
-82 64 0
83 -364 0
261 75 0
56 -177 0
-32 -618 0
-630 67 0
-630 -68 0
664 25 0
-238 -630 0
467 -216 0
-385 47 0
193 70 0
193 343 0
193 551 0
193 -75 0
632 -506 0
632 -70 0
73 632 0
632 -551 0
632 77 0
19 -166 0
238 -633 0
-77 -633 0
-633 76 0
-79 -213 0
-633 80 0
197 256 0
75 634 0
692 -35 0
-254 -819 0
-80 634 0
-83 634 0
91 -87 0
-174 78 0
-79 -174 0
164 -174 0
-174 83 0
52 709 0
77 133 0
26 -168 0
22 -344 0
-603 -76 0
-636 515 0
89 -636 0
-784 83 0
50 455 0
29 -673 0
-617 47 0
-637 -89 0
92 -637 0
-637 -17 0
-638 87 0
546 -766 0
-469 -56 0
-448 -215 0
-6 -231 0
-638 -96 0
-284 -68 0
-411 233 72 227 376 219 559 492 -424 -439 236 739 276 802 206 734 -226 235 -234 611 -247 237 -230 737 249 239 248 296 242 244 0
-62 -717 0
92 -660 0
-88 -277 0
-639 -99 0
-810 87 0
-688 -6 0
-448 222 0
650 -392 0
-14 -643 0
-555 -643 0
-643 819 0
-24 226 0
299 -506 0
555 -223 0
164 635 0
-19 -223 0
644 521 500 266 441 537 534 522 770 547 531 538 672 529 -524 -548 549 -336 28 543 532 539 505 794 350 540 527 542 702 415 0
-794 -50 0
18 -645 0
19 -645 0
-764 -23 0
52 -476 0
-26 -645 0
-39 -220 0
21 -612 0
-44 -351 0
-612 -23 0
-811 -612 0
83 -798 0
-819 -376 0
336 -87 0
-647 811 0
-647 26 0
59 -687 0
63 -427 0
-647 -467 0
27 -495 0
546 -495 0
-29 -495 0
-682 -21 0
593 -495 0
-76 634 0
79 -646 0
428 396 0
-32 396 0
396 -34 0
-427 528 0
-620 -376 0
467 650 0
506 629 0
-593 650 0
-204 650 0
98 -549 0
-238 -284 0
-651 591 0
-651 204 0
-651 -38 0
-386 51 0
-651 44 0
-651 -692 0
-652 39 0
-812 -148 0
-448 -652 0
-652 -43 0
-652 47 0
-48 -652 0
-420 70 0
-426 43 0
-332 222 0
-426 -46 0
48 -655 0
609 -99 0
-206 81 0
164 83 0
73 -460 0
217 -412 0
-381 75 0
-412 -54 0
50 -426 0
-217 -655 0
736 -27 0
-52 -655 0
-515 -486 0
-151 -655 0
728 -734 0
-197 -168 0
-53 -656 0
-664 -301 0
59 -656 0
347 -22 0
483 -551 0
55 -191 0
-191 -56 0
-58 -191 0
-383 -217 0
714 -38 0
-658 151 0
-51 -233 0
-658 -59 0
77 -625 0
-658 528 0
-211 64 0
428 -776 0
-9 250 0
411 448 0
-425 515 0
-481 551 0
506 -659 0
63 -571 0
347 -32 0
-43 -532 0
-624 -515 0
-343 -571 0
-238 -571 0
-273 -73 0
-661 67 0
-661 -68 0
-257 23 0
-88 -456 0
-661 -75 0
-653 -506 0
70 -653 0
73 -361 0
-73 -653 0
77 -653 0
-512 693 0
-65 -197 0
73 -663 0
88 -189 0
-663 -76 0
-663 80 0
-685 -54 0
-786 44 0
76 -229 0
-77 -229 0
-79 -229 0
-83 -229 0
-406 164 0
78 -665 0
79 -665 0
-80 -665 0
-164 -665 0
-665 -515 0
-399 -728 0
-537 -63 0
-666 164 0
-666 83 0
-666 -812 0
-666 89 0
-528 -239 0
804 -277 0
-277 812 0
-277 515 0
34 -696 0
92 -277 0
-17 -277 0
-720 87 0
88 -720 0
62 -568 0
-250 -720 0
-383 448 0
757 -21 0
728 -9 0
-468 546 0
-9 -92 0
-9 94 0
-9 98 0
80 -578 0
811 26 0
-32 708 0
-260 669 0
-817 620 0
459 -95 0
-817 447 0
-817 -18 0
-817 -19 0
250 -84 0
609 17 0
-682 -447 0
-356 87 0
-266 -47 0
-76 -452 0
398 -515 0
800 19 0
-543 -76 0
32 -221 0
-24 800 0
-811 800 0
392 -773 0
22 -354 0
-23 -354 0
-88 -489 0
-27 -354 0
-44 -716 0
-13 -54 0
811 -768 0
26 -768 0
29 -768 0
-692 375 0
68 -570 0
27 -678 0
-51 -595 0
-29 -678 0
-446 515 0
91 -89 0
-34 -678 0
-712 -17 0
97 -399 0
-758 87 0
593 -679 0
-566 -217 0
48 -383 0
506 -583 0
34 -680 0
-593 -680 0
38 -680 0
-39 -680 0
530 -63 0
591 214 0
222 -503 0
-38 214 0
448 214 0
-392 214 0
-43 214 0
674 39 0
91 -515 0
-387 43 0
674 44 0
674 -692 0
674 -46 0
-217 -594 0
-683 43 0
151 -295 0
-213 551 0
-48 -683 0
217 -683 0
-684 692 0
46 -684 0
-279 24 0
-684 50 0
-684 51 0
-52 -684 0
48 -685 0
-217 -685 0
-685 -50 0
-151 -328 0
-663 81 0
750 222 0
-51 -686 0
-686 52 0
-686 -53 0
-591 -601 0
-472 47 0
-686 -58 0
-775 164 0
-73 -542 0
-777 -197 0
-551 -5 0
68 -275 0
-687 -61 0
151 -40 0
-721 -506 0
-48 -533 0
-164 -694 0
-63 -40 0
-40 -64 0
-88 -729 0
-689 61 0
-689 -62 0
-689 528 0
-345 -21 0
-574 80 0
-82 63 0
-422 68 0
-82 -528 0
-82 68 0
506 -82 0
62 -191 0
664 -815 0
67 -815 0
-509 -59 0
-225 24 0
-332 39 0
-73 -815 0
535 163 0
-45 70 0
-45 343 0
-45 551 0
-45 -75 0
-45 -76 0
238 2 0
53 -297 0
546 139 0
77 2 0
-78 2 0
-79 2 0
528 -276 0
-694 76 0
-77 -694 0
-267 58 0
-694 81 0
62 -40 0
-186 204 0
-811 -561 0
-646 -80 0
-511 62 0
18 800 0
64 -778 0
-238 -303 0
164 245 0
245 83 0
-528 -158 0
-273 -238 0
-88 245 0
804 -446 0
-224 -21 0
32 -678 0
89 -446 0
-446 -728 0
-446 -250 0
-698 87 0
88 -698 0
-89 -698 0
-55 478 0
77 -577 0
-78 -625 0
728 -699 0
-51 -215 0
-55 -90 0
56 -298 0
-96 -699 0
-222 -440 0
-32 -526 0
73 774 0
-662 7 0
-703 -10 0
53 -706 0
18 757 0
757 819 0
-658 -664 0
-164 -605 0
250 -66 0
-555 -705 0
21 -705 0
-705 23 0
-51 -565 0
-705 811 0
-705 26 0
197 -679 0
-145 24 0
-145 -26 0
-145 -27 0
546 -145 0
-145 -29 0
-819 19 0
27 -707 0
164 -187 0
-707 -197 0
593 -601 0
-32 -707 0
-415 197 0
197 -767 0
32 -767 0
804 -456 0
34 -767 0
-415 -591 0
153 -546 0
153 467 0
506 -211 0
153 -591 0
153 204 0
153 -38 0
-428 -710 0
-710 591 0
-710 38 0
-783 -76 0
-531 -692 0
804 -624 0
17 -219 0
-586 26 0
448 -711 0
-392 -711 0
-444 -83 0
-590 448 0
-204 -41 0
392 -41 0
44 -41 0
-692 -41 0
46 -41 0
-648 76 0
-222 366 0
-22 -434 0
47 366 0
-48 366 0
-217 366 0
366 -50 0
-444 -804 0
48 -272 0
-811 -608 0
-272 51 0
52 -272 0
-53 -272 0
-715 -46 0
-51 -715 0
53 -715 0
315 -18 0
-628 -664 0
-595 -46 0
-51 -806 0
-442 54 0
-442 56 0
57 24 0
-442 58 0
-442 -59 0
-52 -717 0
151 -717 0
-384 -692 0
56 709 0
-717 61 0
664 -509 0
-504 -55 0
-504 163 0
-728 -208 0
620 -554 0
-721 -551 0
-24 -705 0
-58 -719 0
63 -719 0
-555 -270 0
-664 -719 0
-563 222 0
-811 795 0
-374 -61 0
-374 664 0
68 -374 0
-433 26 0
-317 197 0
-374 343 0
59 -596 0
58 -40 0
-381 -70 0
-721 -238 0
-721 73 0
-504 64 0
-722 -67 0
-310 -50 0
-722 551 0
-722 -75 0
-722 76 0
467 -241 0
-173 80 0
75 -723 0
-250 -314 0
-613 819 0
79 -723 0
-182 78 0
-413 32 0
-406 78 0
-667 164 0
-77 76 0
47 -683 0
-406 83 0
63 -328 0
-81 -725 0
32 -410 0
-725 -804 0
-725 812 0
-725 515 0
-79 -624 0
-460 81 0
-604 -60 0
597 62 0
88 -624 0
-89 -624 0
-164 -727 0
-727 87 0
89 -727 0
-727 -728 0
-301 528 0
55 -477 0
-53 -171 0
728 -149 0
92 -149 0
-378 24 0
-764 447 0
-149 -95 0
-55 805 0
17 -729 0
33 -68 0
-562 392 0
-250 -724 0
-98 -729 0
3 -626 0
-731 -6 0
-732 669 0
-733 -620 0
-204 -362 0
-733 -18 0
-733 19 0
-733 -819 0
15 246 0
-804 198 0
61 -275 0
70 -212 0
246 22 0
79 -470 0
18 -735 0
-19 -735 0
-695 -18 0
-24 -735 0
-528 -211 0
26 -735 0
736 21 0
-22 736 0
29 -707 0
593 -618 0
-96 -729 0
736 -29 0
-507 163 0
-347 360 309 351 367 -261 11 -369 71 373 541 344 -355 352 -358 364 202 777 353 361 -365 345 359 713 363 -346 -616 340 342 74 0
139 -591 0
-197 -225 0
428 -225 0
-32 -225 0
27 -738 0
-738 -546 0
32 -738 0
-467 -738 0
34 -738 0
-593 -738 0
-339 197 0
-428 -339 0
-339 593 0
-79 635 0
-339 204 0
-38 -339 0
88 -668 0
-740 -34 0
25 343 0
34 -220 0
-740 222 0
-428 -30 0
741 591 0
-204 741 0
-217 -295 0
-579 81 0
741 43 0
-44 741 0
39 -322 0
-222 -322 0
44 -322 0
-692 -322 0
46 -322 0
6 0
-62 329 0
-743 -43 0
-323 43 0
-63 -191 0
-217 -743 0
-743 -50 0
692 -744 0
-302 78 0
50 -744 0
51 -744 0
52 -744 0
-53 -744 0
48 -745 0
-729 97 0
53 -745 0
-745 -54 0
-454 7 0
-745 -56 0
-51 -746 0
-52 -746 0
61 -659 0
-151 -746 0
29 -677 0
-59 -746 0
-313 54 0
-313 -55 0
59 -313 0
355 55 0
-313 61 0
-313 -62 0
151 530 0
-58 530 0
530 62 0
513 343 0
23 -166 0
-528 530 0
50 -320 0
-61 -93 0
528 -93 0
-664 -93 0
67 -93 0
23 -735 0
63 -212 0
-525 54 0
68 -212 0
22 757 0
-819 496 0
-212 343 0
-751 664 0
-751 -67 0
3 -760 0
56 -746 0
73 -751 0
-551 -751 0
-156 -80 0
-806 -56 0
-61 480 0
-752 -75 0
-752 76 0
-591 -679 0
238 -753 0
-73 -753 0
77 -753 0
-331 811 0
79 -753 0
-80 -753 0
-772 -43 0
-754 -76 0
-754 80 0
-754 81 0
-754 164 0
-754 83 0
-78 -723 0
-79 -755 0
-83 -755 0
-804 -755 0
-164 -756 0
-306 81 0
-81 -756 0
-566 56 0
-756 -515 0
-87 -756 0
88 -756 0
-401 -80 0
804 -148 0
-87 -401 0
-353 44 0
-148 -728 0
506 -452 0
-615 67 0
-136 -26 0
-90 51 0
77 -784 0
-75 -304 0
-716 43 0
728 -486 0
-804 -324 0
-250 -759 0
95 -759 0
-96 -759 0
-392 448 0
-471 392 0
-751 -343 0
-6 -761 0
34 -531 0
14 -763 0
-15 -763 0
-555 -763 0
-64 -275 0
-819 -763 0
-343 -630 0
428 -170 0
428 347 0
-505 555 0
510 -238 0
-819 -645 0
-561 -23 0
86 94 0
-21 -765 0
-746 58 0
-38 -769 0
48 -534 0
21 -766 0
-492 -10 0
-272 50 0
-811 -766 0
-88 -638 0
-29 -766 0
-416 -59 0
-551 2 0
-45 -506 0
-567 -53 0
428 708 0
29 -197 0
-677 27 0
819 -765 0
-677 -197 0
67 600 0
-677 34 0
-420 -63 0
-545 250 0
32 -769 0
-467 -769 0
-408 197 0
50 -797 0
811 -765 0
523 467 0
15 -223 0
523 -591 0
523 -204 0
523 222 0
-448 523 0
-697 -56 0
197 -166 0
-39 771 0
250 -787 0
771 43 0
47 -295 0
-772 39 0
-772 448 0
-772 -392 0
-754 75 0
-29 -216 0
804 91 0
21 -354 0
44 -773 0
-238 -815 0
-46 -773 0
-217 -773 0
-50 -773 0
-710 222 0
47 -184 0
163 -458 0
217 -184 0
56 -807 0
89 -148 0
238 -391 0
544 -8 0
51 455 0
-52 455 0
-38 204 0
455 -56 0
-51 -407 0
-485 675 0
197 -769 0
-407 -55 0
-142 44 0
-407 -59 0
54 -704 0
53 -417 0
-151 -704 0
-58 -704 0
-163 -656 0
-62 -704 0
39 -357 0
-80 -605 0
-163 -778 0
-61 -778 0
-804 -644 0
-528 -778 0
-138 -12 0
-258 591 0
-779 -63 0
546 -529 0
52 -265 0
-151 -177 0
-26 -270 0
528 -780 0
-664 -780 0
-780 -67 0
59 -372 0
-780 343 0
-781 664 0
-781 68 0
506 -781 0
-627 62 0
-271 75 0
-781 -551 0
67 -276 0
-87 245 0
-238 -782 0
-73 -782 0
-48 -325 0
-77 -782 0
238 -783 0
-783 551 0
-783 -75 0
-39 -710 0
467 -589 0
-270 24 0
-784 75 0
-593 -803 0
347 197 0
-784 -79 0
-784 164 0
-636 -728 0
-327 -54 0
29 -691 0
-785 81 0
-164 -785 0
-785 812 0
-785 515 0
-286 -21 0
-94 -758 0
51 -35 0
-812 -444 0
-444 88 0
-444 -89 0
804 -787 0
-787 -515 0
-87 -787 0
-88 -787 0
-222 771 0
-92 -787 0
-682 819 0
89 -356 0
-356 -728 0
-250 -356 0
-438 197 0
-356 -95 0
728 -660 0
-639 -95 0
-660 -17 0
94 -660 0
-497 448 0
-98 -660 0
-790 3 0
791 -6 0
669 -792 0
-793 14 0
-793 -15 0
-467 -678 0
-32 -679 0
804 -172 0
15 -695 0
-314 -89 0
-77 -334 0
-477 -56 0
-432 -546 0
-695 -22 0
-758 -95 0
819 795 0
-21 795 0
22 795 0
-23 795 0
-719 -68 0
-204 -410 0
23 -796 0
-24 -796 0
-796 811 0
-796 26 0
-796 -546 0
68 -583 0
-623 -26 0
-623 -27 0
546 -623 0
-458 -64 0
392 -797 0
27 587 0
29 587 0
-197 587 0
428 587 0
-489 -99 0
-34 587 0
-240 197 0
-240 32 0
-434 -15 0
34 -240 0
-593 -240 0
-204 -240 0
-53 -235 0
-504 -528 0
714 -591 0
714 204 0
56 -418 0
-222 714 0
-531 39 0
131 38 0
-39 131 0
131 222 0
-448 131 0
46 -263 0
-228 39 0
9 666 656 612 653 647 495 651 223 191 665 -650 655 661 229 277 -396 688 642 720 659 412 640 643 645 658 426 663 571 652 0
-228 -392 0
61 31 0
-44 -228 0
546 318 0
428 -438 0
44 375 0
-197 -768 0
135 -24 0
-47 375 0
-22 496 0
34 -141 0
-164 -636 0
-48 -269 0
-217 -269 0
89 -248 0
-52 -269 0
48 805 0
-136 -819 0
805 51 0
52 805 0
-53 805 0
-672 -283 0
-442 217 0
53 -806 0
-806 -54 0
-219 -89 0
-752 -70 0
-58 -806 0
95 -488 0
392 -520 0
-151 -807 0
58 -807 0
-59 -807 0
-61 -807 0
-808 151 0
-808 59 0
-808 -163 0
22 -561 0
-163 358 0
546 -29 0
-43 -576 0
204 214 0
16 -63 0
-58 -359 0
-528 16 0
16 -67 0
-514 -77 0
-639 -250 0
-427 -664 0
-427 67 0
-418 -528 0
-427 -70 0
94 -338 0
-448 -316 0
506 25 0
70 25 0
-740 38 0
-475 -46 0
-85 -506 0
130 -50 0
-85 -238 0
73 -85 0
-551 -452 0
-85 -76 0
-73 -393 0
-648 551 0
-648 -75 0
-526 39 0
-77 -648 0
51 749 0
-514 75 0
-814 77 0
-814 -78 0
79 -814 0
-814 -80 0
-89 -189 0
-667 78 0
-667 80 0
-204 -501 0
-689 -67 0
-667 83 0
-667 -812 0
-81 816 0
-83 816 0
-804 816 0
816 812 0
816 515 0
-88 816 0
-772 -47 0
674 222 0
-222 -622 0
91 88 0
-451 343 0
91 -250 0
818 87 0
89 818 0
818 -728 0
250 818 0
818 -92 0
-160 -283 0
555 402 0
56 -207 0
20 -17 0
20 -94 0
20 -95 0
20 -97 0
-159 142 460 156 146 134 -435 143 801 -139 466 372 -140 136 706 348 157 416 433 625 155 264 275 152 690 141 -749 -135 132 -137 0
-725 -76 0
195 196 -133 284 194 631 404 -86 243 -429 49 413 -198 696 30 213 657 241 211 201 210 320 450 341 203 200 207 533 173 192 0
-96 -720 0
-130 278 267 362 268 255 465 259 437 271 263 5 158 681 -256 520 252 253 273 -535 -799 724 254 265 -251 262 788 258 512 641 0
295 -1 290 302 186 292 298 280 287 285 301 171 -293 307 -750 581 303 305 673 304 573 294 286 297 314 281 306 288 300 -299 0
321 325 -318 569 -329 205 66 311 333 583 718 326 556 338 323 335 380 317 578 319 -700 742 334 330 327 -315 337 328 575 -33 0
-811 -225 0
73 -781 0
408 422 417 601 485 776 400 -409 405 209 310 279 -402 654 810 208 425 -748 419 668 469 418 420 798 90 423 410 421 414 486 0
453 138 786 257 457 332 443 458 716 545 617 438 -459 577 536 605 430 403 -274 -449 434 608 -190 -37 452 697 -436 456 451 440 0
-541 222 0
-467 -433 0
620 -643 0
439 7 0
621 -609 585 595 598 349 232 431 454 -597 606 580 584 590 470 594 -582 221 701 588 84 35 596 602 514 -600 589 586 607 592 0
-634 614 13 622 572 730 445 -193 637 630 -632 613 65 -42 -709 633 -629 638 -649 231 619 636 174 599 -726 797 627 639 628 618 0
448 -323 0
-474 -51 0
-437 23 0
759 744 751 740 733 738 -530 212 743 225 -246 755 746 -741 -736 756 731 339 754 745 732 735 752 93 753 313 148 626 322 758 0
51 -320 0
-25 240 -805 792 -816 -818 814 -791 427 -20 -375 -91 -587 793 623 -795 808 695 667 85 796 648 790 228 806 -714 269 807 -16 -131 0
-79 -798 0
151 -265 0
-3 0
-204 -679 0
-167 -27 0
-647 -546 0
-696 -593 0
8 0
-669 0
10 0
604 0
12 0
46 -448 -164 -44 29 -51 -88 48 53 15 217 63 52 96 620 34 804 151 98 -73 95 -222 77 94 -204 -811 -32 3 467 47 17 21 -19 22 -4 -428 -250 669 -55 -555 -604 692 238 -163 447 14 -58 -89 18 -79 -81 64 -551 38 664 -283 -343 -506 -819 -80 693 197 50 675 54 -59 591 23 -83 99 62 593 78 -392 7 97 39 -8 -43 -70 -61 26 528 812 -27 -92 -6 -67 -10 76 -515 -12 87 24 -75 -728 -68 -546 -56 0
