p cnf 2052 3548 
28 947 0
1446 -1218 0
59 -1948 0
18 -19 0
-1469 -419 0
-725 717 -722 37 837 -585 706 279 -2003 631 708 -721 720 1081 1549 438 731 711 727 703 1312 707 -313 705 732 723 -346 719 653 -70 0
33 -247 0
-926 -21 0
618 35 0
22 -926 0
27 -704 0
-1869 538 0
1442 -1843 0
25 -27 0
25 -28 0
-527 -27 0
-527 -28 0
-28 -27 0
-1100 29 0
-1471 -43 0
-776 326 0
-1100 -89 0
576 487 0
-1318 2049 0
-33 -2025 0
-33 -35 0
1927 -850 0
-1268 1749 0
-1417 905 0
-35 -36 0
-38 -1960 0
-1975 -1960 0
-40 -1960 0
-1314 50 0
-40 -38 0
-642 1806 0
-1694 -42 0
2025 -337 0
-1694 -1471 0
-29 -655 0
-1471 -42 0
-1655 875 0
1225 -1339 0
-1442 -47 0
-1442 -2002 0
-1545 -47 0
-1545 -2002 0
-2002 -47 0
-50 -49 0
-1873 -49 0
1954 107 0
-1873 -50 0
974 -97 0
1115 -195 0
-1877 652 0
-734 1806 0
-95 -421 0
-767 54 0
-95 54 0
-1164 -52 0
-783 -57 0
-1312 1762 0
60 -57 0
89 -1580 0
60 -783 0
-1452 277 0
-1226 1308 0
1097 -623 0
598 -1444 0
-63 -62 0
-25 1488 0
-32 -257 0
1961 940 0
1388 -1291 0
-65 -782 0
-326 -302 0
59 -534 0
-782 -302 0
-1678 1510 0
110 -1928 0
940 -1090 0
615 -894 0
615 -72 0
-897 1559 0
74 467 0
75 467 0
-76 467 0
-1851 43 0
-76 74 0
-76 75 0
-1608 -78 0
-1608 -177 0
-1728 1534 0
-78 -177 0
-362 -114 0
1756 -935 0
-1963 81 0
-1288 81 0
81 -84 0
1587 511 0
-1963 -84 0
-1288 -84 0
-919 -1900 0
-87 -85 0
-451 -85 0
-87 -1616 0
-451 -1616 0
-451 -87 0
28 -1310 0
1108 -1282 0
45 -31 0
-404 -91 0
1741 -2011 0
12 -1077 0
-1101 -94 0
966 -1101 0
1706 1386 0
7 -1848 0
-96 -94 0
-96 966 0
1402 -1619 0
97 -1914 0
-1208 1448 0
1525 -1914 0
-665 1525 0
-1091 -984 0
-219 665 0
-1562 -1792 0
1191 -827 0
1171 1351 0
102 -104 0
-1792 -104 0
-105 -106 0
-107 -105 0
-105 -108 0
365 -1890 0
-106 -108 0
-107 -108 0
-1707 1557 0
1608 359 0
-109 -112 0
-1296 1752 0
-602 1373 0
-111 -112 0
114 1547 0
1940 -821 0
-1424 -114 0
1100 -1340 0
468 114 0
468 -1446 0
118 -1379 0
-1433 -1379 0
2005 -1379 0
-1666 -968 0
-1179 888 0
-758 129 0
122 -1927 0
89 -677 0
-124 -1927 0
122 -123 0
122 -124 0
-123 -124 0
-368 -126 0
-988 -1738 0
-128 -368 0
111 -667 0
-732 963 0
1563 -1017 0
-1244 -130 0
-1806 -1244 0
-52 -925 0
128 -1212 0
-1770 750 0
-181 1861 0
-99 87 0
-99 1588 0
-1270 1379 0
98 -365 0
31 -920 0
1913 -920 0
-81 -1082 0
1175 1265 0
368 -775 0
-663 -775 0
-319 40 0
-319 2029 0
-2005 -1757 0
65 -476 0
2002 -1013 0
5 -1013 0
427 21 0
-1496 527 0
1873 -1763 0
111 -1228 0
-452 1052 0
1502 -819 0
-835 403 0
-835 1915 0
-1976 665 0
-1976 1596 0
-9 0
1424 -718 0
926 -113 0
-15 -583 0
-717 69 0
-717 1687 0
-122 -460 0
343 -460 0
-1857 302 0
376 -1270 0
1680 908 0
-1025 -1235 0
246 -118 0
590 246 0
-1885 175 0
1216 -573 0
2002 305 0
-1446 1547 0
111 -547 0
1137 -547 0
-13 -1874 0
-53 104 0
-53 -1413 0
-1756 -443 0
-1704 1554 0
-650 -1400 0
-2049 1259 0
1545 -1343 0
892 -1343 0
1215 -310 0
108 216 0
216 1896 0
94 393 0
-980 40 0
1936 -293 0
-530 1220 0
-1040 890 0
-1765 1315 0
-1178 1100 0
-1178 563 0
-1975 -38 0
1170 -12 0
57 -1478 0
1344 -730 0
49 -2033 0
-1720 1379 0
1963 -552 0
118 2005 0
33 -931 0
-931 1580 0
-675 1455 0
-167 1796 0
-577 34 0
-60 -1505 0
-596 65 0
816 106 0
816 492 0
1803 87 0
1803 1680 0
96 -874 0
832 1848 0
35 -1790 0
-1790 1340 0
-1317 -1467 0
2047 36 0
1224 -864 0
-898 1205 0
-1908 1548 0
-772 889 0
-380 -127 0
-1692 -1380 0
-805 43 0
111 -517 0
1669 -949 0
1310 -1069 0
1806 -672 0
23 1561 0
29 -89 0
-485 1562 0
-467 -1131 0
-1364 1506 0
-487 1562 0
-166 -1844 0
89 -1941 0
867 -1895 0
89 -617 0
1157 297 0
1101 -1714 0
1100 -1429 0
2002 -2034 0
-2034 1971 0
235 893 0
-309 -102 0
-97 -1475 0
2032 -1475 0
605 1562 0
-750 -1739 0
65 -1128 0
-81 -1086 0
-1477 105 0
-731 1988 0
123 -550 0
515 1480 0
94 -347 0
1390 763 0
-966 -1596 0
782 -1507 0
-68 561 0
2010 -103 0
128 972 0
1020 972 0
1017 1617 0
1039 -439 0
541 87 0
-1252 -1162 0
825 -529 0
1187 -497 0
63 -250 0
-1240 1510 0
1100 -1398 0
1068 -1398 0
-1117 -97 0
27 -1193 0
1725 -1901 0
-1325 69 0
-1325 1527 0
-1129 36 0
-1125 1433 0
-1449 1963 0
89 -465 0
978 -32 0
978 1728 0
111 -1538 0
-14 -433 0
-1061 1927 0
16 -1095 0
127 -128 0
-1017 -1160 0
-306 110 0
1881 2021 0
-323 95 0
-625 -102 0
-122 -1991 0
1691 -1991 0
-515 -114 0
-765 1701 0
1608 -12 0
-1767 967 0
-340 124 0
-530 43 0
254 -231 0
57 -1465 0
1315 -1465 0
-1440 -1326 0
-130 -132 0
1608 -1470 0
-1351 -74 0
-498 1353 0
-1698 798 0
1514 -584 0
-1522 -1162 0
-1747 1597 0
-81 -1891 0
-2005 -1716 0
32 -89 0
2047 1742 0
-213 1219 0
860 -1800 0
-962 451 0
-962 1682 0
-1124 1934 0
-1403 50 0
-1530 1420 0
-1222 767 0
898 -1048 0
782 -957 0
-957 1677 0
767 729 0
-1440 1792 0
-649 36 0
-1172 1295 0
-898 782 0
-756 106 0
-7 35 0
177 -1681 0
-1981 1681 0
-1510 -1547 0
1143 -1510 0
-289 78 0
-1807 1357 0
-930 1101 0
-720 -81 0
-491 273 0
-570 1505 0
1769 -1376 0
-2012 1616 0
842 -2012 0
-1476 1562 0
-1326 -1476 0
84 -871 0
1364 -632 0
-122 -760 0
-760 1630 0
-998 112 0
-1644 -1074 0
111 -1600 0
1963 -1411 0
-1411 726 0
-961 1745 0
-519 698 0
-897 -74 0
1007 1432 0
84 991 0
1379 -630 0
-323 2033 0
36 -781 0
110 -1418 0
1088 -1418 0
36 -890 0
1267 -1228 0
-13 -463 0
-185 184 0
-241 871 0
-280 124 0
-1537 -21 0
1420 -878 0
-2036 -1946 0
-1747 1562 0
1338 1488 0
1686 -1116 0
1725 -751 0
-1997 1727 0
1470 -1384 0
1563 -956 0
-397 62 0
-1849 35 0
-1994 -14 0
-1299 486 0
108 1028 0
-1296 126 0
94 1572 0
-693 -966 0
-693 -1182 0
403 -848 0
304 1150 0
1963 -420 0
1984 516 0
783 -1375 0
-1421 1734 0
-752 1562 0
1788 -1742 0
-741 1611 0
1997 -1615 0
1446 -1659 0
-1579 1371 0
-479 1521 0
-204 -615 0
-1928 1568 0
588 106 0
-13 -1096 0
-369 -1525 0
-369 -1116 0
-535 1250 0
-975 1211 0
-868 72 0
-921 -1551 0
-581 1347 0
-431 1001 0
1935 -620 0
321 -899 0
1193 -251 0
96 -1301 0
-123 -1927 0
-52 292 0
-1104 -54 0
-2029 33 0
-2029 624 0
31 -1179 0
498 -552 0
1124 -344 0
85 -1844 0
1176 -487 0
-329 1694 0
-329 1848 0
1392 527 0
-808 -74 0
1007 -1012 0
318 -1313 0
-1196 -1436 0
-1669 1099 0
1791 -1011 0
-67 2012 0
-52 -1133 0
-1133 -1943 0
1276 -1956 0
-352 -305 0
1415 -225 0
1103 -667 0
-1129 624 0
-1407 326 0
-230 1694 0
-628 -230 0
1927 -1752 0
448 -1752 0
-1209 1255 0
-403 -62 0
696 -1136 0
604 -1349 0
-29 -227 0
-13 -1057 0
404 -392 0
1949 -1139 0
1509 109 0
-1030 1321 0
-29 -1924 0
-1924 1127 0
-1011 40 0
1085 -855 0
-932 123 0
-932 210 0
-927 1101 0
-927 589 0
-852 1244 0
-1932 -852 0
929 419 0
2050 -739 0
-1146 -1631 0
-1562 -104 0
59 -893 0
-588 -307 0
1715 1379 0
268 1978 0
47 -1762 0
948 -1762 0
42 -1281 0
45 -91 0
-598 85 0
-1697 113 0
-1407 570 0
2042 85 0
-250 1405 0
-326 -782 0
1166 -1256 0
59 -1645 0
1867 -526 0
1740 -259 0
-1769 1013 0
-417 -615 0
1428 1801 0
1471 -1012 0
-464 1274 0
-1360 -45 0
597 -1736 0
1011 -1371 0
-167 -32 0
-60 1390 0
2025 -408 0
511 62 0
-1963 -1288 0
1968 62 0
1968 1016 0
-966 -1229 0
1383 -1229 0
523 -468 0
1259 523 0
1940 -1130 0
1101 -363 0
-1130 40 0
84 -791 0
1511 1288 0
1511 1380 0
1145 1378 0
1354 -1760 0
-804 783 0
1100 -251 0
1329 -1902 0
1109 65 0
46 -1695 0
-507 894 0
-507 1197 0
63 -1526 0
-45 -1024 0
1616 -1922 0
101 -1922 0
84 -270 0
33 -1791 0
28 -1008 0
-471 1281 0
1873 -562 0
1252 -562 0
106 1359 0
108 -1749 0
794 -1749 0
-1577 19 0
27 297 0
1367 -617 0
1788 1952 0
-978 -408 0
-1427 -1547 0
-1431 1791 0
451 1232 0
1792 -635 0
1331 -1964 0
891 -1041 0
1563 -600 0
2035 -600 0
326 -1917 0
1557 -1917 0
-467 -1114 0
-1114 503 0
-1419 -1622 0
130 685 0
1632 685 0
537 -330 0
-784 1399 0
782 -1533 0
-1533 581 0
1446 -1321 0
1120 -1321 0
89 -557 0
128 -1897 0
1873 -831 0
-1372 -831 0
-580 1792 0
-1974 1674 0
-360 -81 0
-665 -1914 0
-802 50 0
-1794 -1494 0
1932 243 0
-205 1563 0
-1648 894 0
355 403 0
1108 -1870 0
1491 -1851 0
-244 874 0
-2005 -2020 0
1608 839 0
937 -1087 0
-1521 1956 0
128 -1346 0
-486 112 0
993 -638 0
-1381 -1524 0
421 -1464 0
-981 -411 0
1101 1116 0
-1170 76 0
111 -1809 0
69 -1048 0
-1734 -941 0
-1461 33 0
1278 -1461 0
-13 2024 0
-1639 1567 0
-29 1698 0
1548 1698 0
-788 7 0
368 -731 0
1704 -804 0
1184 -494 0
-1171 -1289 0
1327 -1777 0
-1137 108 0
-966 -218 0
-22 -1906 0
-187 -1906 0
-1359 -1809 0
-1744 31 0
508 -75 0
1863 -1876 0
832 1471 0
902 -1052 0
421 -833 0
1092 -833 0
-14 -1775 0
-169 1849 0
-55 91 0
451 -253 0
63 -1766 0
532 43 0
-1290 78 0
-1290 900 0
106 -985 0
-1437 62 0
131 -1216 0
-1328 106 0
938 -1328 0
-1005 1095 0
-1859 -75 0
-1382 1298 0
1634 1637 0
939 -538 0
-870 1620 0
1462 682 0
-966 1565 0
-640 806 0
106 -786 0
1089 -1085 0
1713 1572 0
123 -243 0
367 -243 0
96 -303 0
767 -597 0
-1951 96 0
-1951 1744 0
-467 -279 0
-279 1768 0
84 -300 0
1021 -300 0
95 -1257 0
1348 -1128 0
-1324 934 0
1379 -489 0
-489 1299 0
-979 1446 0
-979 -1029 0
515 -1780 0
-759 -118 0
-1552 -97 0
-736 1606 0
-1360 1913 0
-1610 1975 0
1862 82 0
-2019 262 0
361 236 0
1446 -548 0
1238 -548 0
1991 -281 0
2028 -923 0
89 -26 0
-445 1045 0
-429 -118 0
128 -281 0
-1525 -1417 0
423 1942 0
966 -94 0
-32 1952 0
-1769 1873 0
-116 -1029 0
-1300 -118 0
220 -1460 0
1812 -101 0
-544 1234 0
-1014 -706 0
-1116 -1026 0
95 -864 0
1709 1559 0
91 -512 0
1180 -512 0
-844 -102 0
965 -844 0
1545 1372 0
1012 1372 0
-17 -1035 0
-1315 925 0
-1298 934 0
57 313 0
313 -1764 0
1994 -2008 0
-288 1998 0
33 -1039 0
2023 -714 0
187 19 0
95 -984 0
-20 17 0
-1056 1976 0
-2010 1620 0
-1724 16 0
1256 -566 0
448 -1962 0
1072 -1402 0
-239 338 0
42 482 0
541 1231 0
-1787 -75 0
-1515 1155 0
-909 105 0
-909 2022 0
-1805 -966 0
-1427 1538 0
-652 926 0
-652 1337 0
84 -902 0
-18 1275 0
-1913 -166 0
1707 -807 0
-1190 40 0
-1190 488 0
-14 -61 0
472 -273 0
126 -1989 0
618 -712 0
-29 1489 0
1648 -778 0
1149 -1937 0
1468 -1092 0
16 -2023 0
-1697 -25 0
-14 -812 0
-1647 570 0
996 -985 0
928 -1523 0
-744 783 0
-2005 -1030 0
302 -1276 0
-382 1620 0
861 -569 0
-17 -1097 0
-1877 -25 0
1605 -74 0
-1506 51 0
-102 1473 0
-1887 -207 0
-561 87 0
110 -457 0
-1169 72 0
-1169 90 0
177 -331 0
-331 633 0
95 -1165 0
-662 91 0
1731 783 0
675 683 1384 681 1209 689 1948 -695 -682 704 734 680 691 -490 1450 315 678 701 697 693 674 686 679 1287 677 -687 694 692 -757 290 0
-1727 21 0
-1727 1577 0
-467 -478 0
-478 533 0
-1406 -656 0
444 -653 0
87 -661 0
1443 1203 0
1096 -1006 0
16 1305 0
1869 -1759 0
-358 -373 0
598 -1684 0
1452 -1212 0
-1457 1307 0
-1974 -54 0
1176 -580 0
1914 -506 0
1101 -1474 0
-199 1879 0
-1191 1471 0
-1199 76 0
-2031 -1199 0
1550 35 0
2043 1550 0
-2022 -102 0
-818 1718 0
-361 1563 0
-813 989 0
-586 1087 0
-112 -110 0
-1771 1927 0
1479 -290 0
123 -670 0
1808 -670 0
-891 40 0
-891 7 0
2025 -1945 0
-1265 -575 0
38 -1848 0
729 1403 0
2044 -334 0
451 872 0
72 958 0
1730 -1485 0
418 -74 0
418 988 0
57 539 0
36 168 0
-95 -767 0
-374 76 0
114 -1446 0
248 878 0
1963 -103 0
-1043 33 0
-536 1226 0
33 -2017 0
465 -2017 0
1446 -638 0
1528 -1705 0
-1347 783 0
-1358 1126 0
-963 -127 0
-392 962 0
94 -1206 0
918 1537 0
1232 1588 0
1235 -635 0
-42 -43 0
1119 -1689 0
64 87 0
64 824 0
-52 358 0
559 358 0
-1081 105 0
-1081 1440 0
-1137 1237 0
-218 1875 0
-1525 -475 0
-475 1596 0
-342 132 0
10 -1934 0
1347 1926 0
1646 -1708 0
177 -1625 0
1170 -1625 0
929 -1559 0
-1691 528 0
59 -1350 0
1005 -1365 0
-1040 1960 0
-1872 -127 0
1442 -711 0
-560 -1250 0
-1367 527 0
-1367 1102 0
501 -429 0
1508 -1238 0
-1953 76 0
-745 287 0
896 -1499 0
1567 -1802 0
-317 50 0
-317 716 0
-1314 924 0
-739 38 0
-96 -1101 0
-1787 1019 0
-1626 1026 0
109 -1255 0
544 573 380 1339 530 -2040 534 1992 547 531 659 529 524 548 1385 976 390 550 -546 543 500 331 310 536 -541 1441 26 542 83 1121 0
-260 1132 0
-267 72 0
-97 -1746 0
-1315 -54 0
31 -1298 0
84 -180 0
1860 -180 0
-1636 926 0
-1636 1066 0
403 -1916 0
751 -743 0
1963 -780 0
-780 -1650 0
-1561 87 0
-609 1379 0
407 -609 0
1563 -986 0
-1220 40 0
-947 -377 0
-1795 1345 0
-1571 -1771 0
-540 1902 0
-14 -1884 0
50 -1936 0
1901 -221 0
1247 -25 0
1157 1247 0
-1722 243 0
-1125 376 0
109 -1718 0
1805 -172 0
-1535 1914 0
-811 90 0
-582 1806 0
-1938 -1889 0
-467 -1049 0
-1049 1956 0
1171 1620 0
96 -905 0
-1547 -1090 0
-69 -72 0
1792 -1567 0
-97 -249 0
-601 85 0
695 1475 0
586 -787 0
1608 -719 0
108 967 0
419 -615 0
258 1975 0
1654 258 0
-565 1478 0
1758 -708 0
49 -198 0
183 -198 0
-395 1752 0
-1388 1620 0
35 -2050 0
1009 -2050 0
-1246 1156 0
1945 -1553 0
109 -1120 0
1005 -1070 0
-1701 1694 0
1551 -1701 0
-696 326 0
-696 205 0
63 1541 0
1541 1076 0
-615 -747 0
-747 -1617 0
91 -1595 0
469 1960 0
-851 1051 0
10 -525 0
-1306 -18 0
-276 1986 0
-1443 -1151 0
94 -2032 0
1089 -2032 0
-649 251 0
-1860 1520 0
-1068 -918 0
-1336 110 0
-1797 -1566 0
65 -356 0
1721 -356 0
96 -1144 0
-45 -796 0
-188 -468 0
421 -438 0
-1292 1616 0
-1292 902 0
-1131 1949 0
655 -488 0
104 -185 0
877 -228 0
-1448 106 0
-1591 -75 0
1806 -226 0
1212 -226 0
-680 43 0
63 -505 0
-175 1024 0
-1111 -1681 0
1481 -320 0
1855 -1556 0
-114 -477 0
-64 -621 0
-697 111 0
1477 -697 0
49 -1703 0
-1685 1908 0
-728 87 0
-728 103 0
-1525 -784 0
-2038 1865 0
-1297 106 0
907 -1297 0
-1260 0
-52 -170 0
89 -514 0
688 -1286 0
-1997 527 0
-1384 1288 0
-29 1038 0
-1487 1038 0
1706 665 0
-29 -1248 0
-524 1214 0
-567 894 0
2025 -1015 0
2052 -342 0
-1122 -1987 0
1629 -409 0
-571 87 0
-571 -1261 0
-467 -684 0
-1739 -684 0
1660 1090 0
-1181 1361 0
126 1302 0
-1164 644 0
63 -1557 0
1505 -1557 0
95 -1134 0
-1134 -1944 0
1604 -702 0
-15 -1576 0
-1426 1096 0
-304 1018 0
-1657 1563 0
-1705 -127 0
1873 -1674 0
-122 -1051 0
1888 1688 0
96 -1175 0
589 -1175 0
665 -1026 0
-849 -1929 0
-1947 87 0
-1359 -1854 0
1288 -1717 0
-1640 43 0
-1640 1370 0
421 -233 0
442 50 0
-1899 1809 0
583 -1415 0
886 -1046 0
1596 -1746 0
-1641 43 0
-1395 1754 0
1667 947 0
421 -1602 0
-1668 1138 0
1433 -448 0
59 -654 0
-1404 -654 0
126 -761 0
1631 -761 0
-1920 78 0
-1920 1560 0
-560 43 0
1329 -131 0
123 -1631 0
47 -827 0
-102 -1447 0
1117 -1447 0
-671 1245 0
-1225 -60 0
-1225 -1546 0
-680 1460 0
-1230 1520 0
-912 124 0
-912 448 0
-299 1620 0
-299 2009 0
-1414 577 0
-13 -1126 0
767 -1675 0
1105 -1675 0
-1452 -122 0
209 -2007 0
-32 1801 0
-417 987 0
47 -1468 0
-1468 318 0
111 -129 0
-1028 -129 0
2002 -716 0
-415 89 0
-1177 894 0
-1109 -1177 0
430 -122 0
430 1000 0
1174 -45 0
1174 1354 0
-1671 -54 0
1662 -443 0
-658 -75 0
204 -658 0
2025 -488 0
1797 -846 0
-118 -1331 0
1996 1726 0
-1525 1002 0
-1565 1002 0
-794 -102 0
-81 -240 0
870 -240 0
-896 -114 0
1961 1446 0
-118 -1930 0
-1961 -1930 0
111 -637 0
-1287 1476 0
-1102 1537 0
-278 -468 0
1873 682 0
-1068 -25 0
47 -867 0
782 296 0
1442 -471 0
1497 527 0
-645 78 0
-2005 -1240 0
-543 1977 0
1583 43 0
357 1350 0
-1621 1288 0
2010 -1621 0
1576 -886 0
33 -814 0
646 -814 0
1741 991 0
936 -1527 0
-1730 76 0
-1345 50 0
928 -1078 0
783 -1915 0
132 -1937 0
-698 -468 0
-114 1929 0
1918 -838 0
-54 -806 0
-1472 326 0
1811 124 0
1263 1811 0
1545 -48 0
-48 1732 0
120 -295 0
-817 242 0
-199 40 0
-751 124 0
1536 600 923 314 182 1871 1318 -333 1466 66 -1589 323 335 340 316 179 336 319 714 322 334 330 1897 327 1396 342 738 970 324 474 0
-391 1253 0
-1109 -1019 0
-1786 -222 0
1014 926 0
1306 1014 0
70 1927 0
1780 70 0
-615 1670 0
1047 1670 0
421 -664 0
925 -664 0
-101 1288 0
-544 1914 0
-308 -468 0
-308 2018 0
-13 -703 0
-2019 -1486 0
805 -960 0
1528 -1422 0
929 830 0
1471 1258 0
31 -1760 0
-1532 87 0
-1676 -1532 0
873 -45 0
-45 1203 0
-1662 -1194 0
-766 1636 0
109 -1058 0
-1726 1576 0
665 -334 0
1695 -795 0
-1036 1722 0
945 -375 0
-763 421 0
-1251 1553 0
-1226 1563 0
36 -1010 0
1107 -1159 0
-1885 1914 0
1442 -1252 0
-715 -578 0
-1007 1960 0
-538 109 0
-669 2046 0
-1732 1694 0
-1732 1582 0
189 -1356 0
289 -1201 0
-24 107 0
2013 -303 0
-733 -14 0
1500 1975 0
1034 1341 0
-819 -118 0
1545 -765 0
1578 974 0
665 1618 0
1618 2014 0
-13 -1211 0
27 -1796 0
-1796 1581 0
-55 1023 0
-253 -166 0
1542 -127 0
1542 425 0
69 830 0
687 894 0
-2005 -718 0
-1336 939 0
49 1074 0
924 1074 0
-690 43 0
-1342 -690 0
-1551 1975 0
-2005 1146 0
104 -1236 0
-1494 -458 0
-1016 -60 0
-22 -1338 0
-1208 112 0
-665 97 0
-917 -113 0
-1050 684 0
72 -207 0
57 -834 0
332 -834 0
-966 -526 0
-1645 664 0
-1687 302 0
-45 -1285 0
126 -1369 0
-1369 1061 0
31 -1713 0
-64 -1713 0
-1353 -75 0
-1353 441 0
177 1650 0
684 1650 0
18 17 0
-265 39 0
1020 -1149 0
1873 502 0
-2005 -1318 0
1545 1110 0
1888 69 0
1101 -2044 0
-1912 35 0
1398 -954 0
78 779 0
2043 -1570 0
-820 1156 0
-22 -282 0
-1587 59 0
-610 1927 0
1125 -610 0
782 -1168 0
-1168 1348 0
86 -746 0
-39 783 0
-97 262 0
87 -1772 0
-815 107 0
421 -593 0
1277 -593 0
-398 1960 0
-398 -1550 0
-1537 22 0
1456 -704 0
-304 894 0
47 -1612 0
-261 -1944 0
1442 -569 0
1457 -677 0
-1502 -1547 0
-1502 1569 0
-364 -97 0
-1610 1010 0
35 -447 0
1613 1985 0
-480 1167 0
-2037 -327 0
-174 1975 0
1085 -740 0
-439 38 0
-404 -31 0
-23 -2044 0
-1498 1148 0
33 -1685 0
1468 -1703 0
-232 986 0
-2052 1962 0
1660 1433 0
33 -708 0
-81 1931 0
1600 -910 0
882 128 0
451 -271 0
-726 1608 0
-1806 -130 0
1246 -556 0
-242 1159 0
-651 47 0
-651 1401 0
96 -1234 0
782 -66 0
-963 1332 0
-391 1616 0
-616 1366 0
32 29 0
-776 -1541 0
1963 -1680 0
-467 1709 0
-1421 -122 0
856 522 0
-1488 -1941 0
782 -176 0
-176 1856 0
-1733 1172 0
-907 104 0
992 -422 0
107 1666 0
1269 1666 0
-815 1027 0
-1498 -1547 0
1914 1566 0
1545 1972 0
-887 1537 0
1338 -790 0
-473 1365 0
72 -988 0
-122 -1516 0
1024 -1624 0
421 1546 0
2002 -183 0
-127 -521 0
-822 886 0
-953 69 0
-953 1472 0
-542 91 0
-542 -1232 0
2002 -1536 0
329 -1536 0
-181 451 0
-1806 -132 0
-54 -803 0
1703 -803 0
2002 -977 0
1492 -977 0
91 -692 0
1327 -1477 0
1057 -1845 0
1210 69 0
-245 -75 0
386 326 0
956 386 0
-859 1616 0
1975 -92 0
1282 -1198 0
48 292 0
1739 72 0
95 -591 0
1883 -591 0
2025 -1654 0
47 -681 0
-756 1626 0
-1044 71 0
1545 -960 0
-13 -1785 0
1694 -5 0
1570 -1094 0
1088 -1679 0
-1616 -85 0
1244 -732 0
-1918 1646 0
1751 -1001 0
-1482 368 0
1887 65 0
62 -203 0
-1025 -2004 0
1999 1394 0
750 -1470 0
-1629 36 0
-1629 1729 0
-81 -842 0
-842 1592 0
404 -589 0
-554 -1451 0
-1244 -132 0
-528 -1547 0
-280 1990 0
1471 -951 0
1509 -1359 0
-118 -459 0
-459 1540 0
-965 665 0
-416 862 0
-341 105 0
-2051 1927 0
-2051 1623 0
-1245 1155 0
1080 -692 0
95 -263 0
1973 -263 0
-1451 1914 0
590 -1630 0
-2048 109 0
-33 -36 0
65 -1467 0
-1508 105 0
-1366 1006 0
-1789 62 0
937 -1327 0
-892 1471 0
922 -805 0
-1602 1283 0
-1218 1268 0
31 -1053 0
644 1494 0
-14 -1394 0
-1430 -206 0
-1032 277 0
-196 894 0
-196 1407 0
1975 -93 0
1945 -93 0
-102 -1957 0
1597 -1957 0
-15 -46 0
78 -389 0
374 -389 0
-286 -1996 0
42 -275 0
904 -1054 0
-241 85 0
1360 -363 0
1055 455 0
57 -1381 0
-606 105 0
1724 -604 0
2002 -924 0
-1142 1746 0
-1080 85 0
1017 -1377 0
-686 302 0
-2041 -994 0
55 -753 0
-563 1067 0
-923 36 0
1279 469 0
984 1731 0
1760 -1386 0
-1597 1914 0
-1763 1313 0
-456 1056 0
-1113 1623 0
-1439 619 0
-1655 1562 0
108 -276 0
-955 -60 0
-30 1927 0
1622 87 0
110 -787 0
-1864 957 0
1293 -848 0
40 -990 0
1969 -990 0
10 -1022 0
-793 -14 0
72 -327 0
1658 -1267 0
404 -1983 0
-1983 -1958 0
-1242 126 0
-1242 1032 0
1379 1480 0
1938 887 0
1880 1960 0
1100 712 0
-942 1147 0
1110 1041 0
130 -432 0
938 -1088 0
1244 -612 0
-612 -1542 0
-1899 -1547 0
1101 -723 0
-456 106 0
-1803 -1893 0
-1272 368 0
425 -1272 0
177 -1860 0
926 -1534 0
59 -1855 0
-244 -97 0
-1525 1413 0
90 1210 0
-465 790 0
1954 1237 0
-666 107 0
1433 -1780 0
1504 112 0
-1954 1504 0
468 1547 0
-1424 1689 0
-1739 -1560 0
1049 -645 0
-726 1730 0
57 -2035 0
-799 814 0
-694 1914 0
-694 1474 0
-1493 -1223 0
-1132 447 0
-364 1144 0
42 -770 0
1094 -770 0
1495 65 0
936 1495 0
2025 -1940 0
-1940 1580 0
50 -1973 0
1673 -1973 0
-1180 1616 0
-1180 791 0
-801 1635 0
96 -1204 0
1444 -1204 0
1446 -1209 0
-59 -783 0
-445 62 0
-1538 1749 0
1471 981 0
1316 -483 0
644 -1224 0
1436 783 0
1436 1696 0
-467 437 0
1101 -1054 0
-829 1471 0
1850 -829 0
165 1845 0
-1456 21 0
1221 568 0
108 -336 0
-1537 -926 0
1873 -500 0
-937 665 0
1100 -1309 0
1310 -1309 0
-1875 31 0
49 -1883 0
-1883 1793 0
-1262 85 0
1379 -1751 0
42 -1401 0
1071 -1401 0
1433 -1678 0
767 -458 0
326 -1377 0
1101 -1085 0
33 -348 0
927 -184 0
2025 -713 0
-1038 -713 0
-277 1379 0
788 981 0
1590 -1740 0
1545 -559 0
-294 1351 0
-555 -127 0
1421 -555 0
-1979 -74 0
-1979 1177 0
-1913 1616 0
1905 -639 0
-254 1471 0
-254 93 0
767 -373 0
-647 91 0
31 -551 0
42 -1971 0
174 -1971 0
-338 76 0
785 -360 0
-301 451 0
-301 2011 0
57 -1736 0
1499 -520 0
104 -1027 0
-950 40 0
-1677 63 0
1696 -1483 0
-52 -983 0
-983 1843 0
-2041 -81 0
1429 -1189 0
-102 -608 0
-227 -857 0
-615 -1978 0
1870 -1978 0
-1191 1431 0
979 -759 0
-410 1446 0
868 -238 0
1859 -382 0
1642 1923 0
998 -428 0
22 -21 0
-586 107 0
1694 -1881 0
93 -1881 0
33 -1570 0
1073 -1403 0
350 1694 0
-709 1515 0
47 -889 0
-1385 1806 0
-52 863 0
1793 863 0
-970 76 0
-970 953 0
-811 894 0
49 -416 0
-1718 1568 0
357 403 0
-1766 1293 0
767 -935 0
-1620 -177 0
-1562 102 0
-1508 794 0
-766 527 0
-966 -1578 0
-1148 112 0
964 -394 0
63 1926 0
69 -1708 0
1336 -444 0
-879 1809 0
-942 109 0
57 -1076 0
-60 -324 0
-324 261 0
-1405 664 0
-22 -623 0
1485 -44 0
-1217 1581 0
-102 -1327 0
-888 451 0
-545 1307 0
1167 1566 0
-325 1625 0
-2046 538 0
-1687 -1317 0
-1781 1142 0
-1579 47 0
1469 -689 0
-1593 1846 0
-868 1688 0
-14 -1481 0
1400 38 0
-434 -54 0
-952 1576 0
-1682 1288 0
-1518 110 0
-406 549 0
-262 -1866 0
-501 -468 0
2002 -1192 0
-209 403 0
1587 -209 0
404 -2015 0
1083 -2015 0
-1910 -1550 0
-1516 1720 0
1927 -1901 0
-1193 1098 0
-377 1100 0
873 -1803 0
-15 493 0
421 -1254 0
1917 724 0
-1525 -454 0
655 -1010 0
-1642 -1039 0
-688 -60 0
-688 597 0
-1628 1244 0
-1628 -1302 0
-467 -1520 0
-1148 1330 0
-566 302 0
-750 -74 0
-120 783 0
-13 -1060 0
-1921 1594 0
-570 403 0
109 -1268 0
-127 -641 0
-69 -894 0
235 62 0
1265 -97 0
84 -1141 0
-994 -1141 0
1792 -390 0
219 -390 0
104 -56 0
-1686 -56 0
502 1192 0
952 -2026 0
-1525 -394 0
-440 1040 0
451 -1023 0
-1151 -1023 0
1392 113 0
-1549 403 0
1765 -1549 0
499 1975 0
1189 499 0
-817 1960 0
-1615 -32 0
-1857 581 0
-114 -1700 0
968 -1700 0
-1694 -43 0
514 -337 0
25 -527 0
-1583 -1843 0
177 -213 0
1873 -1853 0
-1115 583 0
-65 -326 0
1472 -1138 0
285 -1995 0
33 -1879 0
1975 -1094 0
31 -1519 0
-872 -1519 0
-906 266 0
-1779 1044 0
-699 1471 0
-699 2000 0
-1793 47 0
-1793 1438 0
1661 -1989 0
1141 -866 0
-1113 124 0
95 -895 0
-1892 1975 0
309 -666 0
880 -118 0
880 1750 0
-930 -873 0
395 -432 0
-29 -2028 0
-1001 124 0
2025 -1969 0
1669 -1969 0
812 -933 0
-950 447 0
1483 -956 0
1665 -1965 0
177 629 0
1981 -271 0
-1186 1426 0
89 -572 0
-1788 1338 0
-1741 1608 0
1591 -1741 0
-607 109 0
24 -607 0
84 -330 0
1960 -2038 0
85 -1052 0
1804 -874 0
96 333 0
1616 -1970 0
-1768 894 0
-1768 1523 0
1868 -188 0
1491 1258 0
768 -287 0
1705 -792 0
1173 -1058 0
1023 -1383 0
721 85 0
1389 721 0
1446 518 0
-1354 1616 0
2032 -506 0
1324 -1474 0
-861 43 0
-1925 -97 0
-1373 50 0
1331 -1988 0
-1047 65 0
236 65 0
-485 1417 0
1551 -1911 0
1563 -928 0
-192 132 0
-192 1872 0
78 -1380 0
-380 1241 0
27 -1548 0
-1548 -918 0
-462 1062 0
-421 54 0
527 -339 0
-1062 912 0
111 -1778 0
-1778 1328 0
109 -228 0
949 -379 0
1598 -1748 0
1204 -77 0
1545 -411 0
-1464 1314 0
527 -1967 0
1667 -1967 0
-1389 1288 0
94 2019 0
1100 -1278 0
1535 605 0
783 -321 0
-1307 -22 0
-917 -1307 0
302 -1870 0
1135 355 0
350 1130 0
-1690 105 0
-1103 1087 0
-328 1694 0
-1500 -328 0
1963 450 0
528 1146 0
94 -175 0
-1981 1963 0
-13 -1754 0
1029 112 0
112 -1238 0
-969 -468 0
-453 1053 0
-515 940 0
1600 -710 0
2040 894 0
1854 -1118 0
1945 -1491 0
269 1620 0
269 1979 0
-1866 1792 0
-1647 302 0
-264 -60 0
2015 1558 0
-941 -1331 0
450 1410 0
109 -727 0
-727 1777 0
451 -1364 0
1076 1406 0
-32 1642 0
-691 87 0
1397 1067 0
1545 1943 0
1335 10 0
-781 415 0
-1072 1694 0
-1072 922 0
-1088 105 0
2040 1533 0
-1653 91 0
-1041 1694 0
-1214 -1305 0
1608 1710 0
1560 1710 0
-503 894 0
-503 1168 0
1962 -1152 0
1050 -660 0
57 -385 0
-1691 1433 0
1620 1737 0
-437 1737 0
782 -1197 0
-1197 1437 0
1446 -1869 0
28 857 0
-1750 -1547 0
1181 663 0
415 -1879 0
-966 -1624 0
1792 695 0
-601 1289 0
782 -929 0
-1946 -1721 0
845 1562 0
60 -59 0
809 78 0
809 -1709 0
1091 49 0
-481 27 0
-1905 46 0
1166 -1526 0
-1024 598 0
1545 -1402 0
887 -339 0
10 -82 0
782 266 0
-1185 -1738 0
-1165 1345 0
-662 1412 0
509 1106 0
-1457 -25 0
-54 -1374 0
1756 -1374 0
872 1717 0
-1865 646 0
-345 212 0
1175 -1535 0
1873 -1643 0
-1643 1073 0
1057 -1215 0
-178 76 0
-862 690 0
-212 1935 0
-26 1217 0
-2033 -1943 0
-1810 1446 0
937 -1567 0
-1565 -249 0
-622 1911 0
111 -1689 0
-1482 1332 0
49 -352 0
-1489 -825 0
-81 -1588 0
-581 403 0
-480 -97 0
-1267 105 0
-1289 1288 0
-1462 1442 0
-642 1242 0
400 1030 0
69 724 0
1164 -1254 0
16 -1112 0
31 1182 0
1743 -164 0
2042 1449 0
1207 108 0
-647 1262 0
-1649 -75 0
-1649 -830 0
892 -1042 0
170 -383 0
326 -1907 0
-1907 1484 0
-1157 1537 0
1337 -1157 0
421 -1735 0
-860 665 0
443 1442 0
1413 1745 0
-1472 1205 0
-37 1694 0
-37 1761 0
1755 -705 0
2002 -982 0
-982 1732 0
-1269 1562 0
69 813 0
1276 813 0
1608 -51 0
-1601 42 0
1772 722 0
1442 1882 0
49 1494 0
109 -1266 0
1297 -1266 0
-172 -97 0
49 -1105 0
1097 -1102 0
-278 306 0
-821 1960 0
-1878 1922 0
-1220 1043 0
-1484 893 0
1617 302 0
108 -939 0
-22 578 0
1071 -1641 0
-1800 1562 0
1976 -2022 0
1471 -318 0
-178 -1858 0
1672 1972 0
1577 -282 0
1622 791 0
-1623 -118 0
404 -2013 0
-224 -17 0
-828 -468 0
1563 -1556 0
312 132 0
1199 -1782 0
-1583 1943 0
1101 -603 0
1686 1914 0
2051 -1897 0
123 -1847 0
123 1531 0
-214 665 0
-214 1894 0
69 -237 0
1852 -237 0
-1925 347 0
767 -1795 0
-1888 -1953 0
2025 -1865 0
171 -1772 0
-1061 472 0
-492 1562 0
1330 -2048 0
1342 38 0
-679 1975 0
-679 1459 0
-800 -1660 0
-1230 1620 0
-15 -1665 0
767 1637 0
1361 -630 0
-15 757 0
1792 -100 0
855 -100 0
752 -336 0
1206 -274 0
123 -901 0
1270 -901 0
-45 -1977 0
-1166 806 0
-1672 43 0
-878 112 0
-470 1694 0
-470 1280 0
-127 -1632 0
-1632 1032 0
-25 -706 0
-849 1379 0
931 -980 0
-954 35 0
-615 -98 0
91 -1684 0
-611 62 0
1645 -611 0
1186 -496 0
1873 -1224 0
-86 1016 0
-265 1563 0
404 23 0
-1378 -615 0
-467 -838 0
1569 1929 0
-274 665 0
857 652 0
326 -1523 0
-1484 403 0
-828 1530 0
-1664 -54 0
-1239 -468 0
-24 1658 0
-615 -533 0
898 -533 0
-365 -75 0
98 -1520 0
-1588 -1352 0
-431 126 0
-1263 528 0
1503 -1977 0
-15 -995 0
1320 1963 0
1320 -80 0
-1607 85 0
1291 -1607 0
-122 -273 0
-1032 124 0
-753 94 0
-1871 821 0
404 -621 0
-477 1679 0
-1729 -29 0
-744 935 0
-1018 782 0
-1018 1108 0
72 -1138 0
-1776 -1200 0
-1699 28 0
36 -1189 0
1006 -1606 0
94 -1955 0
1595 -1955 0
42 1432 0
1595 -905 0
-15 -613 0
108 -1173 0
-1259 1599 0
-590 -468 0
-701 1964 0
-572 -1397 0
-77 1914 0
-2005 -367 0
-29 999 0
1013 -1373 0
-1361 -114 0
-29 -1742 0
1173 -1084 0
-785 1620 0
-372 1152 0
-633 76 0
-1210 -633 0
920 333 0
-991 -1970 0
-1651 -859 0
-311 201 0
-45 -1089 0
1564 -1714 0
1099 -1429 0
-1420 107 0
-204 1078 0
-1188 35 0
1069 -1188 0
1963 -1291 0
107 546 0
89 -1758 0
-1758 1496 0
767 -683 0
1585 -1735 0
-15 -553 0
783 -1293 0
1257 -1293 0
-1635 1754 0
-52 -1223 0
-395 128 0
-81 1151 0
368 -743 0
1773 -723 0
108 -877 0
-1480 -315 0
1387 106 0
-1892 461 0
-1092 50 0
-698 858 0
-208 302 0
-208 1196 0
49 -2039 0
-2039 960 0
-387 820 0
-15 -1992 0
-519 1433 0
-1000 -2005 0
1284 71 0
-1993 124 0
-880 -1993 0
-1854 112 0
-1947 1201 0
-631 -1547 0
1778 -631 0
108 -1147 0
-1147 1957 0
42 -1438 0
95 -293 0
762 -340 0
1329 -1156 0
906 62 0
906 1483 0
-659 -75 0
-659 946 0
-1408 105 0
-504 -1408 0
404 -1324 0
-31 -91 0
1792 -1598 0
455 -102 0
-1657 634 0
-945 1665 0
1608 -479 0
-122 -800 0
1442 -1073 0
318 -1073 0
36 -949 0
-998 1748 0
796 393 0
-1682 51 0
-1111 -289 0
-1251 1694 0
1284 -54 0
95 -1194 0
-425 124 0
107 -1777 0
1007 -1672 0
-1458 1496 0
-1431 38 0
1400 1570 0
-81 -840 0
57 1160 0
1442 -1702 0
805 -1702 0
-1699 1727 0
1810 -2020 0
-875 665 0
-875 1805 0
128 -1152 0
-182 1131 0
-1181 -2005 0
1090 -1808 0
75 74 0
-1506 1963 0
-467 1111 0
-1525 -855 0
-45 -67 0
403 1430 0
640 1430 0
540 -657 0
-60 -426 0
-426 1735 0
-740 1914 0
-174 1791 0
1620 -259 0
96 1025 0
404 -68 0
-454 1054 0
-1435 -54 0
-425 210 0
-1942 42 0
-1420 794 0
-1757 1899 0
-653 1379 0
-102 -1986 0
-1686 -1986 0
-349 1960 0
1129 -349 0
-737 1100 0
-737 481 0
1898 -944 0
509 527 0
-234 57 0
-1910 38 0
1715 879 0
102 -1792 0
-39 1675 0
-1256 403 0
-534 1794 0
-462 130 0
-870 365 0
-63 -403 0
-888 1449 0
-13 -223 0
1795 865 0
-120 1735 0
-1346 1512 0
-486 1599 0
1941 168 0
-13 -823 0
78 -1031 0
-989 -1031 0
1966 -256 0
1946 783 0
-896 1120 0
21 -1098 0
-1050 78 0
-111 -109 0
-97 -837 0
1774 -837 0
2002 2021 0
1612 -742 0
1084 -1886 0
1486 -1896 0
-1405 783 0
628 40 0
-32 -1009 0
1099 -1009 0
-1975 -40 0
400 -122 0
1493 1442 0
-397 955 0
-922 40 0
-45 -904 0
910 -1300 0
-114 -1356 0
84 -1201 0
-582 1272 0
989 76 0
1037 -711 0
-335 104 0
-335 1552 0
525 -283 0
-1329 -14 0
-1412 1616 0
-403 -1563 0
712 1008 0
38 -2000 0
931 -2000 0
-2005 -472 0
-472 410 0
404 1904 0
-1099 -25 0
96 -1876 0
-1248 790 0
-892 1582 0
-1207 -517 0
-730 40 0
1165 -1478 0
-1623 410 0
-2013 1844 0
-75 -1560 0
32 -1100 0
59 -1939 0
-1376 -54 0
-1568 107 0
-125 -32 0
-32 -1159 0
-1849 -1489 0
-1332 -122 0
-1332 367 0
-2009 -74 0
-813 -2009 0
-65 -302 0
-1571 -1051 0
-734 1482 0
-495 2008 0
1022 -1184 0
1190 532 0
421 353 0
1133 353 0
-763 1224 0
-1859 -1210 0
-210 -118 0
-41 952 0
-370 1927 0
-370 1716 0
128 -221 0
451 -934 0
-1136 69 0
416 233 238 227 224 228 241 223 -236 229 240 247 1655 1408 1202 -522 1916 234 231 930 237 230 225 -1715 239 -248 1519 743 244 30 0
941 -468 0
-1568 938 0
1442 -231 0
76 -1139 0
166 1288 0
-190 124 0
-190 1678 0
95 -173 0
1853 -173 0
1610 -275 0
1357 -1658 0
177 -1594 0
1730 -1594 0
-194 1874 0
-1846 131 0
-2030 1616 0
177 -1592 0
63 -1856 0
2043 -220 0
112 -307 0
-921 -1311 0
-127 -1909 0
-773 1643 0
912 1302 0
-374 1177 0
-1348 62 0
28 -1127 0
-211 1891 0
127 -368 0
-1449 1592 0
1608 -599 0
1529 -599 0
-81 1261 0
-1171 1261 0
110 -858 0
2037 -511 0
1524 767 0
1524 1164 0
-910 -468 0
1198 508 0
-1445 94 0
-2018 1748 0
-2036 403 0
-531 -1258 0
-1323 1616 0
-1323 824 0
1656 480 0
1347 -936 0
-423 -322 0
-2042 -1466 0
-624 1100 0
-624 1923 0
-626 -1968 0
1143 -376 0
268 76 0
405 975 0
-2001 788 0
1564 -347 0
-755 2004 0
-993 110 0
-993 -1028 0
-122 -1391 0
-1146 -1391 0
-1728 -25 0
-1620 -1608 0
-1711 -297 0
1526 -596 0
94 -453 0
413 346 0
35 -1121 0
700 -1121 0
1397 527 0
648 -384 0
1382 -1075 0
27 -545 0
768 -1375 0
69 -1221 0
31 722 0
-1059 -74 0
-1677 -1160 0
-2045 385 0
1042 442 0
-1788 27 0
-1620 -78 0
404 -1444 0
1584 47 0
-1144 -23 0
-1958 -796 0
-262 -1236 0
1181 -1271 0
130 -1036 0
-1174 -1578 0
1139 359 0
-1912 -1801 0
1100 -1889 0
21 -1106 0
63 490 0
-797 1100 0
1422 -672 0
-1378 1018 0
-1798 1295 0
-2005 -1627 0
-1518 997 0
-1509 -1659 0
104 -996 0
369 -1984 0
-1886 -1547 0
-1896 1562 0
-1525 -424 0
1951 -424 0
-1850 1975 0
-1850 1043 0
1433 -976 0
1239 -976 0
1790 628 0
1492 -867 0
1134 -354 0
-1980 78 0
-1980 1353 0
655 -447 0
-50 52 0
-955 1675 0
-1255 1328 0
36 535 0
535 1340 0
-1555 1194 0
-72 -894 0
1653 -1950 0
-1935 -14 0
811 437 0
-1122 112 0
-409 38 0
1764 767 0
1764 1314 0
-402 130 0
-44 -81 0
-1185 -615 0
38 -769 0
-769 1188 0
451 908 0
-1525 -1235 0
-1512 210 0
1736 -203 0
504 104 0
-615 -807 0
-1071 1960 0
-1071 -921 0
-217 112 0
341 -217 0
-169 40 0
895 -321 0
1433 -579 0
-1891 121 0
423 1442 0
-234 864 0
-1492 1694 0
-1342 -1492 0
-111 -110 0
924 -1554 0
-634 57 0
-634 1795 0
1388 1931 0
-309 480 0
-45 -1409 0
-1282 326 0
-1078 65 0
1562 -1087 0
1608 -1890 0
-107 -106 0
2025 -1344 0
-1344 1729 0
1900 1379 0
-45 -1466 0
-1984 104 0
-851 368 0
-1639 106 0
1236 546 0
-1166 -60 0
-200 1471 0
-200 -1880 0
-1529 -75 0
94 -1382 0
174 -951 0
-15 -1604 0
-986 1736 0
2003 65 0
1766 2003 0
-1280 890 0
-1990 1321 0
-381 951 0
1490 105 0
1957 1490 0
427 -1275 0
-402 -972 0
63 -1140 0
-1176 665 0
1473 961 0
1523 -1161 0
1009 -461 0
1158 398 0
-1263 -118 0
-1873 52 0
-1525 -1985 0
-1985 218 0
-1648 1078 0
-361 640 0
-179 -32 0
-179 2027 0
-966 -1774 0
1324 -1774 0
1471 -260 0
-587 1771 0
1083 -1653 0
-1964 1927 0
-2030 1799 0
1965 255 0
-2052 368 0
-1462 948 0
1406 62 0
1641 -771 0
-966 1558 0
-435 1035 0
27 -563 0
-965 218 0
63 -565 0
576 107 0
-818 -114 0
-1853 -1493 0
-484 -97 0
-1294 -484 0
894 -1559 0
1222 -385 0
-1525 -1614 0
1900 1810 0
-428 -114 0
1120 -590 0
1873 -1585 0
-1059 -830 0
-1047 205 0
-660 1288 0
1545 -741 0
47 -1673 0
5 -1673 0
1605 1048 0
1812 -1082 0
-1555 59 0
925 -1222 0
2025 -461 0
1286 -476 0
-17 -1066 0
-52 -322 0
1026 -608 0
-332 -54 0
-332 1554 0
1101 -483 0
110 -1434 0
1525 97 0
1689 -969 0
881 1616 0
1442 351 0
91 -1564 0
-1564 934 0
1165 -1350 0
-625 740 0
1290 -1086 0
1442 -1042 0
-904 1561 0
69 -441 0
95 -1794 0
126 1932 0
1250 1960 0
-1627 1356 0
2002 -1163 0
-1163 1438 0
-1863 91 0
748 -1264 0
-184 1914 0
-537 58 0
-899 403 0
-215 104 0
-215 172 0
33 -446 0
1159 -446 0
1317 62 0
-1352 -1717 0
-252 -614 0
-558 1248 0
249 -1416 0
-1990 -118 0
897 839 0
-1528 1927 0
367 -1528 0
-627 894 0
1377 -627 0
59 -640 0
1089 1565 0
252 -14 0
-2045 62 0
-863 -233 0
1368 -378 0
-1308 57 0
-1308 806 0
1958 87 0
1958 -1151 0
111 -1569 0
939 -1569 0
-742 50 0
-2035 434 0
-52 -1895 0
845 -1002 0
-118 -1808 0
1308 -1856 0
253 -1053 0
-30 2020 0
1902 -856 0
-1959 1694 0
1311 -1959 0
63 -1205 0
1760 -1234 0
-1748 105 0
-1285 1844 0
1621 881 0
-832 351 0
-836 65 0
1066 578 0
47 -1522 0
-887 1577 0
-549 1726 0
-25 -2027 0
1101 -843 0
1091 -1584 0
-481 1102 0
-1583 -183 0
-1495 -567 0
1942 305 0
-1586 94 0
-1586 1285 0
585 789 0
-626 302 0
1446 -668 0
-29 -1069 0
1914 -1486 0
-836 -235 0
-32 -2043 0
107 516 0
-420 259 0
-1563 -62 0
2037 65 0
-1280 38 0
-122 -201 0
1792 1767 0
-1525 -1357 0
-376 -468 0
-557 -1247 0
1463 -683 0
-860 1955 0
1257 -893 0
-1008 1098 0
108 -997 0
-997 1747 0
105 -846 0
421 -1044 0
1684 -1206 0
-440 42 0
1545 -1313 0
-531 47 0
-32 -1368 0
1193 -1368 0
-232 326 0
-1435 1105 0
-778 -74 0
-306 -1666 0
1454 -674 0
91 -632 0
-871 121 0
2025 -378 0
89 -497 0
126 -1422 0
585 1960 0
-900 76 0
-900 1590 0
2031 -615 0
-1109 2031 0
189 -501 0
-1432 -1192 0
110 -673 0
815 -673 0
-1455 574 0
123 -315 0
1807 -877 0
-1132 38 0
-1799 -81 0
104 -938 0
1309 -1459 0
-1103 106 0
907 -1690 0
2002 291 0
-1227 -908 0
-366 105 0
876 -366 0
-936 1563 0
72 -1198 0
1433 1571 0
-941 1571 0
28 -1217 0
-1779 783 0
42 1158 0
-1135 434 0
-1894 1804 0
-2 0
-940 112 0
865 -60 0
782 -987 0
209 -987 0
-372 1244 0
72 -79 0
-773 -54 0
-1909 1271 0
-288 36 0
1404 -1074 0
1963 -2011 0
45 -404 0
1070 -735 0
-1525 1326 0
588 1747 0
110 -1084 0
-752 475 0
2002 -862 0
-1412 1082 0
245 -719 0
104 -1658 0
50 1662 0
-1671 983 0
2026 -316 0
107 -1599 0
-1337 -18 0
-1259 110 0
1598 -1173 0
1751 -201 0
1117 1767 0
296 203 0
1391 -641 0
-774 783 0
-774 1644 0
-890 1580 0
687 1467 0
-13 -1454 0
782 -1852 0
-1852 -1926 0
451 -992 0
842 -992 0
-1142 -102 0
-1104 198 0
-115 1379 0
-115 -523 0
-229 1960 0
781 -229 0
42 -1371 0
-379 38 0
-2018 110 0
-1445 1875 0
-60 -1501 0
458 -1501 0
1493 1438 0
-603 1227 0
-1485 78 0
177 -1782 0
-1863 1503 0
-791 51 0
-118 -1759 0
-267 1233 0
-1531 -191 0
-6 1019 0
-876 104 0
-876 475 0
-325 -81 0
-2046 -114 0
-961 665 0
-2005 -594 0
-594 1659 0
-2024 -314 0
84 -1253 0
-1253 1681 0
112 -738 0
-1490 -738 0
57 -354 0
1733 -163 0
326 -1233 0
1677 -1233 0
1608 -537 0
-348 125 0
-619 85 0
-619 1717 0
49 -1634 0
1163 -1634 0
-799 38 0
5 -559 0
421 -261 0
-1916 -865 0
-968 112 0
1608 -294 0
-467 -1219 0
688 -869 0
38 -1311 0
-35 -2025 0
-1799 1594 0
-1388 1591 0
-1644 767 0
1317 1505 0
-529 1975 0
28 -790 0
-88 1616 0
-88 -1931 0
921 36 0
1982 1616 0
1982 1682 0
123 -1988 0
999 -1392 0
177 -1770 0
1887 -1926 0
1792 -1683 0
-1056 1562 0
-15 -643 0
-116 -114 0
1974 -264 0
-1080 171 0
-1656 -786 0
126 -401 0
971 -401 0
1563 -1721 0
-564 1254 0
-52 119 0
119 -1972 0
1866 -186 0
-1998 1728 0
-32 -197 0
1877 -197 0
-438 1763 0
-1370 1010 0
1938 -25 0
-1016 1696 0
1987 106 0
-1767 1987 0
1379 -762 0
710 -762 0
490 1465 0
-797 1697 0
1545 -644 0
1955 -1552 0
1802 -1355 0
-575 1792 0
123 -520 0
368 1786 0
932 1786 0
96 -1167 0
-971 124 0
1691 -971 0
108 -186 0
1100 -1998 0
-966 -1386 0
-1497 -2028 0
1143 -1810 0
47 1652 0
-966 -1399 0
-1399 1298 0
-63 -1563 0
-257 1967 0
620 -1396 0
-467 -1668 0
1680 -1503 0
-52 -202 0
-1882 -202 0
-1118 -1547 0
-1491 1960 0
44 -691 0
1870 958 0
630 -1241 0
1812 -171 0
-1646 302 0
928 -1646 0
404 -1383 0
-1075 1914 0
126 -1149 0
326 -2007 0
1404 -54 0
1702 -802 0
-1497 -125 0
-341 1807 0
-1000 1750 0
-2001 42 0
-102 -755 0
-1847 -246 0
630 1531 0
-561 1082 0
1690 -457 0
76 -298 0
-298 1185 0
-1439 -45 0
2025 798 0
-491 368 0
-720 1770 0
665 1719 0
94 -1950 0
944 -959 0
404 -1419 0
1712 1904 0
-52 -71 0
-71 -1584 0
1672 -716 0
-415 1107 0
767 -83 0
1223 -83 0
49 -1463 0
1313 -1463 0
-1530 109 0
1649 779 0
99 -1409 0
1240 -550 0
123 -1020 0
277 -1020 0
-1553 40 0
-606 580 0
-1547 -903 0
1928 -903 0
-656 302 0
-60 -1135 0
-45 -272 0
-1765 59 0
-1083 85 0
-1083 824 0
-467 -1469 0
-1744 1561 0
1545 -771 0
-1789 426 0
-622 1442 0
-1448 1269 0
894 1858 0
1858 1128 0
451 -474 0
2041 -474 0
2002 -1322 0
1851 -1322 0
1792 -1807 0
-1729 1923 0
-6 -74 0
-49 52 0
1497 1534 0
-1861 1288 0
294 -1861 0
-1284 539 0
94 1294 0
1776 -74 0
-1942 1582 0
782 -206 0
1323 1182 0
1065 1664 0
1638 -1015 0
72 -1956 0
1587 -205 0
1351 -121 0
-1237 1357 0
28 -1187 0
-1187 623 0
-498 1620 0
1585 -895 0
21 -1581 0
1337 -1581 0
1096 -34 0
-615 -1864 0
1150 -74 0
-90 326 0
-1460 1960 0
1207 1447 0
177 -1319 0
1059 -1319 0
-1479 -1547 0
-1479 1336 0
84 1676 0
31 -1893 0
-343 1379 0
-1868 1508 0
-60 1065 0
-1811 -521 0
1673 -170 0
1025 1875 0
710 -1716 0
-187 -1106 0
-182 1620 0
-295 1563 0
-785 58 0
1857 -79 0
-1119 105 0
-1867 -908 0
-14 -574 0
1676 -1352 0
1600 -1750 0
401 396 -400 384 1700 -393 377 381 388 552 394 1775 402 844 391 -482 375 379 1864 399 -386 383 959 378 392 389 1434 397 317 1414 0
1028 1269 0
615 -69 0
-1271 1927 0
63 -86 0
-122 -1962 0
811 -338 0
1464 -1948 0
-1707 65 0
-109 -110 0
1446 -444 0
-1773 1323 0
1288 -1077 0
-1509 -1239 0
-948 42 0
-948 922 0
-777 -615 0
-777 1647 0
-1237 1562 0
767 -602 0
-1720 -1961 0
1471 -1871 0
-1761 1975 0
-1761 220 0
-758 -114 0
2005 -1433 0
-1195 -60 0
-1195 1435 0
1620 -1200 0
1854 -407 0
91 -1773 0
-879 -468 0
882 932 0
1790 1880 0
31 -1919 0
1532 -1919 0
1944 50 0
1944 -1584 0
-1107 527 0
-1712 85 0
101 -1712 0
-1908 1100 0
50 -772 0
-1425 -14 0
-788 1960 0
27 -1923 0
-66 2036 0
-1286 62 0
1545 -381 0
-1566 -492 0
621 -843 0
1326 1167 0
-700 -32 0
1117 -1027 0
-1525 -754 0
1624 -754 0
49 -1312 0
-59 -57 0
-1437 -1160 0
1411 -661 0
-1802 105 0
1921 -841 0
-1496 -918 0
123 663 0
-1626 1792 0
1882 690 0
-1688 302 0
-1688 1348 0
-1696 421 0
1445 1719 0
-1450 -75 0
-1450 1161 0
1843 -1936 0
-2005 -1499 0
-1540 -1547 0
1387 1027 0
-245 -419 0
504 1486 0
1487 1534 0
995 -764 0
-1722 368 0
1613 104 0
1692 76 0
441 1692 0
28 1487 0
545 -707 0
1738 65 0
1738 1205 0
-1872 1512 0
31 -1878 0
-13 -748 0
-1949 -615 0
-1949 1276 0
1485 -1389 0
-383 -54 0
-239 1608 0
59 -1483 0
1222 -1915 0
-1503 85 0
-19 17 0
78 994 0
1591 994 0
-510 1288 0
-2049 -1547 0
-1609 1927 0
-1155 -1335 0
783 -384 0
-1911 42 0
-1062 368 0
-1301 1983 0
36 -825 0
1195 -505 0
-564 59 0
554 -1174 0
-1227 91 0
-1512 1927 0
1471 1162 0
-1342 1162 0
904 1294 0
1980 -270 0
927 -219 0
-1855 -1546 0
96 -964 0
1684 -964 0
-1262 -1676 0
118 -1433 0
-967 -1434 0
1500 -535 0
-595 1507 0
-1385 1346 0
123 -1661 0
1734 -1661 0
1873 -1554 0
-13 -1034 0
1446 -407 0
1296 312 0
-1274 -14 0
1046 -466 0
-810 1963 0
-1710 -810 0
89 -646 0
-646 1310 0
84 -1362 0
1890 -1362 0
-1221 1168 0
-8 0
1776 441 0
-1459 33 0
43 -1611 0
-866 85 0
1740 -1021 0
1374 -1939 0
106 -396 0
56 -396 0
1608 -1410 0
-1410 900 0
57 -1045 0
-1045 895 0
-536 302 0
1746 -996 0
96 -2006 0
1893 -2006 0
554 1101 0
1145 -75 0
-681 1959 0
1375 -1140 0
-2019 -1176 0
326 -1249 0
-1249 869 0
95 -648 0
-648 1674 0
1300 -1609 0
-1055 -97 0
-25 -826 0
1906 -826 0
-592 49 0
-592 1522 0
1798 -1898 0
111 -1679 0
-189 109 0
1873 -1277 0
-1277 1163 0
1995 1211 0
-1529 1169 0
-1590 894 0
-514 1008 0
69 -1161 0
-902 1592 0
568 -75 0
-114 -710 0
2025 -1279 0
-1279 -1642 0
1651 1288 0
1651 726 0
-467 -1740 0
-2027 282 0
111 -1868 0
-434 1585 0
-399 -118 0
-399 969 0
1012 -1612 0
-1055 905 0
-29 -1711 0
-1582 1975 0
-1692 80 0
-917 -1067 0
127 -126 0
-745 62 0
-1517 72 0
2007 -1517 0
-911 1343 0
-362 1058 0
-808 1708 0
18 -20 0
63 -1339 0
-1442 -1545 0
1946 597 0
-1664 -1091 0
-715 27 0
950 482 0
177 -121 0
-861 1553 0
725 1562 0
725 506 0
-1443 1616 0
-1488 -700 0
926 -1667 0
1097 -1667 0
107 -636 0
608 -636 0
-1952 -247 0
-678 35 0
1458 -678 0
-15 -413 0
-1428 527 0
-1428 1098 0
91 -1804 0
1354 -1804 0
109 -847 0
1639 -847 0
-211 451 0
-1127 282 0
-701 -127 0
-676 41 0
403 -1108 0
-551 1292 0
95 -768 0
-768 1105 0
-58 -74 0
1590 -58 0
-869 403 0
-1219 1169 0
72 -1019 0
132 -222 0
94 -2014 0
-2014 1744 0
-919 124 0
-189 1599 0
404 -422 0
-907 1597 0
-1330 106 0
1598 -1330 0
-371 368 0
-371 1113 0
1101 -1745 0
1595 -1745 0
248 -1547 0
1100 -1539 0
-414 116 0
1694 -1079 0
1910 -1079 0
-29 -707 0
-668 1418 0
-1370 38 0
-1755 574 0
2025 -220 0
1257 -1076 0
117 0
-1805 589 0
291 2001 0
110 -1355 0
-789 35 0
1309 -789 0
-74 -388 0
-958 -388 0
1920 -840 0
98 -1170 0
1288 -1441 0
89 -1638 0
-1638 1068 0
1244 -1202 0
-882 -1202 0
1119 -858 0
-1507 -511 0
-1719 -1683 0
1546 1345 0
1425 -284 0
891 -1281 0
404 -452 0
1118 -579 0
-52 -1756 0
421 -1704 0
1433 -414 0
-1539 1699 0
85 -841 0
792 773 764 769 1989 774 786 771 1015 1178 766 780 1950 787 611 776 477 68 778 -779 772 800 770 784 625 1884 1759 777 859 801 0
-1674 -443 0
-767 -421 0
-29 -1458 0
1011 -1611 0
404 -1316 0
253 -1316 0
1433 -1725 0
1361 -1725 0
177 80 0
-1067 21 0
-1037 43 0
1311 -1037 0
59 -287 0
130 -792 0
629 6 0
-1487 -1278 0
-966 -543 0
1589 -468 0
2048 1589 0
-1241 124 0
1963 -171 0
977 -500 0
-558 35 0
-102 -1416 0
-436 822 0
848 -686 0
-311 128 0
446 -92 0
-650 43 0
1200 -510 0
1208 518 0
-36 -2025 0
50 -412 0
513 -966 0
-1196 1563 0
89 -1669 0
-412 982 0
513 -1203 0
-15 -1514 0
72 -946 0
-946 1128 0
-114 -1299 0
302 -1527 0
-1287 107 0
-637 -1387 0
78 -749 0
1787 -749 0
-1918 -615 0
-128 -126 0
128 -191 0
-1751 410 0
20 917 0
-1982 -272 0
-1111 -2010 0
-1921 1963 0
-1021 78 0
84 -1231 0
-1231 294 0
50 -1283 0
183 -1283 0
1395 -449 0
1652 1251 0
1433 -1630 0
-1812 1620 0
49 -911 0
108 -1781 0
-2004 1914 0
-1867 31 0
-15 -1743 0
-467 -238 0
-1043 1340 0
1119 1029 0
910 -343 0
110 -1143 0
-1521 -74 0
-22 -435 0
-1441 1230 0
1101 -1894 0
-242 35 0
1873 -1619 0
-595 69 0
1072 -889 0
-29 -73 0
339 -73 0
-824 84 0
1930 -850 0
177 -689 0
1069 -1654 0
326 -746 0
-1734 1379 0
1433 -290 0
1107 1489 0
1876 1501 173 -165 1593 -1706 1895 829 186 178 185 1556 176 181 -1504 594 167 191 180 382 79 190 188 -168 1322 163 169 1409 164 192 0
195 657 214 1439 194 193 -1737 828 221 222 1757 1953 217 199 -216 -2021 197 2006 -2047 211 206 1362 1657 919 202 591 200 207 -1390 215 0
1306 -1456 0
264 278 267 2034 -268 -255 270 990 257 271 263 272 -269 1122 256 280 260 -1862 1301 -266 276 718 320 265 1937 -119 281 -1613 649 274 0
295 283 699 67 -291 284 298 311 1615 -285 301 -312 -296 293 1993 307 -292 1627 303 53 730 -1618 -1065 286 1517 308 1781 288 300 299 0
78 1352 0
1924 360 349 -351 942 1179 595 115 1060 356 -350 344 -355 352 1668 364 348 -353 371 866 1800 345 -359 366 363 676 354 372 1498 370 0
1433 -669 0
408 422 417 411 1539 409 -405 1349 1671 406 412 1518 429 -1473 61 432 1031 985 1789 -418 -430 420 431 424 232 1586 1601 1970 -1731 428 0
453 433 1779 1889 457 -1110 1104 -1605 -442 362 1369 445 462 713 459 -455 454 460 439 645 -1341 435 -450 -1670 452 1249 436 456 88 440 0
491 -469 476 -539 1266 484 464 911 909 1607 1628 479 470 73 1136 478 1086 485 1602 899 1886 1461 466 489 551 483 1609 463 471 -427 0
-518 521 1683 494 373 226 496 -493 -513 510 -516 520 827 1555 497 1947 -502 507 519 -508 1782 517 -499 1912 77 -532 208 632 505 495 0
-587 126 0
1451 553 1264 556 558 1077 1228 647 562 -568 560 1909 575 557 566 582 901 -1652 564 92 579 567 -1637 571 565 213 671 526 1218 -576 0
599 609 709 -357 1114 601 1785 610 1325 606 612 775 584 328 -974 1381 -605 1711 569 2017 1427 593 596 1919 603 325 817 387 607 592 0
1885 614 1939 831 473 626 617 728 637 -1511 512 613 616 1140 1229 -629 638 1892 636 635 1579 641 642 1640 1847 602 627 414 -1145 -618 0
669 666 656 715 662 572 954 651 -1999 196 100 650 250 661 1075 670 667 -258 672 668 1319 654 643 449 658 -729 555 -1558 660 1619 0
-193 1112 0
-20 -19 0
759 744 -881 275 733 337 -1150 -1320 1376 737 702 755 746 741 736 756 761 739 754 745 -685 735 1419 749 753 747 673 760 742 758 0
-1540 486 0
2030 799 2045 -816 818 587 1614 810 819 1036 803 1355 -798 793 797 795 808 1358 1516 1416 -1904 -509 -1572 802 1907 -1158 804 807 -809 765 0
1685 2039 639 1925 843 851 833 841 838 823 850 835 1079 -839 849 903 1878 852 -724 933 834 826 -999 -845 840 846 2038 622 836 847 0
-1 0
-1614 1714 0
-3 0
-4 0
-1295 0
-1966 34 0
2016 0
-1601 980 0
-16 0
-10 0
11 0
1656 1792 0
13 0
14 0
15 0
-1797 -102 0
1545 89 177 404 1873 4 2002 28 -107 9 -467 -59 421 -15 -1442 31 10 -1244 63 -45 1260 -52 96 -13 111 2025 -50 84 -122 -95 57 -123 -1525 782 -966 49 108 29 1608 -117 -85 -1963 -1562 -1620 3 33 47 -326 1101 451 -60 42 1446 1433 21 -11 -403 16 109 72 75 1806 -665 -615 128 -14 104 767 8 -102 -18 -69 -127 -81 1563 -32 1547 1792 20 894 1471 -114 -126 2005 1379 2 1100 -2016 1295 -54 -38 130 302 926 -36 1288 106 1914 22 62 -43 35 78 112 -25 368 -97 -118 1975 -94 1694 783 65 1960 527 19 1927 132 40 -91 124 1 76 1616 87 1537 17 -74 105 -110 -468 -27 0
