p cnf 40 63
3 1 4 2 0
5 7 6 8 0
11 9 12 10 0
31 29 32 30 0
33 34 36 35 0
37 40 39 38 0
-9 -1 0
-29 -1 0
-33 -1 0
-37 -1 0
-9 -5 0
-5 -29 0
-5 -33 0
-37 -5 0
-9 -29 0
-9 -33 0
-9 -37 0
-29 -33 0
-37 -29 0
-37 -33 0
-2 -6 0
-30 -2 0
-2 -34 0
-38 -2 0
-10 -6 0
-6 -30 0
-6 -34 0
-38 -6 0
-10 -30 0
-10 -34 0
-38 -10 0
-30 -34 0
-38 -30 0
-38 -34 0
-7 -3 0
-3 -11 0
-35 -3 0
-39 -3 0
-7 -11 0
-31 -7 0
-7 -35 0
-7 -39 0
-31 -11 0
-11 -35 0
-11 -39 0
-31 -35 0
-31 -39 0
-39 -35 0
-8 -4 0
-4 -12 0
-32 -4 0
-36 -4 0
-4 -40 0
-8 -12 0
-32 -8 0
-36 -8 0
-8 -40 0
-32 -12 0
-36 -12 0
-12 -40 0
-36 -32 0
-32 -40 0
-36 -40 0
