p cnf 50 125
4 1 2 5 3 0
9 8 7 10 6 0
13 14 15 12 11 0
18 19 20 17 16 0
34 33 32 35 31 0
37 39 40 36 38 0
43 44 42 45 41 0
46 50 49 48 47 0
-6 -1 0
-11 -1 0
-16 -1 0
-31 -1 0
-36 -1 0
-41 -1 0
-46 -1 0
-11 -6 0
-16 -6 0
-6 -31 0
-36 -6 0
-41 -6 0
-46 -6 0
-16 -11 0
-11 -36 0
-11 -41 0
-46 -11 0
-16 -36 0
-16 -41 0
-16 -46 0
-36 -31 0
-41 -31 0
-41 -36 0
-46 -36 0
-46 -41 0
-2 -7 0
-2 -12 0
-17 -2 0
-2 -32 0
-2 -37 0
-42 -2 0
-47 -2 0
-12 -7 0
-17 -7 0
-32 -7 0
-7 -37 0
-42 -7 0
-47 -7 0
-17 -12 0
-12 -37 0
-12 -42 0
-47 -12 0
-17 -37 0
-17 -42 0
-17 -47 0
-32 -37 0
-42 -37 0
-47 -37 0
-47 -42 0
-3 -8 0
-3 -13 0
-18 -3 0
-38 -3 0
-43 -3 0
-48 -3 0
-13 -8 0
-18 -8 0
-8 -33 0
-38 -8 0
-43 -8 0
-48 -8 0
-18 -13 0
-13 -38 0
-13 -43 0
-13 -48 0
-43 -18 0
-48 -18 0
-38 -33 0
-43 -38 0
-48 -38 0
-43 -48 0
-4 -9 0
-14 -4 0
-19 -4 0
-4 -34 0
-39 -4 0
-44 -4 0
-49 -4 0
-14 -9 0
-19 -9 0
-34 -9 0
-39 -9 0
-44 -9 0
-49 -9 0
-19 -14 0
-14 -39 0
-14 -44 0
-14 -49 0
-19 -39 0
-19 -44 0
-19 -49 0
-39 -34 0
-39 -44 0
-49 -39 0
-49 -44 0
-10 -5 0
-15 -5 0
-5 -20 0
-5 -40 0
-5 -45 0
-5 -50 0
-15 -10 0
-10 -20 0
-10 -40 0
-10 -45 0
-10 -50 0
-15 -20 0
-15 -40 0
-15 -45 0
-15 -50 0
-40 -20 0
-45 -20 0
-20 -50 0
-35 -50 0
-45 -40 0
-40 -50 0
-45 -50 0
