p cnf 60 273
5 4 2 1 3 6 0
11 10 8 9 7 12 0
14 16 13 15 17 18 0
22 21 19 20 23 24 0
29 28 30 25 26 27 0
35 34 31 36 32 33 0
41 40 37 42 38 39 0
47 46 44 43 45 48 0
51 49 52 53 54 50 0
57 60 56 58 59 55 0
-7 -1 0
-13 -1 0
-19 -1 0
-25 -1 0
-31 -1 0
-1 -37 0
-1 -43 0
-1 -49 0
-55 -1 0
-13 -7 0
-7 -19 0
-25 -7 0
-31 -7 0
-7 -37 0
-7 -43 0
-7 -49 0
-55 -7 0
-19 -13 0
-25 -13 0
-31 -13 0
-13 -37 0
-13 -43 0
-13 -49 0
-55 -13 0
-25 -19 0
-31 -19 0
-19 -37 0
-19 -43 0
-19 -49 0
-19 -55 0
-25 -37 0
-25 -49 0
-25 -55 0
-31 -37 0
-31 -43 0
-31 -49 0
-55 -31 0
-37 -43 0
-37 -49 0
-55 -37 0
-43 -49 0
-55 -43 0
-55 -49 0
-8 -2 0
-2 -14 0
-20 -2 0
-26 -2 0
-32 -2 0
-38 -2 0
-2 -44 0
-2 -50 0
-56 -2 0
-8 -14 0
-20 -8 0
-26 -8 0
-32 -8 0
-38 -8 0
-8 -44 0
-50 -8 0
-56 -8 0
-20 -14 0
-26 -14 0
-32 -14 0
-38 -14 0
-44 -14 0
-50 -14 0
-56 -14 0
-26 -20 0
-32 -20 0
-20 -38 0
-20 -44 0
-20 -50 0
-20 -56 0
-26 -38 0
-26 -44 0
-26 -50 0
-32 -38 0
-32 -44 0
-32 -50 0
-32 -56 0
-38 -44 0
-50 -38 0
-56 -38 0
-50 -44 0
-56 -44 0
-56 -50 0
-9 -3 0
-15 -3 0
-3 -21 0
-3 -27 0
-33 -3 0
-39 -3 0
-45 -3 0
-51 -3 0
-57 -3 0
-15 -9 0
-9 -21 0
-9 -27 0
-33 -9 0
-39 -9 0
-45 -9 0
-51 -9 0
-57 -9 0
-15 -21 0
-27 -15 0
-33 -15 0
-15 -39 0
-15 -45 0
-15 -51 0
-57 -15 0
-27 -21 0
-33 -21 0
-39 -21 0
-45 -21 0
-51 -21 0
-57 -21 0
-27 -33 0
-27 -39 0
-27 -45 0
-27 -51 0
-27 -57 0
-33 -39 0
-33 -45 0
-33 -51 0
-57 -33 0
-45 -39 0
-39 -51 0
-57 -39 0
-45 -51 0
-57 -45 0
-57 -51 0
-4 -10 0
-16 -4 0
-22 -4 0
-28 -4 0
-34 -4 0
-40 -4 0
-46 -4 0
-52 -4 0
-58 -4 0
-16 -10 0
-22 -10 0
-28 -10 0
-34 -10 0
-40 -10 0
-46 -10 0
-52 -10 0
-58 -10 0
-16 -22 0
-28 -16 0
-34 -16 0
-16 -40 0
-16 -46 0
-52 -16 0
-58 -16 0
-28 -22 0
-34 -22 0
-40 -22 0
-46 -22 0
-52 -22 0
-58 -22 0
-28 -34 0
-28 -40 0
-28 -46 0
-28 -52 0
-28 -58 0
-34 -40 0
-34 -46 0
-34 -52 0
-58 -34 0
-46 -40 0
-52 -40 0
-58 -40 0
-52 -46 0
-58 -46 0
-58 -52 0
-5 -11 0
-17 -5 0
-23 -5 0
-29 -5 0
-35 -5 0
-41 -5 0
-47 -5 0
-53 -5 0
-59 -5 0
-17 -11 0
-23 -11 0
-29 -11 0
-35 -11 0
-41 -11 0
-47 -11 0
-53 -11 0
-59 -11 0
-17 -23 0
-29 -17 0
-35 -17 0
-17 -41 0
-17 -47 0
-17 -53 0
-59 -17 0
-29 -23 0
-35 -23 0
-41 -23 0
-47 -23 0
-53 -23 0
-59 -23 0
-29 -47 0
-29 -53 0
-29 -59 0
-35 -41 0
-35 -47 0
-35 -53 0
-59 -35 0
-41 -47 0
-53 -41 0
-59 -41 0
-53 -47 0
-59 -47 0
-59 -53 0
-12 -6 0
-18 -6 0
-6 -24 0
-6 -30 0
-6 -36 0
-6 -42 0
-48 -6 0
-54 -6 0
-6 -60 0
-12 -18 0
-12 -24 0
-12 -30 0
-12 -36 0
-12 -42 0
-12 -48 0
-12 -54 0
-12 -60 0
-24 -18 0
-30 -18 0
-18 -36 0
-42 -18 0
-48 -18 0
-54 -18 0
-18 -60 0
-30 -24 0
-24 -36 0
-42 -24 0
-24 -48 0
-24 -54 0
-24 -60 0
-30 -36 0
-30 -48 0
-30 -54 0
-30 -60 0
-42 -36 0
-48 -36 0
-54 -36 0
-36 -60 0
-48 -42 0
-54 -42 0
-42 -60 0
-48 -54 0
-48 -60 0
-54 -60 0
