p cnf 70 325
5 4 2 1 3 7 6 0
12 11 9 10 8 13 14 0
16 18 20 15 17 19 21 0
25 24 27 22 23 26 28 0
33 32 34 29 30 31 35 0
40 39 36 37 41 42 38 0
47 46 43 44 45 48 49 0
54 53 51 50 52 56 55 0
59 57 60 61 62 63 58 0
68 70 65 67 69 66 64 0
-8 -1 0
-15 -1 0
-22 -1 0
-29 -1 0
-36 -1 0
-1 -43 0
-1 -50 0
-1 -57 0
-64 -1 0
-8 -15 0
-22 -8 0
-29 -8 0
-36 -8 0
-43 -8 0
-8 -50 0
-8 -57 0
-64 -8 0
-22 -15 0
-29 -15 0
-36 -15 0
-15 -43 0
-15 -50 0
-15 -57 0
-64 -15 0
-29 -22 0
-22 -36 0
-22 -43 0
-22 -50 0
-22 -57 0
-64 -22 0
-29 -36 0
-29 -43 0
-29 -50 0
-29 -57 0
-64 -29 0
-36 -43 0
-36 -50 0
-36 -57 0
-64 -36 0
-43 -50 0
-43 -57 0
-64 -43 0
-50 -57 0
-64 -50 0
-64 -57 0
-2 -9 0
-2 -16 0
-23 -2 0
-30 -2 0
-37 -2 0
-44 -2 0
-2 -51 0
-2 -58 0
-65 -2 0
-9 -16 0
-23 -9 0
-30 -9 0
-37 -9 0
-44 -9 0
-9 -51 0
-58 -9 0
-65 -9 0
-23 -16 0
-30 -16 0
-37 -16 0
-44 -16 0
-51 -16 0
-58 -16 0
-65 -16 0
-30 -23 0
-37 -23 0
-23 -44 0
-23 -51 0
-23 -58 0
-65 -23 0
-30 -37 0
-30 -44 0
-30 -51 0
-30 -58 0
-65 -30 0
-37 -44 0
-37 -51 0
-37 -58 0
-65 -37 0
-44 -51 0
-58 -44 0
-65 -44 0
-58 -51 0
-65 -51 0
-65 -58 0
-3 -10 0
-17 -3 0
-3 -24 0
-31 -3 0
-38 -3 0
-45 -3 0
-52 -3 0
-59 -3 0
-66 -3 0
-17 -10 0
-10 -24 0
-31 -10 0
-38 -10 0
-45 -10 0
-52 -10 0
-59 -10 0
-66 -10 0
-17 -24 0
-31 -17 0
-38 -17 0
-17 -45 0
-17 -52 0
-17 -59 0
-66 -17 0
-31 -24 0
-38 -24 0
-45 -24 0
-52 -24 0
-59 -24 0
-66 -24 0
-31 -38 0
-31 -45 0
-31 -52 0
-31 -59 0
-66 -31 0
-38 -45 0
-38 -52 0
-38 -59 0
-66 -38 0
-52 -45 0
-45 -59 0
-66 -45 0
-52 -59 0
-66 -52 0
-66 -59 0
-4 -11 0
-18 -4 0
-4 -25 0
-32 -4 0
-39 -4 0
-46 -4 0
-53 -4 0
-60 -4 0
-67 -4 0
-18 -11 0
-25 -11 0
-32 -11 0
-39 -11 0
-46 -11 0
-53 -11 0
-60 -11 0
-67 -11 0
-18 -25 0
-32 -18 0
-39 -18 0
-18 -46 0
-18 -53 0
-60 -18 0
-67 -18 0
-32 -25 0
-39 -25 0
-46 -25 0
-53 -25 0
-60 -25 0
-67 -25 0
-32 -39 0
-32 -46 0
-32 -53 0
-32 -60 0
-67 -32 0
-39 -46 0
-39 -53 0
-39 -60 0
-67 -39 0
-53 -46 0
-60 -46 0
-67 -46 0
-60 -53 0
-67 -53 0
-67 -60 0
-12 -5 0
-19 -5 0
-26 -5 0
-33 -5 0
-40 -5 0
-47 -5 0
-54 -5 0
-61 -5 0
-68 -5 0
-19 -12 0
-26 -12 0
-33 -12 0
-40 -12 0
-47 -12 0
-54 -12 0
-61 -12 0
-68 -12 0
-19 -26 0
-33 -19 0
-40 -19 0
-19 -47 0
-19 -54 0
-19 -61 0
-68 -19 0
-33 -26 0
-40 -26 0
-47 -26 0
-54 -26 0
-61 -26 0
-68 -26 0
-33 -40 0
-33 -47 0
-33 -54 0
-33 -61 0
-68 -33 0
-40 -47 0
-40 -54 0
-40 -61 0
-68 -40 0
-47 -54 0
-61 -47 0
-68 -47 0
-61 -54 0
-68 -54 0
-68 -61 0
-13 -6 0
-6 -20 0
-6 -27 0
-34 -6 0
-6 -41 0
-6 -48 0
-6 -55 0
-6 -62 0
-6 -69 0
-13 -20 0
-13 -27 0
-34 -13 0
-13 -41 0
-13 -48 0
-13 -55 0
-13 -62 0
-13 -69 0
-27 -20 0
-34 -20 0
-20 -41 0
-48 -20 0
-20 -55 0
-62 -20 0
-20 -69 0
-34 -27 0
-27 -41 0
-27 -48 0
-27 -55 0
-27 -62 0
-27 -69 0
-34 -41 0
-34 -48 0
-34 -55 0
-34 -62 0
-34 -69 0
-48 -41 0
-41 -55 0
-62 -41 0
-41 -69 0
-48 -55 0
-48 -62 0
-48 -69 0
-62 -55 0
-55 -69 0
-62 -69 0
-7 -14 0
-7 -21 0
-7 -28 0
-7 -35 0
-7 -42 0
-7 -49 0
-7 -56 0
-7 -63 0
-7 -70 0
-21 -14 0
-28 -14 0
-35 -14 0
-42 -14 0
-49 -14 0
-56 -14 0
-63 -14 0
-14 -70 0
-28 -21 0
-21 -35 0
-42 -21 0
-49 -21 0
-21 -56 0
-21 -63 0
-21 -70 0
-28 -35 0
-42 -28 0
-28 -49 0
-28 -56 0
-28 -63 0
-28 -70 0
-42 -35 0
-49 -35 0
-35 -56 0
-35 -63 0
-35 -70 0
-42 -49 0
-42 -56 0
-42 -63 0
-42 -70 0
-49 -56 0
-49 -63 0
-49 -70 0
-56 -63 0
-56 -70 0
-63 -70 0
