p cnf 80 370
3 2 6 1 7 5 4 8 0
13 11 12 10 14 9 16 15 0
22 18 19 17 20 23 21 24 0
30 26 27 25 32 29 28 31 0
38 34 35 40 37 39 33 36 0
42 44 41 43 46 47 45 48 0
54 49 51 50 56 53 55 52 0
62 58 57 60 59 63 61 64 0
70 66 65 67 69 72 68 71 0
76 80 75 74 78 77 73 79 0
-9 -1 0
-1 -17 0
-1 -25 0
-33 -1 0
-41 -1 0
-1 -49 0
-1 -57 0
-1 -65 0
-73 -1 0
-9 -17 0
-9 -25 0
-9 -33 0
-41 -9 0
-9 -49 0
-9 -57 0
-9 -65 0
-73 -9 0
-25 -17 0
-33 -17 0
-41 -17 0
-17 -49 0
-17 -57 0
-65 -17 0
-73 -17 0
-33 -25 0
-41 -25 0
-25 -49 0
-25 -57 0
-65 -25 0
-73 -25 0
-41 -33 0
-33 -49 0
-33 -57 0
-33 -65 0
-73 -33 0
-41 -49 0
-41 -57 0
-41 -65 0
-73 -41 0
-57 -49 0
-65 -49 0
-73 -49 0
-57 -65 0
-73 -57 0
-73 -65 0
-10 -2 0
-2 -18 0
-2 -26 0
-34 -2 0
-2 -42 0
-2 -50 0
-2 -58 0
-2 -66 0
-74 -2 0
-10 -18 0
-10 -26 0
-10 -34 0
-10 -42 0
-10 -50 0
-10 -58 0
-10 -66 0
-74 -10 0
-26 -18 0
-34 -18 0
-18 -42 0
-18 -50 0
-18 -58 0
-18 -66 0
-74 -18 0
-34 -26 0
-26 -42 0
-26 -50 0
-26 -58 0
-26 -66 0
-74 -26 0
-34 -42 0
-34 -50 0
-34 -58 0
-34 -66 0
-74 -34 0
-50 -42 0
-42 -58 0
-66 -42 0
-74 -42 0
-50 -58 0
-66 -50 0
-74 -50 0
-66 -58 0
-74 -58 0
-74 -66 0
-11 -3 0
-19 -3 0
-27 -3 0
-35 -3 0
-43 -3 0
-51 -3 0
-59 -3 0
-67 -3 0
-75 -3 0
-11 -19 0
-11 -27 0
-11 -35 0
-11 -43 0
-11 -51 0
-11 -59 0
-11 -67 0
-75 -11 0
-19 -27 0
-35 -19 0
-43 -19 0
-51 -19 0
-59 -19 0
-19 -67 0
-75 -19 0
-35 -27 0
-43 -27 0
-51 -27 0
-59 -27 0
-67 -27 0
-75 -27 0
-35 -43 0
-35 -51 0
-35 -59 0
-35 -67 0
-75 -35 0
-43 -51 0
-43 -59 0
-43 -67 0
-75 -43 0
-51 -59 0
-51 -67 0
-75 -51 0
-59 -67 0
-75 -59 0
-75 -67 0
-12 -4 0
-4 -20 0
-4 -28 0
-36 -4 0
-4 -44 0
-4 -52 0
-4 -60 0
-4 -68 0
-76 -4 0
-12 -20 0
-12 -28 0
-36 -12 0
-12 -44 0
-12 -52 0
-12 -60 0
-12 -68 0
-76 -12 0
-28 -20 0
-36 -20 0
-20 -44 0
-52 -20 0
-20 -60 0
-20 -68 0
-76 -20 0
-36 -28 0
-28 -44 0
-52 -28 0
-28 -60 0
-28 -68 0
-76 -28 0
-36 -44 0
-36 -52 0
-36 -60 0
-36 -68 0
-76 -36 0
-52 -44 0
-60 -44 0
-68 -44 0
-76 -44 0
-52 -60 0
-52 -68 0
-76 -52 0
-68 -60 0
-76 -60 0
-76 -68 0
-5 -13 0
-21 -5 0
-5 -29 0
-37 -5 0
-45 -5 0
-53 -5 0
-61 -5 0
-69 -5 0
-77 -5 0
-21 -13 0
-29 -13 0
-37 -13 0
-45 -13 0
-53 -13 0
-61 -13 0
-69 -13 0
-77 -13 0
-21 -29 0
-21 -37 0
-45 -21 0
-53 -21 0
-21 -61 0
-21 -69 0
-77 -21 0
-37 -29 0
-45 -29 0
-53 -29 0
-29 -61 0
-29 -69 0
-77 -29 0
-45 -37 0
-53 -37 0
-37 -61 0
-37 -69 0
-77 -37 0
-53 -45 0
-45 -61 0
-45 -69 0
-77 -45 0
-53 -61 0
-53 -69 0
-77 -53 0
-61 -69 0
-77 -61 0
-77 -69 0
-14 -6 0
-6 -22 0
-6 -30 0
-38 -6 0
-6 -46 0
-6 -54 0
-6 -62 0
-6 -70 0
-78 -6 0
-14 -22 0
-14 -30 0
-38 -14 0
-14 -46 0
-14 -54 0
-14 -62 0
-14 -70 0
-78 -14 0
-30 -22 0
-38 -22 0
-22 -46 0
-54 -22 0
-22 -62 0
-22 -70 0
-78 -22 0
-38 -30 0
-30 -46 0
-30 -54 0
-30 -62 0
-30 -70 0
-78 -30 0
-38 -46 0
-38 -54 0
-38 -62 0
-38 -70 0
-78 -38 0
-54 -46 0
-46 -62 0
-70 -46 0
-78 -46 0
-54 -62 0
-54 -70 0
-78 -54 0
-70 -62 0
-78 -62 0
-78 -70 0
-7 -15 0
-7 -23 0
-7 -31 0
-7 -39 0
-7 -47 0
-7 -55 0
-7 -63 0
-7 -71 0
-7 -79 0
-15 -23 0
-31 -15 0
-39 -15 0
-15 -47 0
-55 -15 0
-63 -15 0
-71 -15 0
-15 -79 0
-31 -23 0
-39 -23 0
-23 -47 0
-23 -55 0
-63 -23 0
-71 -23 0
-23 -79 0
-39 -31 0
-31 -47 0
-31 -55 0
-63 -31 0
-71 -31 0
-31 -79 0
-39 -47 0
-39 -55 0
-63 -39 0
-39 -71 0
-39 -79 0
-55 -47 0
-63 -47 0
-71 -47 0
-47 -79 0
-63 -55 0
-71 -55 0
-55 -79 0
-63 -71 0
-63 -79 0
-71 -79 0
-8 -16 0
-8 -24 0
-8 -32 0
-8 -40 0
-8 -48 0
-8 -56 0
-8 -64 0
-8 -72 0
-8 -80 0
-16 -24 0
-32 -16 0
-40 -16 0
-48 -16 0
-56 -16 0
-64 -16 0
-16 -72 0
-16 -80 0
-32 -24 0
-40 -24 0
-48 -24 0
-56 -24 0
-64 -24 0
-72 -24 0
-24 -80 0
-32 -40 0
-32 -48 0
-56 -32 0
-32 -64 0
-32 -72 0
-32 -80 0
-48 -40 0
-56 -40 0
-64 -40 0
-40 -72 0
-40 -80 0
-56 -48 0
-64 -48 0
-48 -72 0
-48 -80 0
-56 -64 0
-56 -72 0
-56 -80 0
-64 -72 0
-64 -80 0
-72 -80 0
