p cnf 90 415
4 2 7 1 5 3 6 8 9 0
16 15 13 10 14 11 12 17 18 0
19 22 21 25 24 23 20 26 27 0
30 34 31 28 29 32 33 35 36 0
39 43 40 37 42 38 41 44 45 0
52 51 48 46 47 50 49 53 54 0
58 57 61 60 55 59 56 62 63 0
65 68 69 70 64 66 67 71 72 0
75 79 76 73 78 74 77 80 81 0
86 89 84 85 87 82 88 83 90 0
-1 -10 0
-1 -19 0
-1 -28 0
-1 -37 0
-1 -46 0
-1 -55 0
-64 -1 0
-1 -73 0
-82 -1 0
-10 -19 0
-28 -10 0
-10 -37 0
-46 -10 0
-10 -55 0
-64 -10 0
-10 -73 0
-82 -10 0
-28 -19 0
-37 -19 0
-46 -19 0
-55 -19 0
-64 -19 0
-73 -19 0
-82 -19 0
-28 -37 0
-28 -46 0
-28 -55 0
-64 -28 0
-28 -73 0
-82 -28 0
-46 -37 0
-37 -55 0
-64 -37 0
-37 -73 0
-82 -37 0
-46 -55 0
-64 -46 0
-46 -73 0
-82 -46 0
-64 -55 0
-55 -73 0
-82 -55 0
-64 -73 0
-82 -64 0
-82 -73 0
-11 -2 0
-20 -2 0
-29 -2 0
-38 -2 0
-47 -2 0
-56 -2 0
-65 -2 0
-74 -2 0
-83 -2 0
-20 -11 0
-11 -29 0
-11 -38 0
-11 -47 0
-56 -11 0
-65 -11 0
-11 -74 0
-83 -11 0
-20 -29 0
-20 -38 0
-20 -47 0
-20 -56 0
-65 -20 0
-20 -74 0
-83 -20 0
-29 -38 0
-29 -47 0
-29 -56 0
-65 -29 0
-29 -74 0
-83 -29 0
-38 -47 0
-56 -38 0
-65 -38 0
-74 -38 0
-83 -38 0
-56 -47 0
-65 -47 0
-74 -47 0
-83 -47 0
-65 -56 0
-74 -56 0
-83 -56 0
-65 -74 0
-83 -65 0
-83 -74 0
-3 -12 0
-3 -21 0
-3 -30 0
-3 -39 0
-3 -48 0
-3 -57 0
-66 -3 0
-3 -75 0
-84 -3 0
-12 -21 0
-12 -30 0
-12 -39 0
-12 -48 0
-12 -57 0
-66 -12 0
-12 -75 0
-84 -12 0
-21 -30 0
-21 -39 0
-21 -48 0
-21 -57 0
-66 -21 0
-21 -75 0
-84 -21 0
-30 -39 0
-30 -48 0
-57 -30 0
-66 -30 0
-30 -75 0
-84 -30 0
-39 -48 0
-57 -39 0
-66 -39 0
-39 -75 0
-84 -39 0
-57 -48 0
-66 -48 0
-75 -48 0
-84 -48 0
-66 -57 0
-57 -75 0
-84 -57 0
-66 -75 0
-84 -66 0
-84 -75 0
-4 -13 0
-4 -22 0
-4 -31 0
-4 -40 0
-4 -49 0
-4 -58 0
-67 -4 0
-4 -76 0
-85 -4 0
-22 -13 0
-13 -31 0
-40 -13 0
-49 -13 0
-13 -58 0
-67 -13 0
-76 -13 0
-85 -13 0
-22 -31 0
-22 -40 0
-22 -49 0
-22 -58 0
-67 -22 0
-22 -76 0
-85 -22 0
-40 -31 0
-49 -31 0
-31 -58 0
-67 -31 0
-31 -76 0
-85 -31 0
-40 -49 0
-40 -58 0
-67 -40 0
-76 -40 0
-85 -40 0
-49 -58 0
-67 -49 0
-76 -49 0
-85 -49 0
-67 -58 0
-76 -58 0
-85 -58 0
-67 -76 0
-85 -67 0
-85 -76 0
-5 -14 0
-5 -23 0
-32 -5 0
-41 -5 0
-50 -5 0
-59 -5 0
-5 -68 0
-5 -77 0
-86 -5 0
-14 -23 0
-32 -14 0
-41 -14 0
-50 -14 0
-59 -14 0
-14 -68 0
-14 -77 0
-86 -14 0
-32 -23 0
-41 -23 0
-50 -23 0
-59 -23 0
-23 -68 0
-77 -23 0
-86 -23 0
-41 -32 0
-50 -32 0
-59 -32 0
-32 -68 0
-32 -77 0
-86 -32 0
-41 -50 0
-41 -59 0
-41 -68 0
-41 -77 0
-86 -41 0
-59 -50 0
-50 -68 0
-50 -77 0
-86 -50 0
-59 -68 0
-59 -77 0
-86 -59 0
-77 -68 0
-86 -68 0
-86 -77 0
-6 -15 0
-6 -24 0
-6 -33 0
-6 -42 0
-6 -51 0
-6 -60 0
-69 -6 0
-6 -78 0
-87 -6 0
-24 -15 0
-33 -15 0
-42 -15 0
-51 -15 0
-60 -15 0
-69 -15 0
-15 -78 0
-87 -15 0
-24 -33 0
-24 -42 0
-24 -51 0
-24 -60 0
-69 -24 0
-24 -78 0
-87 -24 0
-33 -42 0
-51 -33 0
-33 -60 0
-69 -33 0
-33 -78 0
-87 -33 0
-42 -51 0
-42 -60 0
-69 -42 0
-42 -78 0
-87 -42 0
-51 -60 0
-69 -51 0
-51 -78 0
-87 -51 0
-69 -60 0
-60 -78 0
-87 -60 0
-69 -78 0
-87 -69 0
-87 -78 0
-7 -16 0
-7 -25 0
-7 -34 0
-7 -43 0
-7 -52 0
-7 -61 0
-70 -7 0
-7 -79 0
-88 -7 0
-25 -16 0
-34 -16 0
-43 -16 0
-52 -16 0
-61 -16 0
-70 -16 0
-79 -16 0
-88 -16 0
-25 -34 0
-25 -43 0
-25 -52 0
-25 -61 0
-70 -25 0
-25 -79 0
-88 -25 0
-43 -34 0
-34 -52 0
-34 -61 0
-70 -34 0
-34 -79 0
-88 -34 0
-43 -52 0
-61 -43 0
-70 -43 0
-43 -79 0
-88 -43 0
-61 -52 0
-70 -52 0
-52 -79 0
-88 -52 0
-70 -61 0
-61 -79 0
-88 -61 0
-70 -79 0
-88 -70 0
-88 -79 0
-8 -17 0
-26 -8 0
-35 -8 0
-44 -8 0
-53 -8 0
-62 -8 0
-71 -8 0
-80 -8 0
-8 -89 0
-26 -17 0
-35 -17 0
-44 -17 0
-53 -17 0
-62 -17 0
-71 -17 0
-80 -17 0
-17 -89 0
-35 -26 0
-26 -44 0
-26 -53 0
-26 -62 0
-26 -71 0
-80 -26 0
-26 -89 0
-35 -44 0
-35 -53 0
-35 -62 0
-35 -71 0
-35 -80 0
-35 -89 0
-44 -53 0
-44 -62 0
-44 -71 0
-80 -44 0
-44 -89 0
-53 -62 0
-53 -71 0
-80 -53 0
-53 -89 0
-71 -62 0
-80 -62 0
-62 -89 0
-80 -71 0
-71 -89 0
-80 -89 0
-9 -18 0
-27 -9 0
-36 -9 0
-9 -45 0
-54 -9 0
-63 -9 0
-72 -9 0
-81 -9 0
-9 -90 0
-27 -18 0
-36 -18 0
-18 -45 0
-54 -18 0
-63 -18 0
-72 -18 0
-81 -18 0
-18 -90 0
-27 -36 0
-27 -45 0
-27 -54 0
-63 -27 0
-27 -72 0
-27 -81 0
-27 -90 0
-36 -45 0
-54 -36 0
-63 -36 0
-72 -36 0
-81 -36 0
-36 -90 0
-54 -45 0
-63 -45 0
-72 -45 0
-81 -45 0
-45 -90 0
-63 -54 0
-72 -54 0
-81 -54 0
-54 -90 0
-63 -72 0
-63 -81 0
-63 -90 0
-72 -81 0
-72 -90 0
-81 -90 0
