p cnf 44 63
3 1 4 2 0
5 7 6 8 0
11 9 12 10 0
35 33 36 34 0
37 38 40 39 0
41 44 43 42 0
-9 -1 0
-33 -1 0
-37 -1 0
-41 -1 0
-9 -5 0
-5 -33 0
-5 -37 0
-41 -5 0
-9 -33 0
-9 -37 0
-9 -41 0
-33 -37 0
-41 -33 0
-41 -37 0
-2 -6 0
-34 -2 0
-2 -38 0
-42 -2 0
-10 -6 0
-6 -34 0
-6 -38 0
-42 -6 0
-10 -34 0
-10 -38 0
-42 -10 0
-34 -38 0
-42 -34 0
-42 -38 0
-7 -3 0
-3 -11 0
-39 -3 0
-43 -3 0
-7 -11 0
-35 -7 0
-7 -39 0
-7 -43 0
-35 -11 0
-11 -39 0
-11 -43 0
-35 -39 0
-35 -43 0
-43 -39 0
-8 -4 0
-4 -12 0
-36 -4 0
-40 -4 0
-4 -44 0
-8 -12 0
-36 -8 0
-40 -8 0
-8 -44 0
-36 -12 0
-40 -12 0
-12 -44 0
-40 -36 0
-36 -44 0
-40 -44 0
