p cnf 55 125
4 1 2 5 3 0
9 8 7 10 6 0
13 14 15 12 11 0
18 19 20 17 16 0
39 38 37 40 36 0
42 44 45 41 43 0
48 49 47 50 46 0
51 55 54 53 52 0
-6 -1 0
-11 -1 0
-16 -1 0
-36 -1 0
-41 -1 0
-46 -1 0
-51 -1 0
-11 -6 0
-16 -6 0
-6 -36 0
-41 -6 0
-46 -6 0
-51 -6 0
-16 -11 0
-11 -41 0
-11 -46 0
-51 -11 0
-16 -41 0
-16 -46 0
-16 -51 0
-41 -36 0
-46 -36 0
-46 -41 0
-51 -41 0
-51 -46 0
-2 -7 0
-2 -12 0
-17 -2 0
-2 -37 0
-2 -42 0
-47 -2 0
-52 -2 0
-12 -7 0
-17 -7 0
-37 -7 0
-7 -42 0
-47 -7 0
-52 -7 0
-17 -12 0
-12 -42 0
-12 -47 0
-52 -12 0
-17 -42 0
-17 -47 0
-17 -52 0
-37 -42 0
-47 -42 0
-52 -42 0
-52 -47 0
-3 -8 0
-3 -13 0
-18 -3 0
-43 -3 0
-48 -3 0
-53 -3 0
-13 -8 0
-18 -8 0
-8 -38 0
-43 -8 0
-48 -8 0
-53 -8 0
-18 -13 0
-13 -43 0
-13 -48 0
-13 -53 0
-48 -18 0
-53 -18 0
-43 -38 0
-48 -43 0
-53 -43 0
-48 -53 0
-4 -9 0
-14 -4 0
-19 -4 0
-4 -39 0
-44 -4 0
-49 -4 0
-54 -4 0
-14 -9 0
-19 -9 0
-39 -9 0
-44 -9 0
-49 -9 0
-54 -9 0
-19 -14 0
-14 -44 0
-14 -49 0
-14 -54 0
-19 -44 0
-19 -49 0
-19 -54 0
-44 -39 0
-44 -49 0
-54 -44 0
-54 -49 0
-10 -5 0
-15 -5 0
-5 -20 0
-5 -45 0
-5 -50 0
-5 -55 0
-15 -10 0
-10 -20 0
-10 -45 0
-10 -50 0
-10 -55 0
-15 -20 0
-15 -45 0
-15 -50 0
-15 -55 0
-45 -20 0
-50 -20 0
-20 -55 0
-40 -55 0
-50 -45 0
-45 -55 0
-50 -55 0
