p cnf 99 506
4 2 7 6 1 5 3 8 9 0
15 10 11 16 12 13 14 17 18 0
23 25 24 22 19 20 21 26 27 0
32 33 29 31 30 28 34 35 36 0
40 38 41 39 43 37 42 44 45 0
49 47 46 51 52 48 50 53 54 0
58 56 60 61 59 55 57 62 63 0
67 65 68 69 64 70 66 71 72 0
74 79 76 78 73 75 77 80 81 0
88 84 86 87 85 83 82 89 90 0
93 98 94 92 95 96 97 91 99 0
-1 -10 0
-1 -19 0
-28 -1 0
-37 -1 0
-46 -1 0
-1 -55 0
-64 -1 0
-73 -1 0
-82 -1 0
-91 -1 0
-19 -10 0
-28 -10 0
-37 -10 0
-46 -10 0
-55 -10 0
-64 -10 0
-73 -10 0
-82 -10 0
-91 -10 0
-28 -19 0
-37 -19 0
-46 -19 0
-55 -19 0
-64 -19 0
-73 -19 0
-82 -19 0
-91 -19 0
-37 -28 0
-46 -28 0
-28 -55 0
-64 -28 0
-73 -28 0
-82 -28 0
-91 -28 0
-37 -46 0
-37 -55 0
-64 -37 0
-37 -73 0
-82 -37 0
-91 -37 0
-46 -55 0
-46 -64 0
-73 -46 0
-82 -46 0
-91 -46 0
-64 -55 0
-73 -55 0
-82 -55 0
-91 -55 0
-64 -73 0
-82 -64 0
-91 -64 0
-82 -73 0
-91 -73 0
-91 -82 0
-11 -2 0
-20 -2 0
-29 -2 0
-2 -38 0
-47 -2 0
-56 -2 0
-65 -2 0
-2 -74 0
-83 -2 0
-92 -2 0
-11 -20 0
-11 -29 0
-11 -38 0
-47 -11 0
-11 -56 0
-11 -65 0
-11 -74 0
-83 -11 0
-92 -11 0
-29 -20 0
-20 -38 0
-47 -20 0
-56 -20 0
-65 -20 0
-20 -74 0
-83 -20 0
-92 -20 0
-29 -38 0
-47 -29 0
-29 -56 0
-29 -65 0
-29 -74 0
-83 -29 0
-92 -29 0
-47 -38 0
-56 -38 0
-65 -38 0
-74 -38 0
-83 -38 0
-92 -38 0
-47 -56 0
-47 -65 0
-47 -74 0
-83 -47 0
-92 -47 0
-56 -65 0
-56 -74 0
-83 -56 0
-92 -56 0
-65 -74 0
-83 -65 0
-92 -65 0
-83 -74 0
-92 -74 0
-92 -83 0
-3 -12 0
-3 -21 0
-3 -30 0
-3 -39 0
-3 -48 0
-3 -57 0
-3 -66 0
-3 -75 0
-3 -84 0
-93 -3 0
-21 -12 0
-12 -30 0
-12 -39 0
-48 -12 0
-57 -12 0
-66 -12 0
-75 -12 0
-12 -84 0
-93 -12 0
-21 -30 0
-21 -39 0
-21 -48 0
-21 -57 0
-21 -66 0
-21 -75 0
-21 -84 0
-93 -21 0
-39 -30 0
-48 -30 0
-57 -30 0
-66 -30 0
-75 -30 0
-30 -84 0
-93 -30 0
-39 -48 0
-57 -39 0
-39 -66 0
-39 -75 0
-39 -84 0
-93 -39 0
-48 -57 0
-48 -66 0
-48 -75 0
-48 -84 0
-93 -48 0
-57 -66 0
-57 -75 0
-57 -84 0
-93 -57 0
-66 -75 0
-66 -84 0
-93 -66 0
-75 -84 0
-93 -75 0
-93 -84 0
-13 -4 0
-22 -4 0
-31 -4 0
-4 -40 0
-49 -4 0
-58 -4 0
-67 -4 0
-76 -4 0
-85 -4 0
-94 -4 0
-13 -22 0
-13 -31 0
-13 -40 0
-13 -49 0
-13 -58 0
-13 -67 0
-13 -76 0
-85 -13 0
-94 -13 0
-31 -22 0
-22 -40 0
-49 -22 0
-58 -22 0
-67 -22 0
-22 -76 0
-85 -22 0
-94 -22 0
-31 -40 0
-49 -31 0
-58 -31 0
-31 -67 0
-31 -76 0
-85 -31 0
-94 -31 0
-49 -40 0
-58 -40 0
-67 -40 0
-76 -40 0
-85 -40 0
-94 -40 0
-49 -58 0
-49 -67 0
-49 -76 0
-85 -49 0
-94 -49 0
-58 -67 0
-58 -76 0
-85 -58 0
-94 -58 0
-67 -76 0
-85 -67 0
-94 -67 0
-85 -76 0
-94 -76 0
-94 -85 0
-14 -5 0
-5 -23 0
-32 -5 0
-5 -41 0
-50 -5 0
-59 -5 0
-5 -68 0
-77 -5 0
-86 -5 0
-95 -5 0
-14 -23 0
-14 -32 0
-14 -41 0
-14 -50 0
-14 -59 0
-14 -68 0
-14 -77 0
-86 -14 0
-95 -14 0
-32 -23 0
-41 -23 0
-50 -23 0
-59 -23 0
-68 -23 0
-77 -23 0
-86 -23 0
-95 -23 0
-32 -41 0
-50 -32 0
-32 -59 0
-32 -68 0
-32 -77 0
-86 -32 0
-95 -32 0
-50 -41 0
-59 -41 0
-41 -68 0
-77 -41 0
-86 -41 0
-95 -41 0
-50 -59 0
-50 -68 0
-50 -77 0
-86 -50 0
-95 -50 0
-59 -68 0
-59 -77 0
-86 -59 0
-95 -59 0
-77 -68 0
-86 -68 0
-95 -68 0
-86 -77 0
-95 -77 0
-95 -86 0
-15 -6 0
-6 -24 0
-6 -33 0
-6 -42 0
-51 -6 0
-6 -60 0
-6 -69 0
-6 -78 0
-87 -6 0
-96 -6 0
-15 -24 0
-15 -33 0
-15 -42 0
-15 -51 0
-15 -60 0
-15 -69 0
-15 -78 0
-87 -15 0
-96 -15 0
-24 -33 0
-42 -24 0
-51 -24 0
-24 -60 0
-24 -69 0
-24 -78 0
-87 -24 0
-96 -24 0
-42 -33 0
-51 -33 0
-60 -33 0
-69 -33 0
-78 -33 0
-87 -33 0
-96 -33 0
-51 -42 0
-42 -60 0
-42 -69 0
-42 -78 0
-87 -42 0
-96 -42 0
-51 -60 0
-51 -69 0
-51 -78 0
-87 -51 0
-96 -51 0
-60 -69 0
-78 -60 0
-87 -60 0
-96 -60 0
-78 -69 0
-87 -69 0
-96 -69 0
-87 -78 0
-96 -78 0
-96 -87 0
-16 -7 0
-7 -25 0
-34 -7 0
-7 -43 0
-52 -7 0
-61 -7 0
-7 -70 0
-7 -79 0
-88 -7 0
-97 -7 0
-16 -25 0
-16 -34 0
-16 -43 0
-16 -52 0
-16 -61 0
-16 -70 0
-16 -79 0
-88 -16 0
-97 -16 0
-34 -25 0
-25 -43 0
-52 -25 0
-61 -25 0
-70 -25 0
-25 -79 0
-88 -25 0
-97 -25 0
-34 -43 0
-52 -34 0
-34 -61 0
-34 -70 0
-34 -79 0
-88 -34 0
-97 -34 0
-52 -43 0
-61 -43 0
-70 -43 0
-43 -79 0
-88 -43 0
-97 -43 0
-52 -61 0
-52 -70 0
-52 -79 0
-88 -52 0
-97 -52 0
-61 -70 0
-61 -79 0
-88 -61 0
-97 -61 0
-70 -79 0
-88 -70 0
-97 -70 0
-88 -79 0
-97 -79 0
-97 -88 0
-17 -8 0
-26 -8 0
-35 -8 0
-44 -8 0
-53 -8 0
-8 -62 0
-71 -8 0
-80 -8 0
-89 -8 0
-8 -98 0
-26 -17 0
-35 -17 0
-44 -17 0
-17 -53 0
-17 -62 0
-17 -71 0
-17 -80 0
-17 -89 0
-17 -98 0
-26 -35 0
-26 -44 0
-26 -53 0
-26 -62 0
-26 -71 0
-26 -80 0
-26 -89 0
-26 -98 0
-35 -44 0
-35 -53 0
-35 -62 0
-35 -71 0
-35 -80 0
-35 -89 0
-35 -98 0
-44 -53 0
-44 -62 0
-44 -71 0
-44 -80 0
-44 -89 0
-44 -98 0
-53 -62 0
-53 -71 0
-53 -80 0
-53 -89 0
-53 -98 0
-71 -62 0
-80 -62 0
-89 -62 0
-62 -98 0
-71 -80 0
-89 -71 0
-71 -98 0
-89 -80 0
-80 -98 0
-89 -98 0
-9 -18 0
-27 -9 0
-36 -9 0
-45 -9 0
-54 -9 0
-63 -9 0
-72 -9 0
-81 -9 0
-90 -9 0
-9 -99 0
-27 -18 0
-36 -18 0
-45 -18 0
-54 -18 0
-63 -18 0
-72 -18 0
-81 -18 0
-90 -18 0
-18 -99 0
-36 -27 0
-27 -45 0
-27 -54 0
-27 -63 0
-27 -72 0
-27 -81 0
-27 -90 0
-27 -99 0
-36 -45 0
-36 -54 0
-36 -63 0
-36 -72 0
-36 -81 0
-36 -90 0
-36 -99 0
-45 -54 0
-45 -63 0
-45 -72 0
-45 -81 0
-45 -90 0
-45 -99 0
-63 -54 0
-72 -54 0
-81 -54 0
-54 -90 0
-54 -99 0
-72 -63 0
-81 -63 0
-63 -90 0
-63 -99 0
-72 -81 0
-72 -90 0
-72 -99 0
-81 -90 0
-81 -99 0
-90 -99 0
