p cnf 60 125
4 1 2 5 3 0
9 8 7 10 6 0
13 14 15 12 11 0
18 19 20 17 16 0
44 43 42 45 41 0
47 49 50 46 48 0
53 54 52 55 51 0
56 60 59 58 57 0
-6 -1 0
-11 -1 0
-16 -1 0
-41 -1 0
-46 -1 0
-51 -1 0
-56 -1 0
-11 -6 0
-16 -6 0
-6 -41 0
-46 -6 0
-51 -6 0
-56 -6 0
-16 -11 0
-11 -46 0
-11 -51 0
-56 -11 0
-16 -46 0
-16 -51 0
-16 -56 0
-46 -41 0
-51 -41 0
-51 -46 0
-56 -46 0
-56 -51 0
-2 -7 0
-2 -12 0
-17 -2 0
-2 -42 0
-2 -47 0
-52 -2 0
-57 -2 0
-12 -7 0
-17 -7 0
-42 -7 0
-7 -47 0
-52 -7 0
-57 -7 0
-17 -12 0
-12 -47 0
-12 -52 0
-57 -12 0
-17 -47 0
-17 -52 0
-17 -57 0
-42 -47 0
-52 -47 0
-57 -47 0
-57 -52 0
-3 -8 0
-3 -13 0
-18 -3 0
-48 -3 0
-53 -3 0
-58 -3 0
-13 -8 0
-18 -8 0
-8 -43 0
-48 -8 0
-53 -8 0
-58 -8 0
-18 -13 0
-13 -48 0
-13 -53 0
-13 -58 0
-53 -18 0
-58 -18 0
-48 -43 0
-53 -48 0
-58 -48 0
-53 -58 0
-4 -9 0
-14 -4 0
-19 -4 0
-4 -44 0
-49 -4 0
-54 -4 0
-59 -4 0
-14 -9 0
-19 -9 0
-44 -9 0
-49 -9 0
-54 -9 0
-59 -9 0
-19 -14 0
-14 -49 0
-14 -54 0
-14 -59 0
-19 -49 0
-19 -54 0
-19 -59 0
-49 -44 0
-49 -54 0
-59 -49 0
-59 -54 0
-10 -5 0
-15 -5 0
-5 -20 0
-5 -50 0
-5 -55 0
-5 -60 0
-15 -10 0
-10 -20 0
-10 -50 0
-10 -55 0
-10 -60 0
-15 -20 0
-15 -50 0
-15 -55 0
-15 -60 0
-50 -20 0
-55 -20 0
-20 -60 0
-45 -60 0
-55 -50 0
-50 -60 0
-55 -60 0
