p cnf 72 280
5 4 2 1 3 6 0
11 10 8 9 7 12 0
14 16 13 15 17 18 0
22 21 19 20 23 24 0
29 28 30 25 26 27 0
32 34 35 31 33 36 0
47 46 43 48 44 45 0
53 52 49 54 50 51 0
59 58 56 55 57 60 0
63 61 64 65 66 62 0
69 72 68 70 71 67 0
-7 -1 0
-13 -1 0
-19 -1 0
-25 -1 0
-43 -1 0
-1 -49 0
-1 -55 0
-1 -61 0
-67 -1 0
-13 -7 0
-7 -19 0
-25 -7 0
-43 -7 0
-7 -49 0
-7 -55 0
-7 -61 0
-67 -7 0
-19 -13 0
-25 -13 0
-43 -13 0
-13 -49 0
-13 -55 0
-13 -61 0
-67 -13 0
-25 -19 0
-31 -19 0
-43 -19 0
-19 -49 0
-19 -55 0
-19 -61 0
-19 -67 0
-25 -49 0
-25 -61 0
-25 -67 0
-43 -49 0
-43 -55 0
-43 -61 0
-67 -43 0
-49 -55 0
-49 -61 0
-67 -49 0
-55 -61 0
-67 -55 0
-67 -61 0
-8 -2 0
-2 -14 0
-20 -2 0
-26 -2 0
-32 -2 0
-44 -2 0
-50 -2 0
-2 -56 0
-2 -62 0
-68 -2 0
-8 -14 0
-20 -8 0
-26 -8 0
-44 -8 0
-50 -8 0
-8 -56 0
-62 -8 0
-68 -8 0
-20 -14 0
-26 -14 0
-44 -14 0
-50 -14 0
-56 -14 0
-62 -14 0
-68 -14 0
-26 -20 0
-44 -20 0
-20 -50 0
-20 -56 0
-20 -62 0
-20 -68 0
-26 -50 0
-26 -56 0
-26 -62 0
-44 -50 0
-44 -56 0
-44 -62 0
-44 -68 0
-50 -56 0
-62 -50 0
-68 -50 0
-62 -56 0
-68 -56 0
-68 -62 0
-9 -3 0
-15 -3 0
-3 -21 0
-3 -27 0
-45 -3 0
-51 -3 0
-57 -3 0
-63 -3 0
-69 -3 0
-15 -9 0
-9 -21 0
-9 -27 0
-45 -9 0
-51 -9 0
-57 -9 0
-63 -9 0
-69 -9 0
-15 -21 0
-27 -15 0
-45 -15 0
-15 -51 0
-15 -57 0
-15 -63 0
-69 -15 0
-27 -21 0
-45 -21 0
-51 -21 0
-57 -21 0
-63 -21 0
-69 -21 0
-27 -45 0
-27 -51 0
-27 -57 0
-27 -63 0
-27 -69 0
-33 -69 0
-45 -51 0
-45 -57 0
-45 -63 0
-69 -45 0
-57 -51 0
-51 -63 0
-69 -51 0
-57 -63 0
-69 -57 0
-69 -63 0
-4 -10 0
-16 -4 0
-22 -4 0
-28 -4 0
-46 -4 0
-52 -4 0
-58 -4 0
-64 -4 0
-70 -4 0
-16 -10 0
-22 -10 0
-28 -10 0
-46 -10 0
-52 -10 0
-58 -10 0
-64 -10 0
-70 -10 0
-16 -22 0
-28 -16 0
-46 -16 0
-16 -52 0
-16 -58 0
-64 -16 0
-70 -16 0
-28 -22 0
-46 -22 0
-52 -22 0
-58 -22 0
-64 -22 0
-70 -22 0
-34 -28 0
-28 -46 0
-28 -52 0
-28 -58 0
-28 -64 0
-28 -70 0
-46 -52 0
-46 -58 0
-46 -64 0
-70 -46 0
-58 -52 0
-64 -52 0
-70 -52 0
-64 -58 0
-70 -58 0
-70 -64 0
-5 -11 0
-17 -5 0
-23 -5 0
-29 -5 0
-47 -5 0
-53 -5 0
-59 -5 0
-65 -5 0
-71 -5 0
-17 -11 0
-23 -11 0
-29 -11 0
-35 -11 0
-47 -11 0
-53 -11 0
-59 -11 0
-65 -11 0
-71 -11 0
-17 -23 0
-29 -17 0
-47 -17 0
-17 -53 0
-17 -59 0
-17 -65 0
-71 -17 0
-29 -23 0
-47 -23 0
-53 -23 0
-59 -23 0
-65 -23 0
-71 -23 0
-29 -59 0
-29 -65 0
-29 -71 0
-47 -53 0
-47 -59 0
-47 -65 0
-71 -47 0
-53 -59 0
-65 -53 0
-71 -53 0
-65 -59 0
-71 -59 0
-71 -65 0
-12 -6 0
-18 -6 0
-6 -24 0
-6 -30 0
-6 -48 0
-6 -54 0
-60 -6 0
-66 -6 0
-6 -72 0
-12 -18 0
-12 -24 0
-12 -30 0
-12 -48 0
-12 -54 0
-12 -60 0
-12 -66 0
-12 -72 0
-24 -18 0
-30 -18 0
-36 -18 0
-18 -48 0
-54 -18 0
-60 -18 0
-66 -18 0
-18 -72 0
-30 -24 0
-24 -48 0
-54 -24 0
-24 -60 0
-24 -66 0
-24 -72 0
-30 -48 0
-30 -60 0
-30 -66 0
-30 -72 0
-54 -48 0
-60 -48 0
-66 -48 0
-48 -72 0
-60 -54 0
-66 -54 0
-54 -72 0
-60 -66 0
-60 -72 0
-66 -72 0
