p cnf 84 473
3 2 6 1 5 7 4 0
12 10 8 11 9 14 13 0
20 16 17 15 18 19 21 0
27 23 24 22 28 25 26 0
34 30 31 33 29 35 32 0
41 37 42 38 40 36 39 0
48 44 45 47 43 49 46 0
51 53 50 54 56 55 52 0
60 57 59 58 62 61 63 0
69 65 64 67 66 70 68 0
76 72 71 73 75 77 74 0
79 84 83 81 82 80 78 0
-8 -1 0
-1 -15 0
-22 -1 0
-29 -1 0
-36 -1 0
-43 -1 0
-50 -1 0
-1 -57 0
-1 -64 0
-1 -71 0
-78 -1 0
-8 -15 0
-8 -22 0
-8 -29 0
-36 -8 0
-43 -8 0
-8 -50 0
-8 -57 0
-8 -64 0
-8 -71 0
-78 -8 0
-22 -15 0
-29 -15 0
-36 -15 0
-43 -15 0
-50 -15 0
-15 -57 0
-15 -64 0
-71 -15 0
-78 -15 0
-29 -22 0
-36 -22 0
-43 -22 0
-50 -22 0
-22 -57 0
-64 -22 0
-71 -22 0
-78 -22 0
-36 -29 0
-43 -29 0
-50 -29 0
-29 -57 0
-29 -64 0
-29 -71 0
-78 -29 0
-36 -43 0
-36 -50 0
-36 -57 0
-36 -64 0
-36 -71 0
-36 -78 0
-43 -50 0
-43 -57 0
-43 -64 0
-43 -71 0
-78 -43 0
-50 -57 0
-50 -64 0
-50 -71 0
-78 -50 0
-64 -57 0
-71 -57 0
-78 -57 0
-71 -64 0
-78 -64 0
-78 -71 0
-9 -2 0
-2 -16 0
-2 -23 0
-30 -2 0
-37 -2 0
-44 -2 0
-2 -51 0
-2 -58 0
-2 -65 0
-2 -72 0
-79 -2 0
-9 -16 0
-9 -23 0
-30 -9 0
-37 -9 0
-44 -9 0
-9 -51 0
-9 -58 0
-9 -65 0
-9 -72 0
-79 -9 0
-16 -23 0
-30 -16 0
-37 -16 0
-44 -16 0
-16 -51 0
-16 -58 0
-16 -65 0
-16 -72 0
-79 -16 0
-30 -23 0
-37 -23 0
-44 -23 0
-23 -51 0
-23 -58 0
-23 -65 0
-23 -72 0
-79 -23 0
-37 -30 0
-44 -30 0
-30 -51 0
-30 -58 0
-30 -65 0
-30 -72 0
-79 -30 0
-44 -37 0
-37 -51 0
-37 -58 0
-37 -65 0
-37 -72 0
-79 -37 0
-44 -51 0
-44 -58 0
-44 -65 0
-44 -72 0
-44 -79 0
-58 -51 0
-51 -65 0
-72 -51 0
-79 -51 0
-58 -65 0
-72 -58 0
-79 -58 0
-72 -65 0
-79 -65 0
-79 -72 0
-10 -3 0
-17 -3 0
-24 -3 0
-31 -3 0
-38 -3 0
-45 -3 0
-52 -3 0
-59 -3 0
-66 -3 0
-73 -3 0
-80 -3 0
-10 -17 0
-10 -24 0
-10 -31 0
-38 -10 0
-45 -10 0
-10 -52 0
-10 -59 0
-10 -66 0
-10 -73 0
-80 -10 0
-17 -24 0
-31 -17 0
-38 -17 0
-45 -17 0
-52 -17 0
-59 -17 0
-66 -17 0
-17 -73 0
-80 -17 0
-31 -24 0
-38 -24 0
-45 -24 0
-52 -24 0
-59 -24 0
-66 -24 0
-73 -24 0
-80 -24 0
-38 -31 0
-31 -45 0
-31 -52 0
-31 -59 0
-31 -66 0
-31 -73 0
-80 -31 0
-38 -45 0
-38 -52 0
-38 -59 0
-38 -66 0
-38 -73 0
-80 -38 0
-45 -52 0
-45 -59 0
-45 -66 0
-45 -73 0
-80 -45 0
-52 -59 0
-52 -66 0
-52 -73 0
-80 -52 0
-59 -66 0
-59 -73 0
-80 -59 0
-66 -73 0
-80 -66 0
-80 -73 0
-11 -4 0
-4 -18 0
-4 -25 0
-32 -4 0
-39 -4 0
-46 -4 0
-4 -53 0
-4 -60 0
-4 -67 0
-4 -74 0
-81 -4 0
-11 -18 0
-11 -25 0
-32 -11 0
-39 -11 0
-46 -11 0
-11 -53 0
-11 -60 0
-11 -67 0
-11 -74 0
-81 -11 0
-25 -18 0
-32 -18 0
-39 -18 0
-46 -18 0
-18 -53 0
-60 -18 0
-18 -67 0
-18 -74 0
-81 -18 0
-32 -25 0
-39 -25 0
-46 -25 0
-25 -53 0
-60 -25 0
-25 -67 0
-25 -74 0
-81 -25 0
-39 -32 0
-32 -46 0
-32 -53 0
-32 -60 0
-32 -67 0
-32 -74 0
-81 -32 0
-39 -46 0
-39 -53 0
-39 -60 0
-39 -67 0
-39 -74 0
-39 -81 0
-46 -53 0
-46 -60 0
-46 -67 0
-46 -74 0
-81 -46 0
-60 -53 0
-67 -53 0
-74 -53 0
-81 -53 0
-60 -67 0
-60 -74 0
-81 -60 0
-74 -67 0
-81 -67 0
-81 -74 0
-5 -12 0
-5 -19 0
-5 -26 0
-33 -5 0
-40 -5 0
-5 -47 0
-5 -54 0
-5 -61 0
-5 -68 0
-75 -5 0
-82 -5 0
-19 -12 0
-26 -12 0
-33 -12 0
-40 -12 0
-47 -12 0
-54 -12 0
-61 -12 0
-68 -12 0
-75 -12 0
-82 -12 0
-26 -19 0
-33 -19 0
-40 -19 0
-19 -47 0
-19 -54 0
-19 -61 0
-19 -68 0
-75 -19 0
-82 -19 0
-33 -26 0
-40 -26 0
-26 -47 0
-26 -54 0
-26 -61 0
-26 -68 0
-26 -75 0
-82 -26 0
-40 -33 0
-33 -47 0
-33 -54 0
-33 -61 0
-33 -68 0
-33 -75 0
-82 -33 0
-40 -54 0
-40 -61 0
-40 -68 0
-40 -75 0
-40 -82 0
-54 -47 0
-47 -61 0
-68 -47 0
-75 -47 0
-82 -47 0
-54 -61 0
-68 -54 0
-75 -54 0
-82 -54 0
-68 -61 0
-75 -61 0
-82 -61 0
-75 -68 0
-82 -68 0
-82 -75 0
-13 -6 0
-6 -20 0
-6 -27 0
-34 -6 0
-41 -6 0
-48 -6 0
-6 -55 0
-6 -62 0
-6 -69 0
-6 -76 0
-83 -6 0
-13 -20 0
-13 -27 0
-34 -13 0
-41 -13 0
-48 -13 0
-13 -55 0
-13 -62 0
-13 -69 0
-13 -76 0
-83 -13 0
-27 -20 0
-34 -20 0
-41 -20 0
-48 -20 0
-20 -55 0
-62 -20 0
-20 -69 0
-20 -76 0
-83 -20 0
-34 -27 0
-41 -27 0
-48 -27 0
-27 -55 0
-27 -62 0
-27 -69 0
-27 -76 0
-83 -27 0
-41 -34 0
-34 -48 0
-34 -55 0
-34 -62 0
-34 -69 0
-34 -76 0
-83 -34 0
-41 -48 0
-41 -55 0
-41 -62 0
-41 -69 0
-41 -76 0
-41 -83 0
-48 -55 0
-48 -62 0
-48 -69 0
-48 -76 0
-83 -48 0
-62 -55 0
-55 -69 0
-76 -55 0
-83 -55 0
-62 -69 0
-62 -76 0
-83 -62 0
-76 -69 0
-83 -69 0
-83 -76 0
-7 -14 0
-7 -21 0
-7 -28 0
-7 -35 0
-42 -7 0
-49 -7 0
-56 -7 0
-7 -63 0
-7 -70 0
-7 -77 0
-7 -84 0
-14 -21 0
-14 -28 0
-14 -35 0
-42 -14 0
-49 -14 0
-56 -14 0
-14 -63 0
-14 -70 0
-14 -77 0
-14 -84 0
-21 -28 0
-21 -35 0
-42 -21 0
-49 -21 0
-56 -21 0
-21 -63 0
-21 -70 0
-77 -21 0
-21 -84 0
-35 -28 0
-42 -28 0
-49 -28 0
-56 -28 0
-28 -63 0
-70 -28 0
-77 -28 0
-28 -84 0
-42 -35 0
-49 -35 0
-56 -35 0
-35 -63 0
-35 -70 0
-77 -35 0
-35 -84 0
-49 -42 0
-56 -42 0
-42 -63 0
-42 -70 0
-42 -77 0
-42 -84 0
-49 -56 0
-49 -63 0
-49 -70 0
-49 -77 0
-49 -84 0
-56 -63 0
-56 -70 0
-56 -77 0
-56 -84 0
-70 -63 0
-77 -63 0
-63 -84 0
-77 -70 0
-70 -84 0
-77 -84 0
