p cnf 52 63
3 1 4 2 0
5 7 6 8 0
11 9 12 10 0
43 41 44 42 0
45 46 48 47 0
49 52 51 50 0
-9 -1 0
-41 -1 0
-45 -1 0
-49 -1 0
-9 -5 0
-5 -41 0
-5 -45 0
-49 -5 0
-9 -41 0
-9 -45 0
-9 -49 0
-41 -45 0
-49 -41 0
-49 -45 0
-2 -6 0
-42 -2 0
-2 -46 0
-50 -2 0
-10 -6 0
-6 -42 0
-6 -46 0
-50 -6 0
-10 -42 0
-10 -46 0
-50 -10 0
-42 -46 0
-50 -42 0
-50 -46 0
-7 -3 0
-3 -11 0
-47 -3 0
-51 -3 0
-7 -11 0
-43 -7 0
-7 -47 0
-7 -51 0
-43 -11 0
-11 -47 0
-11 -51 0
-43 -47 0
-43 -51 0
-51 -47 0
-8 -4 0
-4 -12 0
-44 -4 0
-48 -4 0
-4 -52 0
-8 -12 0
-44 -8 0
-48 -8 0
-8 -52 0
-44 -12 0
-48 -12 0
-12 -52 0
-48 -44 0
-44 -52 0
-48 -52 0
