p cnf 65 125
4 1 2 5 3 0
9 8 7 10 6 0
13 14 15 12 11 0
18 19 20 17 16 0
49 48 47 50 46 0
52 54 55 51 53 0
58 59 57 60 56 0
61 65 64 63 62 0
-6 -1 0
-11 -1 0
-16 -1 0
-46 -1 0
-51 -1 0
-56 -1 0
-61 -1 0
-11 -6 0
-16 -6 0
-6 -46 0
-51 -6 0
-56 -6 0
-61 -6 0
-16 -11 0
-11 -51 0
-11 -56 0
-61 -11 0
-16 -51 0
-16 -56 0
-16 -61 0
-51 -46 0
-56 -46 0
-56 -51 0
-61 -51 0
-61 -56 0
-2 -7 0
-2 -12 0
-17 -2 0
-2 -47 0
-2 -52 0
-57 -2 0
-62 -2 0
-12 -7 0
-17 -7 0
-47 -7 0
-7 -52 0
-57 -7 0
-62 -7 0
-17 -12 0
-12 -52 0
-12 -57 0
-62 -12 0
-17 -52 0
-17 -57 0
-17 -62 0
-47 -52 0
-57 -52 0
-62 -52 0
-62 -57 0
-3 -8 0
-3 -13 0
-18 -3 0
-53 -3 0
-58 -3 0
-63 -3 0
-13 -8 0
-18 -8 0
-8 -48 0
-53 -8 0
-58 -8 0
-63 -8 0
-18 -13 0
-13 -53 0
-13 -58 0
-13 -63 0
-58 -18 0
-63 -18 0
-53 -48 0
-58 -53 0
-63 -53 0
-58 -63 0
-4 -9 0
-14 -4 0
-19 -4 0
-4 -49 0
-54 -4 0
-59 -4 0
-64 -4 0
-14 -9 0
-19 -9 0
-49 -9 0
-54 -9 0
-59 -9 0
-64 -9 0
-19 -14 0
-14 -54 0
-14 -59 0
-14 -64 0
-19 -54 0
-19 -59 0
-19 -64 0
-54 -49 0
-54 -59 0
-64 -54 0
-64 -59 0
-10 -5 0
-15 -5 0
-5 -20 0
-5 -55 0
-5 -60 0
-5 -65 0
-15 -10 0
-10 -20 0
-10 -55 0
-10 -60 0
-10 -65 0
-15 -20 0
-15 -55 0
-15 -60 0
-15 -65 0
-55 -20 0
-60 -20 0
-20 -65 0
-50 -65 0
-60 -55 0
-55 -65 0
-60 -65 0
