p cnf 78 280
5 4 2 1 3 6 0
11 10 8 9 7 12 0
14 16 13 15 17 18 0
22 21 19 20 23 24 0
29 28 30 25 26 27 0
32 34 35 31 33 36 0
53 52 49 54 50 51 0
59 58 55 60 56 57 0
65 64 62 61 63 66 0
69 67 70 71 72 68 0
75 78 74 76 77 73 0
-7 -1 0
-13 -1 0
-19 -1 0
-25 -1 0
-49 -1 0
-1 -55 0
-1 -61 0
-1 -67 0
-73 -1 0
-13 -7 0
-7 -19 0
-25 -7 0
-49 -7 0
-7 -55 0
-7 -61 0
-7 -67 0
-73 -7 0
-19 -13 0
-25 -13 0
-49 -13 0
-13 -55 0
-13 -61 0
-13 -67 0
-73 -13 0
-25 -19 0
-31 -19 0
-49 -19 0
-19 -55 0
-19 -61 0
-19 -67 0
-19 -73 0
-25 -55 0
-25 -67 0
-25 -73 0
-49 -55 0
-49 -61 0
-49 -67 0
-73 -49 0
-55 -61 0
-55 -67 0
-73 -55 0
-61 -67 0
-73 -61 0
-73 -67 0
-8 -2 0
-2 -14 0
-20 -2 0
-26 -2 0
-32 -2 0
-50 -2 0
-56 -2 0
-2 -62 0
-2 -68 0
-74 -2 0
-8 -14 0
-20 -8 0
-26 -8 0
-50 -8 0
-56 -8 0
-8 -62 0
-68 -8 0
-74 -8 0
-20 -14 0
-26 -14 0
-50 -14 0
-56 -14 0
-62 -14 0
-68 -14 0
-74 -14 0
-26 -20 0
-50 -20 0
-20 -56 0
-20 -62 0
-20 -68 0
-20 -74 0
-26 -56 0
-26 -62 0
-26 -68 0
-50 -56 0
-50 -62 0
-50 -68 0
-50 -74 0
-56 -62 0
-68 -56 0
-74 -56 0
-68 -62 0
-74 -62 0
-74 -68 0
-9 -3 0
-15 -3 0
-3 -21 0
-3 -27 0
-51 -3 0
-57 -3 0
-63 -3 0
-69 -3 0
-75 -3 0
-15 -9 0
-9 -21 0
-9 -27 0
-51 -9 0
-57 -9 0
-63 -9 0
-69 -9 0
-75 -9 0
-15 -21 0
-27 -15 0
-51 -15 0
-15 -57 0
-15 -63 0
-15 -69 0
-75 -15 0
-27 -21 0
-51 -21 0
-57 -21 0
-63 -21 0
-69 -21 0
-75 -21 0
-27 -51 0
-27 -57 0
-27 -63 0
-27 -69 0
-27 -75 0
-33 -75 0
-51 -57 0
-51 -63 0
-51 -69 0
-75 -51 0
-63 -57 0
-57 -69 0
-75 -57 0
-63 -69 0
-75 -63 0
-75 -69 0
-4 -10 0
-16 -4 0
-22 -4 0
-28 -4 0
-52 -4 0
-58 -4 0
-64 -4 0
-70 -4 0
-76 -4 0
-16 -10 0
-22 -10 0
-28 -10 0
-52 -10 0
-58 -10 0
-64 -10 0
-70 -10 0
-76 -10 0
-16 -22 0
-28 -16 0
-52 -16 0
-16 -58 0
-16 -64 0
-70 -16 0
-76 -16 0
-28 -22 0
-52 -22 0
-58 -22 0
-64 -22 0
-70 -22 0
-76 -22 0
-34 -28 0
-28 -52 0
-28 -58 0
-28 -64 0
-28 -70 0
-28 -76 0
-52 -58 0
-52 -64 0
-52 -70 0
-76 -52 0
-64 -58 0
-70 -58 0
-76 -58 0
-70 -64 0
-76 -64 0
-76 -70 0
-5 -11 0
-17 -5 0
-23 -5 0
-29 -5 0
-53 -5 0
-59 -5 0
-65 -5 0
-71 -5 0
-77 -5 0
-17 -11 0
-23 -11 0
-29 -11 0
-35 -11 0
-53 -11 0
-59 -11 0
-65 -11 0
-71 -11 0
-77 -11 0
-17 -23 0
-29 -17 0
-53 -17 0
-17 -59 0
-17 -65 0
-17 -71 0
-77 -17 0
-29 -23 0
-53 -23 0
-59 -23 0
-65 -23 0
-71 -23 0
-77 -23 0
-29 -65 0
-29 -71 0
-29 -77 0
-53 -59 0
-53 -65 0
-53 -71 0
-77 -53 0
-59 -65 0
-71 -59 0
-77 -59 0
-71 -65 0
-77 -65 0
-77 -71 0
-12 -6 0
-18 -6 0
-6 -24 0
-6 -30 0
-6 -54 0
-6 -60 0
-66 -6 0
-72 -6 0
-6 -78 0
-12 -18 0
-12 -24 0
-12 -30 0
-12 -54 0
-12 -60 0
-12 -66 0
-12 -72 0
-12 -78 0
-24 -18 0
-30 -18 0
-36 -18 0
-18 -54 0
-60 -18 0
-66 -18 0
-72 -18 0
-18 -78 0
-30 -24 0
-24 -54 0
-60 -24 0
-24 -66 0
-24 -72 0
-24 -78 0
-30 -54 0
-30 -66 0
-30 -72 0
-30 -78 0
-60 -54 0
-66 -54 0
-72 -54 0
-54 -78 0
-66 -60 0
-72 -60 0
-60 -78 0
-66 -72 0
-66 -78 0
-72 -78 0
