p cnf 91 506
3 2 6 1 5 7 4 0
12 10 8 11 9 14 13 0
20 16 17 15 18 21 19 0
27 23 24 22 28 25 26 0
34 30 31 33 29 35 32 0
41 39 42 38 40 36 37 0
43 46 45 49 44 48 47 0
55 51 56 52 54 50 53 0
58 60 57 61 63 62 59 0
67 64 66 65 69 68 70 0
76 72 71 74 73 77 75 0
83 79 78 80 82 84 81 0
86 91 90 89 88 87 85 0
-8 -1 0
-1 -15 0
-22 -1 0
-29 -1 0
-36 -1 0
-50 -1 0
-57 -1 0
-1 -64 0
-1 -71 0
-1 -78 0
-85 -1 0
-8 -15 0
-8 -22 0
-8 -29 0
-36 -8 0
-43 -8 0
-50 -8 0
-8 -57 0
-8 -64 0
-8 -71 0
-8 -78 0
-85 -8 0
-22 -15 0
-29 -15 0
-36 -15 0
-50 -15 0
-57 -15 0
-15 -64 0
-15 -71 0
-15 -78 0
-85 -15 0
-29 -22 0
-36 -22 0
-43 -22 0
-50 -22 0
-57 -22 0
-22 -64 0
-22 -71 0
-22 -78 0
-85 -22 0
-36 -29 0
-29 -50 0
-29 -57 0
-29 -64 0
-29 -71 0
-29 -78 0
-85 -29 0
-36 -57 0
-36 -64 0
-36 -71 0
-36 -78 0
-85 -36 0
-43 -71 0
-43 -78 0
-50 -57 0
-50 -64 0
-50 -71 0
-50 -78 0
-85 -50 0
-57 -64 0
-57 -71 0
-57 -78 0
-85 -57 0
-71 -64 0
-78 -64 0
-85 -64 0
-78 -71 0
-85 -71 0
-85 -78 0
-9 -2 0
-2 -16 0
-2 -23 0
-2 -30 0
-37 -2 0
-44 -2 0
-51 -2 0
-2 -58 0
-2 -65 0
-2 -72 0
-2 -79 0
-86 -2 0
-9 -16 0
-9 -23 0
-30 -9 0
-37 -9 0
-44 -9 0
-51 -9 0
-9 -58 0
-9 -65 0
-9 -72 0
-9 -79 0
-86 -9 0
-16 -23 0
-30 -16 0
-37 -16 0
-44 -16 0
-51 -16 0
-16 -58 0
-16 -65 0
-16 -72 0
-79 -16 0
-86 -16 0
-30 -23 0
-37 -23 0
-44 -23 0
-51 -23 0
-23 -58 0
-23 -65 0
-23 -72 0
-79 -23 0
-86 -23 0
-37 -30 0
-51 -30 0
-30 -58 0
-30 -65 0
-30 -72 0
-79 -30 0
-86 -30 0
-37 -65 0
-37 -72 0
-37 -79 0
-37 -86 0
-44 -58 0
-44 -72 0
-44 -79 0
-51 -58 0
-51 -65 0
-51 -72 0
-51 -79 0
-51 -86 0
-65 -58 0
-58 -72 0
-79 -58 0
-86 -58 0
-65 -72 0
-79 -65 0
-86 -65 0
-79 -72 0
-86 -72 0
-86 -79 0
-10 -3 0
-17 -3 0
-24 -3 0
-31 -3 0
-38 -3 0
-45 -3 0
-52 -3 0
-59 -3 0
-66 -3 0
-73 -3 0
-80 -3 0
-87 -3 0
-10 -17 0
-10 -24 0
-10 -31 0
-38 -10 0
-45 -10 0
-52 -10 0
-10 -59 0
-10 -66 0
-10 -73 0
-10 -80 0
-87 -10 0
-17 -24 0
-31 -17 0
-38 -17 0
-45 -17 0
-52 -17 0
-59 -17 0
-66 -17 0
-73 -17 0
-17 -80 0
-87 -17 0
-31 -24 0
-38 -24 0
-45 -24 0
-52 -24 0
-59 -24 0
-66 -24 0
-73 -24 0
-80 -24 0
-87 -24 0
-38 -31 0
-31 -52 0
-31 -59 0
-31 -66 0
-31 -73 0
-31 -80 0
-87 -31 0
-38 -66 0
-38 -73 0
-38 -80 0
-87 -38 0
-45 -59 0
-45 -73 0
-45 -80 0
-52 -59 0
-52 -66 0
-52 -73 0
-52 -80 0
-87 -52 0
-59 -66 0
-59 -73 0
-59 -80 0
-87 -59 0
-66 -73 0
-66 -80 0
-87 -66 0
-73 -80 0
-87 -73 0
-87 -80 0
-11 -4 0
-4 -18 0
-4 -25 0
-32 -4 0
-39 -4 0
-46 -4 0
-53 -4 0
-4 -60 0
-4 -67 0
-4 -74 0
-4 -81 0
-88 -4 0
-11 -18 0
-11 -25 0
-11 -32 0
-39 -11 0
-46 -11 0
-53 -11 0
-11 -60 0
-11 -67 0
-11 -74 0
-11 -81 0
-88 -11 0
-25 -18 0
-32 -18 0
-39 -18 0
-46 -18 0
-53 -18 0
-18 -60 0
-67 -18 0
-18 -74 0
-18 -81 0
-88 -18 0
-32 -25 0
-39 -25 0
-46 -25 0
-53 -25 0
-25 -60 0
-67 -25 0
-25 -74 0
-25 -81 0
-88 -25 0
-39 -32 0
-32 -53 0
-32 -60 0
-32 -67 0
-32 -74 0
-32 -81 0
-88 -32 0
-39 -67 0
-39 -74 0
-39 -81 0
-39 -88 0
-46 -53 0
-46 -67 0
-46 -74 0
-46 -81 0
-53 -60 0
-53 -67 0
-53 -74 0
-53 -81 0
-88 -53 0
-67 -60 0
-74 -60 0
-81 -60 0
-88 -60 0
-67 -74 0
-67 -81 0
-88 -67 0
-81 -74 0
-88 -74 0
-88 -81 0
-5 -12 0
-19 -5 0
-26 -5 0
-33 -5 0
-40 -5 0
-5 -54 0
-5 -61 0
-5 -68 0
-5 -75 0
-82 -5 0
-89 -5 0
-19 -12 0
-26 -12 0
-33 -12 0
-40 -12 0
-54 -12 0
-61 -12 0
-68 -12 0
-75 -12 0
-82 -12 0
-89 -12 0
-26 -19 0
-33 -19 0
-40 -19 0
-19 -54 0
-19 -61 0
-19 -68 0
-19 -75 0
-82 -19 0
-89 -19 0
-33 -26 0
-40 -26 0
-47 -26 0
-26 -54 0
-26 -61 0
-26 -68 0
-26 -75 0
-26 -82 0
-89 -26 0
-40 -33 0
-33 -47 0
-33 -61 0
-33 -68 0
-33 -75 0
-33 -82 0
-89 -33 0
-40 -68 0
-40 -75 0
-40 -82 0
-89 -40 0
-47 -61 0
-89 -47 0
-54 -61 0
-54 -68 0
-75 -54 0
-82 -54 0
-89 -54 0
-61 -68 0
-75 -61 0
-82 -61 0
-89 -61 0
-75 -68 0
-82 -68 0
-89 -68 0
-82 -75 0
-89 -75 0
-89 -82 0
-13 -6 0
-6 -20 0
-6 -27 0
-34 -6 0
-41 -6 0
-48 -6 0
-55 -6 0
-6 -62 0
-6 -69 0
-6 -76 0
-6 -83 0
-90 -6 0
-13 -20 0
-13 -27 0
-34 -13 0
-41 -13 0
-48 -13 0
-55 -13 0
-13 -62 0
-13 -69 0
-13 -76 0
-13 -83 0
-90 -13 0
-27 -20 0
-34 -20 0
-41 -20 0
-48 -20 0
-55 -20 0
-20 -62 0
-69 -20 0
-20 -76 0
-20 -83 0
-90 -20 0
-34 -27 0
-41 -27 0
-48 -27 0
-55 -27 0
-27 -62 0
-27 -69 0
-27 -76 0
-27 -83 0
-90 -27 0
-41 -34 0
-34 -62 0
-34 -69 0
-34 -76 0
-34 -83 0
-90 -34 0
-41 -62 0
-41 -69 0
-41 -76 0
-41 -83 0
-41 -90 0
-48 -55 0
-48 -69 0
-48 -76 0
-48 -90 0
-55 -62 0
-55 -69 0
-55 -76 0
-55 -83 0
-90 -55 0
-69 -62 0
-62 -76 0
-83 -62 0
-90 -62 0
-69 -76 0
-69 -83 0
-90 -69 0
-83 -76 0
-90 -76 0
-90 -83 0
-7 -14 0
-7 -21 0
-7 -28 0
-7 -35 0
-42 -7 0
-49 -7 0
-56 -7 0
-63 -7 0
-7 -70 0
-7 -77 0
-7 -84 0
-7 -91 0
-14 -21 0
-14 -28 0
-14 -35 0
-42 -14 0
-49 -14 0
-56 -14 0
-63 -14 0
-14 -70 0
-14 -77 0
-14 -84 0
-14 -91 0
-21 -28 0
-21 -35 0
-42 -21 0
-56 -21 0
-63 -21 0
-21 -70 0
-21 -77 0
-84 -21 0
-21 -91 0
-35 -28 0
-42 -28 0
-49 -28 0
-56 -28 0
-63 -28 0
-28 -70 0
-77 -28 0
-84 -28 0
-28 -91 0
-42 -35 0
-63 -35 0
-35 -70 0
-35 -77 0
-84 -35 0
-35 -91 0
-63 -42 0
-42 -70 0
-42 -77 0
-42 -84 0
-42 -91 0
-49 -63 0
-49 -77 0
-49 -84 0
-49 -91 0
-56 -63 0
-56 -70 0
-56 -77 0
-56 -84 0
-56 -91 0
-63 -70 0
-63 -77 0
-63 -84 0
-63 -91 0
-77 -70 0
-84 -70 0
-70 -91 0
-84 -77 0
-77 -91 0
-84 -91 0
