p cnf 56 63
3 1 4 2 0
5 7 6 8 0
11 9 12 10 0
47 45 48 46 0
49 50 52 51 0
53 56 55 54 0
-9 -1 0
-45 -1 0
-49 -1 0
-53 -1 0
-9 -5 0
-5 -45 0
-5 -49 0
-53 -5 0
-9 -45 0
-9 -49 0
-9 -53 0
-45 -49 0
-53 -45 0
-53 -49 0
-2 -6 0
-46 -2 0
-2 -50 0
-54 -2 0
-10 -6 0
-6 -46 0
-6 -50 0
-54 -6 0
-10 -46 0
-10 -50 0
-54 -10 0
-46 -50 0
-54 -46 0
-54 -50 0
-7 -3 0
-3 -11 0
-51 -3 0
-55 -3 0
-7 -11 0
-47 -7 0
-7 -51 0
-7 -55 0
-47 -11 0
-11 -51 0
-11 -55 0
-47 -51 0
-47 -55 0
-55 -51 0
-8 -4 0
-4 -12 0
-48 -4 0
-52 -4 0
-4 -56 0
-8 -12 0
-48 -8 0
-52 -8 0
-8 -56 0
-48 -12 0
-52 -12 0
-12 -56 0
-52 -48 0
-48 -56 0
-52 -56 0
