p cnf 70 125
4 1 2 5 3 0
9 8 7 10 6 0
13 14 15 12 11 0
18 19 20 17 16 0
54 53 52 55 51 0
57 59 60 56 58 0
63 64 62 65 61 0
66 70 69 68 67 0
-6 -1 0
-11 -1 0
-16 -1 0
-51 -1 0
-56 -1 0
-61 -1 0
-66 -1 0
-11 -6 0
-16 -6 0
-6 -51 0
-56 -6 0
-61 -6 0
-66 -6 0
-16 -11 0
-11 -56 0
-11 -61 0
-66 -11 0
-16 -56 0
-16 -61 0
-16 -66 0
-56 -51 0
-61 -51 0
-61 -56 0
-66 -56 0
-66 -61 0
-2 -7 0
-2 -12 0
-17 -2 0
-2 -52 0
-2 -57 0
-62 -2 0
-67 -2 0
-12 -7 0
-17 -7 0
-52 -7 0
-7 -57 0
-62 -7 0
-67 -7 0
-17 -12 0
-12 -57 0
-12 -62 0
-67 -12 0
-17 -57 0
-17 -62 0
-17 -67 0
-52 -57 0
-62 -57 0
-67 -57 0
-67 -62 0
-3 -8 0
-3 -13 0
-18 -3 0
-58 -3 0
-63 -3 0
-68 -3 0
-13 -8 0
-18 -8 0
-8 -53 0
-58 -8 0
-63 -8 0
-68 -8 0
-18 -13 0
-13 -58 0
-13 -63 0
-13 -68 0
-63 -18 0
-68 -18 0
-58 -53 0
-63 -58 0
-68 -58 0
-63 -68 0
-4 -9 0
-14 -4 0
-19 -4 0
-4 -54 0
-59 -4 0
-64 -4 0
-69 -4 0
-14 -9 0
-19 -9 0
-54 -9 0
-59 -9 0
-64 -9 0
-69 -9 0
-19 -14 0
-14 -59 0
-14 -64 0
-14 -69 0
-19 -59 0
-19 -64 0
-19 -69 0
-59 -54 0
-59 -64 0
-69 -59 0
-69 -64 0
-10 -5 0
-15 -5 0
-5 -20 0
-5 -60 0
-5 -65 0
-5 -70 0
-15 -10 0
-10 -20 0
-10 -60 0
-10 -65 0
-10 -70 0
-15 -20 0
-15 -60 0
-15 -65 0
-15 -70 0
-60 -20 0
-65 -20 0
-20 -70 0
-55 -70 0
-65 -60 0
-60 -70 0
-65 -70 0
