p cnf 84 281
5 4 2 1 3 6 0
11 10 8 9 7 12 0
14 16 13 15 17 18 0
22 21 19 20 23 24 0
29 28 30 25 26 27 0
32 34 35 31 33 36 0
59 58 55 60 56 57 0
65 64 61 66 62 63 0
71 70 68 67 69 72 0
75 73 76 77 78 74 0
81 84 80 82 83 79 0
-7 -1 0
-13 -1 0
-19 -1 0
-25 -1 0
-55 -1 0
-1 -61 0
-1 -67 0
-1 -73 0
-79 -1 0
-13 -7 0
-7 -19 0
-25 -7 0
-55 -7 0
-7 -61 0
-7 -67 0
-7 -73 0
-79 -7 0
-19 -13 0
-25 -13 0
-55 -13 0
-13 -61 0
-13 -67 0
-13 -73 0
-79 -13 0
-25 -19 0
-31 -19 0
-55 -19 0
-19 -61 0
-19 -67 0
-19 -73 0
-19 -79 0
-25 -61 0
-25 -67 0
-25 -73 0
-25 -79 0
-55 -61 0
-55 -67 0
-55 -73 0
-79 -55 0
-61 -67 0
-61 -73 0
-79 -61 0
-67 -73 0
-79 -67 0
-79 -73 0
-8 -2 0
-2 -14 0
-20 -2 0
-26 -2 0
-32 -2 0
-56 -2 0
-62 -2 0
-2 -68 0
-2 -74 0
-80 -2 0
-8 -14 0
-20 -8 0
-26 -8 0
-56 -8 0
-62 -8 0
-8 -68 0
-74 -8 0
-80 -8 0
-20 -14 0
-26 -14 0
-56 -14 0
-62 -14 0
-68 -14 0
-74 -14 0
-80 -14 0
-26 -20 0
-56 -20 0
-20 -62 0
-20 -68 0
-20 -74 0
-20 -80 0
-26 -62 0
-26 -68 0
-26 -74 0
-56 -62 0
-56 -68 0
-56 -74 0
-56 -80 0
-62 -68 0
-74 -62 0
-80 -62 0
-74 -68 0
-80 -68 0
-80 -74 0
-9 -3 0
-15 -3 0
-3 -21 0
-3 -27 0
-57 -3 0
-63 -3 0
-69 -3 0
-75 -3 0
-81 -3 0
-15 -9 0
-9 -21 0
-9 -27 0
-57 -9 0
-63 -9 0
-69 -9 0
-75 -9 0
-81 -9 0
-15 -21 0
-27 -15 0
-57 -15 0
-15 -63 0
-15 -69 0
-15 -75 0
-81 -15 0
-27 -21 0
-57 -21 0
-63 -21 0
-69 -21 0
-75 -21 0
-81 -21 0
-27 -57 0
-27 -63 0
-27 -69 0
-27 -75 0
-27 -81 0
-33 -81 0
-57 -63 0
-57 -69 0
-57 -75 0
-81 -57 0
-69 -63 0
-63 -75 0
-81 -63 0
-69 -75 0
-81 -69 0
-81 -75 0
-4 -10 0
-16 -4 0
-22 -4 0
-28 -4 0
-58 -4 0
-64 -4 0
-70 -4 0
-76 -4 0
-82 -4 0
-16 -10 0
-22 -10 0
-28 -10 0
-58 -10 0
-64 -10 0
-70 -10 0
-76 -10 0
-82 -10 0
-16 -22 0
-28 -16 0
-58 -16 0
-16 -64 0
-16 -70 0
-76 -16 0
-82 -16 0
-28 -22 0
-58 -22 0
-64 -22 0
-70 -22 0
-76 -22 0
-82 -22 0
-34 -28 0
-28 -58 0
-28 -64 0
-28 -70 0
-28 -76 0
-28 -82 0
-58 -64 0
-58 -70 0
-58 -76 0
-82 -58 0
-70 -64 0
-76 -64 0
-82 -64 0
-76 -70 0
-82 -70 0
-82 -76 0
-5 -11 0
-17 -5 0
-23 -5 0
-29 -5 0
-59 -5 0
-65 -5 0
-71 -5 0
-77 -5 0
-83 -5 0
-17 -11 0
-23 -11 0
-29 -11 0
-35 -11 0
-59 -11 0
-65 -11 0
-71 -11 0
-77 -11 0
-83 -11 0
-17 -23 0
-29 -17 0
-59 -17 0
-17 -65 0
-17 -71 0
-17 -77 0
-83 -17 0
-29 -23 0
-59 -23 0
-65 -23 0
-71 -23 0
-77 -23 0
-83 -23 0
-29 -71 0
-29 -77 0
-29 -83 0
-59 -65 0
-59 -71 0
-59 -77 0
-83 -59 0
-65 -71 0
-77 -65 0
-83 -65 0
-77 -71 0
-83 -71 0
-83 -77 0
-12 -6 0
-18 -6 0
-6 -24 0
-6 -30 0
-6 -60 0
-6 -66 0
-72 -6 0
-78 -6 0
-6 -84 0
-12 -18 0
-12 -24 0
-12 -30 0
-12 -60 0
-12 -66 0
-12 -72 0
-12 -78 0
-12 -84 0
-24 -18 0
-30 -18 0
-36 -18 0
-18 -60 0
-66 -18 0
-72 -18 0
-78 -18 0
-18 -84 0
-30 -24 0
-24 -60 0
-66 -24 0
-24 -72 0
-24 -78 0
-24 -84 0
-30 -60 0
-30 -72 0
-30 -78 0
-30 -84 0
-66 -60 0
-72 -60 0
-78 -60 0
-60 -84 0
-72 -66 0
-78 -66 0
-66 -84 0
-72 -78 0
-72 -84 0
-78 -84 0
