p cnf 98 594
3 2 6 1 5 7 4 0
12 10 8 11 9 14 13 0
20 16 17 15 18 21 19 0
27 23 24 22 28 25 26 0
34 30 31 33 29 35 32 0
41 39 42 38 40 36 37 0
48 46 45 49 47 44 43 0
55 53 56 52 54 50 51 0
62 58 59 61 57 63 60 0
65 67 64 68 70 69 66 0
74 71 73 72 76 75 77 0
83 79 78 81 80 84 82 0
90 86 85 87 89 91 88 0
93 98 97 96 95 94 92 0
-8 -1 0
-1 -15 0
-22 -1 0
-29 -1 0
-36 -1 0
-43 -1 0
-50 -1 0
-57 -1 0
-64 -1 0
-1 -71 0
-1 -78 0
-1 -85 0
-92 -1 0
-8 -15 0
-8 -22 0
-8 -29 0
-36 -8 0
-8 -43 0
-50 -8 0
-57 -8 0
-8 -64 0
-8 -71 0
-8 -78 0
-8 -85 0
-92 -8 0
-15 -22 0
-29 -15 0
-36 -15 0
-43 -15 0
-50 -15 0
-57 -15 0
-64 -15 0
-15 -71 0
-15 -78 0
-85 -15 0
-92 -15 0
-29 -22 0
-36 -22 0
-43 -22 0
-50 -22 0
-57 -22 0
-64 -22 0
-22 -71 0
-22 -78 0
-85 -22 0
-92 -22 0
-36 -29 0
-57 -29 0
-64 -29 0
-29 -71 0
-29 -78 0
-29 -85 0
-92 -29 0
-36 -64 0
-36 -71 0
-36 -78 0
-36 -85 0
-36 -92 0
-50 -43 0
-43 -64 0
-43 -71 0
-43 -78 0
-43 -85 0
-92 -43 0
-50 -57 0
-50 -71 0
-50 -78 0
-50 -85 0
-92 -50 0
-57 -64 0
-57 -71 0
-57 -78 0
-57 -85 0
-92 -57 0
-64 -71 0
-64 -78 0
-64 -85 0
-92 -64 0
-78 -71 0
-85 -71 0
-92 -71 0
-85 -78 0
-92 -78 0
-92 -85 0
-9 -2 0
-2 -16 0
-2 -23 0
-2 -30 0
-37 -2 0
-44 -2 0
-51 -2 0
-58 -2 0
-2 -65 0
-2 -72 0
-2 -79 0
-2 -86 0
-93 -2 0
-9 -16 0
-9 -23 0
-30 -9 0
-37 -9 0
-44 -9 0
-51 -9 0
-58 -9 0
-9 -65 0
-9 -72 0
-9 -79 0
-9 -86 0
-93 -9 0
-23 -16 0
-16 -30 0
-37 -16 0
-44 -16 0
-51 -16 0
-58 -16 0
-16 -65 0
-16 -72 0
-16 -79 0
-16 -86 0
-93 -16 0
-30 -23 0
-37 -23 0
-44 -23 0
-51 -23 0
-58 -23 0
-23 -65 0
-23 -72 0
-23 -79 0
-86 -23 0
-93 -23 0
-37 -30 0
-58 -30 0
-30 -65 0
-30 -72 0
-30 -79 0
-30 -86 0
-93 -30 0
-37 -65 0
-37 -72 0
-37 -79 0
-37 -86 0
-93 -37 0
-44 -58 0
-44 -65 0
-44 -79 0
-44 -86 0
-44 -93 0
-58 -51 0
-51 -72 0
-51 -79 0
-51 -86 0
-51 -93 0
-58 -65 0
-58 -72 0
-58 -79 0
-58 -86 0
-58 -93 0
-72 -65 0
-65 -79 0
-86 -65 0
-93 -65 0
-72 -79 0
-86 -72 0
-93 -72 0
-86 -79 0
-93 -79 0
-93 -86 0
-10 -3 0
-17 -3 0
-24 -3 0
-31 -3 0
-38 -3 0
-45 -3 0
-52 -3 0
-59 -3 0
-66 -3 0
-73 -3 0
-80 -3 0
-87 -3 0
-94 -3 0
-10 -17 0
-10 -24 0
-10 -31 0
-38 -10 0
-45 -10 0
-52 -10 0
-59 -10 0
-10 -66 0
-10 -73 0
-10 -80 0
-10 -87 0
-94 -10 0
-24 -17 0
-31 -17 0
-38 -17 0
-45 -17 0
-52 -17 0
-59 -17 0
-66 -17 0
-73 -17 0
-80 -17 0
-17 -87 0
-94 -17 0
-31 -24 0
-38 -24 0
-45 -24 0
-52 -24 0
-59 -24 0
-66 -24 0
-73 -24 0
-80 -24 0
-87 -24 0
-94 -24 0
-38 -31 0
-52 -31 0
-31 -59 0
-31 -66 0
-31 -73 0
-31 -80 0
-31 -87 0
-94 -31 0
-38 -73 0
-38 -80 0
-38 -87 0
-38 -94 0
-45 -66 0
-45 -73 0
-45 -80 0
-45 -87 0
-45 -94 0
-52 -59 0
-52 -66 0
-52 -73 0
-52 -80 0
-52 -87 0
-52 -94 0
-59 -66 0
-59 -73 0
-59 -80 0
-59 -87 0
-94 -59 0
-66 -73 0
-66 -80 0
-66 -87 0
-94 -66 0
-73 -80 0
-73 -87 0
-94 -73 0
-80 -87 0
-94 -80 0
-94 -87 0
-11 -4 0
-4 -18 0
-4 -25 0
-32 -4 0
-39 -4 0
-4 -46 0
-53 -4 0
-60 -4 0
-4 -67 0
-4 -74 0
-4 -81 0
-4 -88 0
-95 -4 0
-11 -18 0
-11 -25 0
-11 -32 0
-39 -11 0
-11 -46 0
-53 -11 0
-60 -11 0
-11 -67 0
-11 -74 0
-11 -81 0
-11 -88 0
-95 -11 0
-25 -18 0
-32 -18 0
-39 -18 0
-18 -46 0
-60 -18 0
-18 -67 0
-74 -18 0
-18 -81 0
-18 -88 0
-95 -18 0
-32 -25 0
-39 -25 0
-46 -25 0
-53 -25 0
-60 -25 0
-25 -67 0
-74 -25 0
-25 -81 0
-25 -88 0
-95 -25 0
-39 -32 0
-32 -60 0
-32 -67 0
-32 -74 0
-32 -81 0
-32 -88 0
-95 -32 0
-39 -74 0
-39 -81 0
-39 -88 0
-39 -95 0
-46 -74 0
-46 -81 0
-46 -88 0
-46 -95 0
-53 -60 0
-53 -74 0
-53 -81 0
-53 -88 0
-60 -67 0
-60 -74 0
-60 -81 0
-60 -88 0
-95 -60 0
-74 -67 0
-81 -67 0
-88 -67 0
-95 -67 0
-74 -81 0
-74 -88 0
-95 -74 0
-88 -81 0
-95 -81 0
-95 -88 0
-5 -12 0
-19 -5 0
-26 -5 0
-33 -5 0
-40 -5 0
-47 -5 0
-54 -5 0
-5 -61 0
-5 -68 0
-5 -75 0
-5 -82 0
-89 -5 0
-96 -5 0
-19 -12 0
-26 -12 0
-33 -12 0
-40 -12 0
-47 -12 0
-54 -12 0
-61 -12 0
-68 -12 0
-75 -12 0
-82 -12 0
-89 -12 0
-96 -12 0
-26 -19 0
-33 -19 0
-40 -19 0
-47 -19 0
-54 -19 0
-19 -61 0
-19 -68 0
-19 -75 0
-19 -82 0
-89 -19 0
-96 -19 0
-33 -26 0
-40 -26 0
-47 -26 0
-26 -61 0
-26 -68 0
-26 -75 0
-26 -82 0
-26 -89 0
-96 -26 0
-40 -33 0
-47 -33 0
-33 -61 0
-33 -68 0
-33 -75 0
-33 -82 0
-33 -89 0
-96 -33 0
-40 -68 0
-40 -75 0
-40 -82 0
-40 -89 0
-40 -96 0
-54 -47 0
-47 -68 0
-47 -89 0
-54 -61 0
-54 -68 0
-54 -75 0
-54 -82 0
-54 -89 0
-54 -96 0
-61 -68 0
-61 -75 0
-82 -61 0
-89 -61 0
-96 -61 0
-68 -75 0
-82 -68 0
-89 -68 0
-96 -68 0
-82 -75 0
-89 -75 0
-96 -75 0
-89 -82 0
-96 -82 0
-96 -89 0
-13 -6 0
-6 -20 0
-6 -27 0
-34 -6 0
-41 -6 0
-48 -6 0
-55 -6 0
-62 -6 0
-6 -69 0
-6 -76 0
-6 -83 0
-6 -90 0
-97 -6 0
-13 -20 0
-13 -27 0
-34 -13 0
-41 -13 0
-48 -13 0
-55 -13 0
-62 -13 0
-13 -69 0
-13 -76 0
-13 -83 0
-13 -90 0
-97 -13 0
-27 -20 0
-34 -20 0
-41 -20 0
-48 -20 0
-55 -20 0
-62 -20 0
-20 -69 0
-76 -20 0
-20 -83 0
-20 -90 0
-97 -20 0
-34 -27 0
-41 -27 0
-48 -27 0
-55 -27 0
-62 -27 0
-27 -69 0
-27 -76 0
-27 -83 0
-27 -90 0
-97 -27 0
-41 -34 0
-55 -34 0
-34 -62 0
-34 -69 0
-34 -76 0
-34 -83 0
-34 -90 0
-97 -34 0
-41 -69 0
-41 -76 0
-41 -83 0
-41 -90 0
-41 -97 0
-48 -69 0
-48 -76 0
-48 -90 0
-48 -97 0
-55 -62 0
-55 -69 0
-55 -76 0
-55 -83 0
-55 -90 0
-55 -97 0
-62 -69 0
-62 -76 0
-62 -83 0
-62 -90 0
-97 -62 0
-76 -69 0
-69 -83 0
-90 -69 0
-97 -69 0
-76 -83 0
-76 -90 0
-97 -76 0
-90 -83 0
-97 -83 0
-97 -90 0
-7 -14 0
-7 -21 0
-7 -28 0
-7 -35 0
-7 -42 0
-7 -49 0
-56 -7 0
-63 -7 0
-70 -7 0
-7 -77 0
-7 -84 0
-7 -91 0
-7 -98 0
-14 -21 0
-14 -28 0
-14 -35 0
-42 -14 0
-49 -14 0
-56 -14 0
-63 -14 0
-70 -14 0
-14 -77 0
-14 -84 0
-14 -91 0
-14 -98 0
-21 -28 0
-21 -35 0
-42 -21 0
-49 -21 0
-56 -21 0
-63 -21 0
-70 -21 0
-21 -77 0
-21 -84 0
-91 -21 0
-21 -98 0
-35 -28 0
-42 -28 0
-49 -28 0
-56 -28 0
-63 -28 0
-70 -28 0
-28 -77 0
-84 -28 0
-91 -28 0
-28 -98 0
-42 -35 0
-49 -35 0
-63 -35 0
-70 -35 0
-35 -77 0
-35 -84 0
-91 -35 0
-35 -98 0
-42 -77 0
-42 -84 0
-42 -91 0
-42 -98 0
-63 -49 0
-49 -70 0
-49 -77 0
-49 -84 0
-49 -91 0
-49 -98 0
-56 -70 0
-56 -77 0
-56 -84 0
-56 -91 0
-56 -98 0
-63 -70 0
-63 -77 0
-63 -84 0
-63 -91 0
-63 -98 0
-70 -77 0
-84 -70 0
-91 -70 0
-70 -98 0
-84 -77 0
-91 -77 0
-77 -98 0
-91 -84 0
-84 -98 0
-91 -98 0
