p cnf 60 63
3 1 4 2 0
5 7 6 8 0
11 9 12 10 0
51 49 52 50 0
53 54 56 55 0
57 60 59 58 0
-9 -1 0
-49 -1 0
-53 -1 0
-57 -1 0
-9 -5 0
-5 -49 0
-5 -53 0
-57 -5 0
-9 -49 0
-9 -53 0
-9 -57 0
-49 -53 0
-57 -49 0
-57 -53 0
-2 -6 0
-50 -2 0
-2 -54 0
-58 -2 0
-10 -6 0
-6 -50 0
-6 -54 0
-58 -6 0
-10 -50 0
-10 -54 0
-58 -10 0
-50 -54 0
-58 -50 0
-58 -54 0
-7 -3 0
-3 -11 0
-55 -3 0
-59 -3 0
-7 -11 0
-51 -7 0
-7 -55 0
-7 -59 0
-51 -11 0
-11 -55 0
-11 -59 0
-51 -55 0
-51 -59 0
-59 -55 0
-8 -4 0
-4 -12 0
-52 -4 0
-56 -4 0
-4 -60 0
-8 -12 0
-52 -8 0
-56 -8 0
-8 -60 0
-52 -12 0
-56 -12 0
-12 -60 0
-56 -52 0
-52 -60 0
-56 -60 0
