p cnf 75 125
4 1 2 5 3 0
9 8 7 10 6 0
13 14 15 12 11 0
18 19 20 17 16 0
59 58 57 60 56 0
62 64 65 61 63 0
68 69 67 70 66 0
71 75 74 73 72 0
-6 -1 0
-11 -1 0
-16 -1 0
-56 -1 0
-61 -1 0
-66 -1 0
-71 -1 0
-11 -6 0
-16 -6 0
-6 -56 0
-61 -6 0
-66 -6 0
-71 -6 0
-16 -11 0
-11 -61 0
-11 -66 0
-71 -11 0
-16 -61 0
-16 -66 0
-16 -71 0
-61 -56 0
-66 -56 0
-66 -61 0
-71 -61 0
-71 -66 0
-2 -7 0
-2 -12 0
-17 -2 0
-2 -57 0
-2 -62 0
-67 -2 0
-72 -2 0
-12 -7 0
-17 -7 0
-57 -7 0
-7 -62 0
-67 -7 0
-72 -7 0
-17 -12 0
-12 -62 0
-12 -67 0
-72 -12 0
-17 -62 0
-17 -67 0
-17 -72 0
-57 -62 0
-67 -62 0
-72 -62 0
-72 -67 0
-3 -8 0
-3 -13 0
-18 -3 0
-63 -3 0
-68 -3 0
-73 -3 0
-13 -8 0
-18 -8 0
-8 -58 0
-63 -8 0
-68 -8 0
-73 -8 0
-18 -13 0
-13 -63 0
-13 -68 0
-13 -73 0
-68 -18 0
-73 -18 0
-63 -58 0
-68 -63 0
-73 -63 0
-68 -73 0
-4 -9 0
-14 -4 0
-19 -4 0
-4 -59 0
-64 -4 0
-69 -4 0
-74 -4 0
-14 -9 0
-19 -9 0
-59 -9 0
-64 -9 0
-69 -9 0
-74 -9 0
-19 -14 0
-14 -64 0
-14 -69 0
-14 -74 0
-19 -64 0
-19 -69 0
-19 -74 0
-64 -59 0
-64 -69 0
-74 -64 0
-74 -69 0
-10 -5 0
-15 -5 0
-5 -20 0
-5 -65 0
-5 -70 0
-5 -75 0
-15 -10 0
-10 -20 0
-10 -65 0
-10 -70 0
-10 -75 0
-15 -20 0
-15 -65 0
-15 -70 0
-15 -75 0
-65 -20 0
-70 -20 0
-20 -75 0
-60 -75 0
-70 -65 0
-65 -75 0
-70 -75 0
