p cnf 64 63
3 1 4 2 0
5 7 6 8 0
11 9 12 10 0
55 53 56 54 0
57 58 60 59 0
61 64 63 62 0
-9 -1 0
-53 -1 0
-57 -1 0
-61 -1 0
-9 -5 0
-5 -53 0
-5 -57 0
-61 -5 0
-9 -53 0
-9 -57 0
-9 -61 0
-53 -57 0
-61 -53 0
-61 -57 0
-2 -6 0
-54 -2 0
-2 -58 0
-62 -2 0
-10 -6 0
-6 -54 0
-6 -58 0
-62 -6 0
-10 -54 0
-10 -58 0
-62 -10 0
-54 -58 0
-62 -54 0
-62 -58 0
-7 -3 0
-3 -11 0
-59 -3 0
-63 -3 0
-7 -11 0
-55 -7 0
-7 -59 0
-7 -63 0
-55 -11 0
-11 -59 0
-11 -63 0
-55 -59 0
-55 -63 0
-63 -59 0
-8 -4 0
-4 -12 0
-56 -4 0
-60 -4 0
-4 -64 0
-8 -12 0
-56 -8 0
-60 -8 0
-8 -64 0
-56 -12 0
-60 -12 0
-12 -64 0
-60 -56 0
-56 -64 0
-60 -64 0
