p cnf 80 125
4 1 2 5 3 0
9 8 7 10 6 0
13 14 15 12 11 0
18 19 20 17 16 0
64 63 62 65 61 0
67 69 70 66 68 0
73 74 72 75 71 0
76 80 79 78 77 0
-6 -1 0
-11 -1 0
-16 -1 0
-61 -1 0
-66 -1 0
-71 -1 0
-76 -1 0
-11 -6 0
-16 -6 0
-6 -61 0
-66 -6 0
-71 -6 0
-76 -6 0
-16 -11 0
-11 -66 0
-11 -71 0
-76 -11 0
-16 -66 0
-16 -71 0
-16 -76 0
-66 -61 0
-71 -61 0
-71 -66 0
-76 -66 0
-76 -71 0
-2 -7 0
-2 -12 0
-17 -2 0
-2 -62 0
-2 -67 0
-72 -2 0
-77 -2 0
-12 -7 0
-17 -7 0
-62 -7 0
-7 -67 0
-72 -7 0
-77 -7 0
-17 -12 0
-12 -67 0
-12 -72 0
-77 -12 0
-17 -67 0
-17 -72 0
-17 -77 0
-62 -67 0
-72 -67 0
-77 -67 0
-77 -72 0
-3 -8 0
-3 -13 0
-18 -3 0
-68 -3 0
-73 -3 0
-78 -3 0
-13 -8 0
-18 -8 0
-8 -63 0
-68 -8 0
-73 -8 0
-78 -8 0
-18 -13 0
-13 -68 0
-13 -73 0
-13 -78 0
-73 -18 0
-78 -18 0
-68 -63 0
-73 -68 0
-78 -68 0
-73 -78 0
-4 -9 0
-14 -4 0
-19 -4 0
-4 -64 0
-69 -4 0
-74 -4 0
-79 -4 0
-14 -9 0
-19 -9 0
-64 -9 0
-69 -9 0
-74 -9 0
-79 -9 0
-19 -14 0
-14 -69 0
-14 -74 0
-14 -79 0
-19 -69 0
-19 -74 0
-19 -79 0
-69 -64 0
-69 -74 0
-79 -69 0
-79 -74 0
-10 -5 0
-15 -5 0
-5 -20 0
-5 -70 0
-5 -75 0
-5 -80 0
-15 -10 0
-10 -20 0
-10 -70 0
-10 -75 0
-10 -80 0
-15 -20 0
-15 -70 0
-15 -75 0
-15 -80 0
-70 -20 0
-75 -20 0
-20 -80 0
-65 -80 0
-75 -70 0
-70 -80 0
-75 -80 0
