p cnf 68 63
3 1 4 2 0
5 7 6 8 0
11 9 12 10 0
59 57 60 58 0
61 62 64 63 0
65 68 67 66 0
-9 -1 0
-57 -1 0
-61 -1 0
-65 -1 0
-9 -5 0
-5 -57 0
-5 -61 0
-65 -5 0
-9 -57 0
-9 -61 0
-9 -65 0
-57 -61 0
-65 -57 0
-65 -61 0
-2 -6 0
-58 -2 0
-2 -62 0
-66 -2 0
-10 -6 0
-6 -58 0
-6 -62 0
-66 -6 0
-10 -58 0
-10 -62 0
-66 -10 0
-58 -62 0
-66 -58 0
-66 -62 0
-7 -3 0
-3 -11 0
-63 -3 0
-67 -3 0
-7 -11 0
-59 -7 0
-7 -63 0
-7 -67 0
-59 -11 0
-11 -63 0
-11 -67 0
-59 -63 0
-59 -67 0
-67 -63 0
-8 -4 0
-4 -12 0
-60 -4 0
-64 -4 0
-4 -68 0
-8 -12 0
-60 -8 0
-64 -8 0
-8 -68 0
-60 -12 0
-64 -12 0
-12 -68 0
-64 -60 0
-60 -68 0
-64 -68 0
