p cnf 85 125
4 1 2 5 3 0
9 8 7 10 6 0
13 14 15 12 11 0
18 19 20 17 16 0
69 68 67 70 66 0
72 74 75 71 73 0
78 79 77 80 76 0
81 85 84 83 82 0
-6 -1 0
-11 -1 0
-16 -1 0
-66 -1 0
-71 -1 0
-76 -1 0
-81 -1 0
-11 -6 0
-16 -6 0
-6 -66 0
-71 -6 0
-76 -6 0
-81 -6 0
-16 -11 0
-11 -71 0
-11 -76 0
-81 -11 0
-16 -71 0
-16 -76 0
-16 -81 0
-71 -66 0
-76 -66 0
-76 -71 0
-81 -71 0
-81 -76 0
-2 -7 0
-2 -12 0
-17 -2 0
-2 -67 0
-2 -72 0
-77 -2 0
-82 -2 0
-12 -7 0
-17 -7 0
-67 -7 0
-7 -72 0
-77 -7 0
-82 -7 0
-17 -12 0
-12 -72 0
-12 -77 0
-82 -12 0
-17 -72 0
-17 -77 0
-17 -82 0
-67 -72 0
-77 -72 0
-82 -72 0
-82 -77 0
-3 -8 0
-3 -13 0
-18 -3 0
-73 -3 0
-78 -3 0
-83 -3 0
-13 -8 0
-18 -8 0
-8 -68 0
-73 -8 0
-78 -8 0
-83 -8 0
-18 -13 0
-13 -73 0
-13 -78 0
-13 -83 0
-78 -18 0
-83 -18 0
-73 -68 0
-78 -73 0
-83 -73 0
-78 -83 0
-4 -9 0
-14 -4 0
-19 -4 0
-4 -69 0
-74 -4 0
-79 -4 0
-84 -4 0
-14 -9 0
-19 -9 0
-69 -9 0
-74 -9 0
-79 -9 0
-84 -9 0
-19 -14 0
-14 -74 0
-14 -79 0
-14 -84 0
-19 -74 0
-19 -79 0
-19 -84 0
-74 -69 0
-74 -79 0
-84 -74 0
-84 -79 0
-10 -5 0
-15 -5 0
-5 -20 0
-5 -75 0
-5 -80 0
-5 -85 0
-15 -10 0
-10 -20 0
-10 -75 0
-10 -80 0
-10 -85 0
-15 -20 0
-15 -75 0
-15 -80 0
-15 -85 0
-75 -20 0
-80 -20 0
-20 -85 0
-70 -85 0
-80 -75 0
-75 -85 0
-80 -85 0
