p cnf 72 63
3 1 4 2 0
5 7 6 8 0
11 9 12 10 0
63 61 64 62 0
65 66 68 67 0
69 72 71 70 0
-9 -1 0
-61 -1 0
-65 -1 0
-69 -1 0
-9 -5 0
-5 -61 0
-5 -65 0
-69 -5 0
-9 -61 0
-9 -65 0
-9 -69 0
-61 -65 0
-69 -61 0
-69 -65 0
-2 -6 0
-62 -2 0
-2 -66 0
-70 -2 0
-10 -6 0
-6 -62 0
-6 -66 0
-70 -6 0
-10 -62 0
-10 -66 0
-70 -10 0
-62 -66 0
-70 -62 0
-70 -66 0
-7 -3 0
-3 -11 0
-67 -3 0
-71 -3 0
-7 -11 0
-63 -7 0
-7 -67 0
-7 -71 0
-63 -11 0
-11 -67 0
-11 -71 0
-63 -67 0
-63 -71 0
-71 -67 0
-8 -4 0
-4 -12 0
-64 -4 0
-68 -4 0
-4 -72 0
-8 -12 0
-64 -8 0
-68 -8 0
-8 -72 0
-64 -12 0
-68 -12 0
-12 -72 0
-68 -64 0
-64 -72 0
-68 -72 0
