p cnf 90 125
4 1 2 5 3 0
9 8 7 10 6 0
13 14 15 12 11 0
18 19 20 17 16 0
74 73 72 75 71 0
77 79 80 76 78 0
83 84 82 85 81 0
86 90 89 88 87 0
-6 -1 0
-11 -1 0
-16 -1 0
-71 -1 0
-76 -1 0
-81 -1 0
-86 -1 0
-11 -6 0
-16 -6 0
-6 -71 0
-76 -6 0
-81 -6 0
-86 -6 0
-16 -11 0
-11 -76 0
-11 -81 0
-86 -11 0
-16 -76 0
-16 -81 0
-16 -86 0
-76 -71 0
-81 -71 0
-81 -76 0
-86 -76 0
-86 -81 0
-2 -7 0
-2 -12 0
-17 -2 0
-2 -72 0
-2 -77 0
-82 -2 0
-87 -2 0
-12 -7 0
-17 -7 0
-72 -7 0
-7 -77 0
-82 -7 0
-87 -7 0
-17 -12 0
-12 -77 0
-12 -82 0
-87 -12 0
-17 -77 0
-17 -82 0
-17 -87 0
-72 -77 0
-82 -77 0
-87 -77 0
-87 -82 0
-3 -8 0
-3 -13 0
-18 -3 0
-78 -3 0
-83 -3 0
-88 -3 0
-13 -8 0
-18 -8 0
-8 -73 0
-78 -8 0
-83 -8 0
-88 -8 0
-18 -13 0
-13 -78 0
-13 -83 0
-13 -88 0
-83 -18 0
-88 -18 0
-78 -73 0
-83 -78 0
-88 -78 0
-83 -88 0
-4 -9 0
-14 -4 0
-19 -4 0
-4 -74 0
-79 -4 0
-84 -4 0
-89 -4 0
-14 -9 0
-19 -9 0
-74 -9 0
-79 -9 0
-84 -9 0
-89 -9 0
-19 -14 0
-14 -79 0
-14 -84 0
-14 -89 0
-19 -79 0
-19 -84 0
-19 -89 0
-79 -74 0
-79 -84 0
-89 -79 0
-89 -84 0
-10 -5 0
-15 -5 0
-5 -20 0
-5 -80 0
-5 -85 0
-5 -90 0
-15 -10 0
-10 -20 0
-10 -80 0
-10 -85 0
-10 -90 0
-15 -20 0
-15 -80 0
-15 -85 0
-15 -90 0
-80 -20 0
-85 -20 0
-20 -90 0
-75 -90 0
-85 -80 0
-80 -90 0
-85 -90 0
