p cnf 95 125
4 1 2 5 3 0
9 8 7 10 6 0
13 14 15 12 11 0
18 19 20 17 16 0
79 78 77 80 76 0
82 84 85 81 83 0
88 89 87 90 86 0
91 95 94 93 92 0
-6 -1 0
-11 -1 0
-16 -1 0
-76 -1 0
-81 -1 0
-86 -1 0
-91 -1 0
-11 -6 0
-16 -6 0
-6 -76 0
-81 -6 0
-86 -6 0
-91 -6 0
-16 -11 0
-11 -81 0
-11 -86 0
-91 -11 0
-16 -81 0
-16 -86 0
-16 -91 0
-81 -76 0
-86 -76 0
-86 -81 0
-91 -81 0
-91 -86 0
-2 -7 0
-2 -12 0
-17 -2 0
-2 -77 0
-2 -82 0
-87 -2 0
-92 -2 0
-12 -7 0
-17 -7 0
-77 -7 0
-7 -82 0
-87 -7 0
-92 -7 0
-17 -12 0
-12 -82 0
-12 -87 0
-92 -12 0
-17 -82 0
-17 -87 0
-17 -92 0
-77 -82 0
-87 -82 0
-92 -82 0
-92 -87 0
-3 -8 0
-3 -13 0
-18 -3 0
-83 -3 0
-88 -3 0
-93 -3 0
-13 -8 0
-18 -8 0
-8 -78 0
-83 -8 0
-88 -8 0
-93 -8 0
-18 -13 0
-13 -83 0
-13 -88 0
-13 -93 0
-88 -18 0
-93 -18 0
-83 -78 0
-88 -83 0
-93 -83 0
-88 -93 0
-4 -9 0
-14 -4 0
-19 -4 0
-4 -79 0
-84 -4 0
-89 -4 0
-94 -4 0
-14 -9 0
-19 -9 0
-79 -9 0
-84 -9 0
-89 -9 0
-94 -9 0
-19 -14 0
-14 -84 0
-14 -89 0
-14 -94 0
-19 -84 0
-19 -89 0
-19 -94 0
-84 -79 0
-84 -89 0
-94 -84 0
-94 -89 0
-10 -5 0
-15 -5 0
-5 -20 0
-5 -85 0
-5 -90 0
-5 -95 0
-15 -10 0
-10 -20 0
-10 -85 0
-10 -90 0
-10 -95 0
-15 -20 0
-15 -85 0
-15 -90 0
-15 -95 0
-85 -20 0
-90 -20 0
-20 -95 0
-80 -95 0
-90 -85 0
-85 -95 0
-90 -95 0
