p cnf 80 63
3 1 4 2 0
5 7 6 8 0
11 9 12 10 0
71 69 72 70 0
73 74 76 75 0
77 80 79 78 0
-9 -1 0
-69 -1 0
-73 -1 0
-77 -1 0
-9 -5 0
-5 -69 0
-5 -73 0
-77 -5 0
-9 -69 0
-9 -73 0
-9 -77 0
-69 -73 0
-77 -69 0
-77 -73 0
-2 -6 0
-70 -2 0
-2 -74 0
-78 -2 0
-10 -6 0
-6 -70 0
-6 -74 0
-78 -6 0
-10 -70 0
-10 -74 0
-78 -10 0
-70 -74 0
-78 -70 0
-78 -74 0
-7 -3 0
-3 -11 0
-75 -3 0
-79 -3 0
-7 -11 0
-71 -7 0
-7 -75 0
-7 -79 0
-71 -11 0
-11 -75 0
-11 -79 0
-71 -75 0
-71 -79 0
-79 -75 0
-8 -4 0
-4 -12 0
-72 -4 0
-76 -4 0
-4 -80 0
-8 -12 0
-72 -8 0
-76 -8 0
-8 -80 0
-72 -12 0
-76 -12 0
-12 -80 0
-76 -72 0
-72 -80 0
-76 -80 0
