p cnf 100 125
4 1 2 5 3 0
9 8 7 10 6 0
13 14 15 12 11 0
18 19 20 17 16 0
84 83 82 85 81 0
87 89 90 86 88 0
93 94 92 95 91 0
96 100 99 98 97 0
-6 -1 0
-11 -1 0
-16 -1 0
-81 -1 0
-86 -1 0
-91 -1 0
-96 -1 0
-11 -6 0
-16 -6 0
-6 -81 0
-86 -6 0
-91 -6 0
-96 -6 0
-16 -11 0
-11 -86 0
-11 -91 0
-96 -11 0
-16 -86 0
-16 -91 0
-16 -96 0
-86 -81 0
-91 -81 0
-91 -86 0
-96 -86 0
-96 -91 0
-2 -7 0
-2 -12 0
-17 -2 0
-2 -82 0
-2 -87 0
-92 -2 0
-97 -2 0
-12 -7 0
-17 -7 0
-82 -7 0
-7 -87 0
-92 -7 0
-97 -7 0
-17 -12 0
-12 -87 0
-12 -92 0
-97 -12 0
-17 -87 0
-17 -92 0
-17 -97 0
-82 -87 0
-92 -87 0
-97 -87 0
-97 -92 0
-3 -8 0
-3 -13 0
-18 -3 0
-88 -3 0
-93 -3 0
-98 -3 0
-13 -8 0
-18 -8 0
-8 -83 0
-88 -8 0
-93 -8 0
-98 -8 0
-18 -13 0
-13 -88 0
-13 -93 0
-13 -98 0
-93 -18 0
-98 -18 0
-88 -83 0
-93 -88 0
-98 -88 0
-93 -98 0
-4 -9 0
-14 -4 0
-19 -4 0
-4 -84 0
-89 -4 0
-94 -4 0
-99 -4 0
-14 -9 0
-19 -9 0
-84 -9 0
-89 -9 0
-94 -9 0
-99 -9 0
-19 -14 0
-14 -89 0
-14 -94 0
-14 -99 0
-19 -89 0
-19 -94 0
-19 -99 0
-89 -84 0
-89 -94 0
-99 -89 0
-99 -94 0
-10 -5 0
-15 -5 0
-5 -20 0
-5 -90 0
-5 -95 0
-5 -100 0
-15 -10 0
-10 -20 0
-10 -90 0
-10 -95 0
-10 -100 0
-15 -20 0
-15 -90 0
-15 -95 0
-15 -100 0
-90 -20 0
-95 -20 0
-20 -100 0
-85 -100 0
-95 -90 0
-90 -100 0
-95 -100 0
