p cnf 88 63
3 1 4 2 0
5 7 6 8 0
11 9 12 10 0
79 77 80 78 0
81 82 84 83 0
85 88 87 86 0
-9 -1 0
-77 -1 0
-81 -1 0
-85 -1 0
-9 -5 0
-5 -77 0
-5 -81 0
-85 -5 0
-9 -77 0
-9 -81 0
-9 -85 0
-77 -81 0
-85 -77 0
-85 -81 0
-2 -6 0
-78 -2 0
-2 -82 0
-86 -2 0
-10 -6 0
-6 -78 0
-6 -82 0
-86 -6 0
-10 -78 0
-10 -82 0
-86 -10 0
-78 -82 0
-86 -78 0
-86 -82 0
-7 -3 0
-3 -11 0
-83 -3 0
-87 -3 0
-7 -11 0
-79 -7 0
-7 -83 0
-7 -87 0
-79 -11 0
-11 -83 0
-11 -87 0
-79 -83 0
-79 -87 0
-87 -83 0
-8 -4 0
-4 -12 0
-80 -4 0
-84 -4 0
-4 -88 0
-8 -12 0
-80 -8 0
-84 -8 0
-8 -88 0
-80 -12 0
-84 -12 0
-12 -88 0
-84 -80 0
-80 -88 0
-84 -88 0
