p cnf 92 63
3 1 4 2 0
5 7 6 8 0
11 9 12 10 0
83 81 84 82 0
85 86 88 87 0
89 92 91 90 0
-9 -1 0
-81 -1 0
-85 -1 0
-89 -1 0
-9 -5 0
-5 -81 0
-5 -85 0
-89 -5 0
-9 -81 0
-9 -85 0
-9 -89 0
-81 -85 0
-89 -81 0
-89 -85 0
-2 -6 0
-82 -2 0
-2 -86 0
-90 -2 0
-10 -6 0
-6 -82 0
-6 -86 0
-90 -6 0
-10 -82 0
-10 -86 0
-90 -10 0
-82 -86 0
-90 -82 0
-90 -86 0
-7 -3 0
-3 -11 0
-87 -3 0
-91 -3 0
-7 -11 0
-83 -7 0
-7 -87 0
-7 -91 0
-83 -11 0
-11 -87 0
-11 -91 0
-83 -87 0
-83 -91 0
-91 -87 0
-8 -4 0
-4 -12 0
-84 -4 0
-88 -4 0
-4 -92 0
-8 -12 0
-84 -8 0
-88 -8 0
-8 -92 0
-84 -12 0
-88 -12 0
-12 -92 0
-88 -84 0
-84 -92 0
-88 -92 0
