p cnf 100 63
3 1 4 2 0
5 7 6 8 0
11 9 12 10 0
91 89 92 90 0
93 94 96 95 0
97 100 99 98 0
-9 -1 0
-89 -1 0
-93 -1 0
-97 -1 0
-9 -5 0
-5 -89 0
-5 -93 0
-97 -5 0
-9 -89 0
-9 -93 0
-9 -97 0
-89 -93 0
-97 -89 0
-97 -93 0
-2 -6 0
-90 -2 0
-2 -94 0
-98 -2 0
-10 -6 0
-6 -90 0
-6 -94 0
-98 -6 0
-10 -90 0
-10 -94 0
-98 -10 0
-90 -94 0
-98 -90 0
-98 -94 0
-7 -3 0
-3 -11 0
-95 -3 0
-99 -3 0
-7 -11 0
-91 -7 0
-7 -95 0
-7 -99 0
-91 -11 0
-11 -95 0
-11 -99 0
-91 -95 0
-91 -99 0
-99 -95 0
-8 -4 0
-4 -12 0
-92 -4 0
-96 -4 0
-4 -100 0
-8 -12 0
-92 -8 0
-96 -8 0
-8 -100 0
-92 -12 0
-96 -12 0
-12 -100 0
-96 -92 0
-92 -100 0
-96 -100 0
