p cnf 24 63
3 1 4 2 0
5 7 6 8 0
11 9 12 10 0
15 13 16 14 0
17 18 20 19 0
21 24 23 22 0
-9 -1 0
-13 -1 0
-17 -1 0
-21 -1 0
-9 -5 0
-5 -13 0
-5 -17 0
-21 -5 0
-9 -13 0
-9 -17 0
-9 -21 0
-13 -17 0
-21 -13 0
-21 -17 0
-2 -6 0
-14 -2 0
-2 -18 0
-22 -2 0
-10 -6 0
-6 -14 0
-6 -18 0
-22 -6 0
-10 -14 0
-10 -18 0
-22 -10 0
-14 -18 0
-22 -14 0
-22 -18 0
-7 -3 0
-3 -11 0
-19 -3 0
-23 -3 0
-7 -11 0
-15 -7 0
-7 -19 0
-7 -23 0
-15 -11 0
-11 -19 0
-11 -23 0
-15 -19 0
-15 -23 0
-23 -19 0
-8 -4 0
-4 -12 0
-16 -4 0
-20 -4 0
-4 -24 0
-8 -12 0
-16 -8 0
-20 -8 0
-8 -24 0
-16 -12 0
-20 -12 0
-12 -24 0
-20 -16 0
-16 -24 0
-20 -24 0
