p cnf 28 63
3 1 4 2 0
5 7 6 8 0
11 9 12 10 0
19 17 20 18 0
21 22 24 23 0
25 28 27 26 0
-9 -1 0
-17 -1 0
-21 -1 0
-25 -1 0
-9 -5 0
-5 -17 0
-5 -21 0
-25 -5 0
-9 -17 0
-9 -21 0
-9 -25 0
-17 -21 0
-25 -17 0
-25 -21 0
-2 -6 0
-18 -2 0
-2 -22 0
-26 -2 0
-10 -6 0
-6 -18 0
-6 -22 0
-26 -6 0
-10 -18 0
-10 -22 0
-26 -10 0
-18 -22 0
-26 -18 0
-26 -22 0
-7 -3 0
-3 -11 0
-23 -3 0
-27 -3 0
-7 -11 0
-19 -7 0
-7 -23 0
-7 -27 0
-19 -11 0
-11 -23 0
-11 -27 0
-19 -23 0
-19 -27 0
-27 -23 0
-8 -4 0
-4 -12 0
-20 -4 0
-24 -4 0
-4 -28 0
-8 -12 0
-20 -8 0
-24 -8 0
-8 -28 0
-20 -12 0
-24 -12 0
-12 -28 0
-24 -20 0
-20 -28 0
-24 -28 0
