p cnf 42 133
5 3 2 1 4 6 0
11 9 7 10 8 12 0
14 17 16 15 18 13 0
21 22 20 19 23 24 0
29 27 26 28 25 30 0
34 31 32 36 33 35 0
39 42 41 40 37 38 0
-7 -1 0
-13 -1 0
-19 -1 0
-25 -1 0
-1 -31 0
-37 -1 0
-13 -7 0
-19 -7 0
-25 -7 0
-7 -31 0
-37 -7 0
-13 -19 0
-13 -25 0
-13 -31 0
-37 -13 0
-19 -25 0
-19 -31 0
-37 -19 0
-25 -31 0
-37 -25 0
-37 -31 0
-2 -8 0
-2 -14 0
-20 -2 0
-26 -2 0
-2 -32 0
-38 -2 0
-8 -14 0
-20 -8 0
-26 -8 0
-32 -8 0
-38 -8 0
-20 -14 0
-26 -14 0
-32 -14 0
-38 -14 0
-26 -20 0
-32 -20 0
-38 -20 0
-32 -26 0
-38 -26 0
-38 -32 0
-9 -3 0
-15 -3 0
-21 -3 0
-27 -3 0
-33 -3 0
-39 -3 0
-15 -9 0
-21 -9 0
-27 -9 0
-33 -9 0
-39 -9 0
-15 -21 0
-15 -27 0
-15 -33 0
-39 -15 0
-27 -21 0
-33 -21 0
-39 -21 0
-27 -33 0
-39 -27 0
-39 -33 0
-10 -4 0
-16 -4 0
-4 -22 0
-28 -4 0
-34 -4 0
-40 -4 0
-16 -10 0
-10 -22 0
-28 -10 0
-34 -10 0
-40 -10 0
-16 -22 0
-16 -28 0
-34 -16 0
-40 -16 0
-28 -22 0
-34 -22 0
-40 -22 0
-34 -28 0
-40 -28 0
-40 -34 0
-5 -11 0
-17 -5 0
-23 -5 0
-29 -5 0
-35 -5 0
-41 -5 0
-17 -11 0
-23 -11 0
-29 -11 0
-35 -11 0
-41 -11 0
-17 -23 0
-17 -29 0
-17 -35 0
-41 -17 0
-29 -23 0
-35 -23 0
-41 -23 0
-35 -29 0
-41 -29 0
-41 -35 0
-12 -6 0
-6 -18 0
-24 -6 0
-30 -6 0
-36 -6 0
-6 -42 0
-12 -18 0
-12 -24 0
-12 -30 0
-12 -36 0
-12 -42 0
-24 -18 0
-30 -18 0
-36 -18 0
-18 -42 0
-24 -30 0
-24 -36 0
-24 -42 0
-36 -30 0
-30 -42 0
-36 -42 0
