p cnf 32 63
3 1 4 2 0
5 7 6 8 0
11 9 12 10 0
23 21 24 22 0
25 26 28 27 0
29 32 31 30 0
-9 -1 0
-21 -1 0
-25 -1 0
-29 -1 0
-9 -5 0
-5 -21 0
-5 -25 0
-29 -5 0
-9 -21 0
-9 -25 0
-9 -29 0
-21 -25 0
-29 -21 0
-29 -25 0
-2 -6 0
-22 -2 0
-2 -26 0
-30 -2 0
-10 -6 0
-6 -22 0
-6 -26 0
-30 -6 0
-10 -22 0
-10 -26 0
-30 -10 0
-22 -26 0
-30 -22 0
-30 -26 0
-7 -3 0
-3 -11 0
-27 -3 0
-31 -3 0
-7 -11 0
-23 -7 0
-7 -27 0
-7 -31 0
-23 -11 0
-11 -27 0
-11 -31 0
-23 -27 0
-23 -31 0
-31 -27 0
-8 -4 0
-4 -12 0
-24 -4 0
-28 -4 0
-4 -32 0
-8 -12 0
-24 -8 0
-28 -8 0
-8 -32 0
-24 -12 0
-28 -12 0
-12 -32 0
-28 -24 0
-24 -32 0
-28 -32 0
