p cnf 40 125
4 1 2 5 3 0
9 8 7 10 6 0
13 14 15 12 11 0
18 19 20 17 16 0
24 23 22 25 21 0
27 29 30 26 28 0
33 34 32 35 31 0
36 40 39 38 37 0
-6 -1 0
-11 -1 0
-16 -1 0
-21 -1 0
-26 -1 0
-31 -1 0
-36 -1 0
-11 -6 0
-16 -6 0
-6 -21 0
-26 -6 0
-31 -6 0
-36 -6 0
-16 -11 0
-11 -26 0
-11 -31 0
-36 -11 0
-16 -26 0
-16 -31 0
-16 -36 0
-26 -21 0
-31 -21 0
-31 -26 0
-36 -26 0
-36 -31 0
-2 -7 0
-2 -12 0
-17 -2 0
-2 -22 0
-2 -27 0
-32 -2 0
-37 -2 0
-12 -7 0
-17 -7 0
-22 -7 0
-7 -27 0
-32 -7 0
-37 -7 0
-17 -12 0
-12 -27 0
-12 -32 0
-37 -12 0
-17 -27 0
-17 -32 0
-17 -37 0
-22 -27 0
-32 -27 0
-37 -27 0
-37 -32 0
-3 -8 0
-3 -13 0
-18 -3 0
-28 -3 0
-33 -3 0
-38 -3 0
-13 -8 0
-18 -8 0
-8 -23 0
-28 -8 0
-33 -8 0
-38 -8 0
-18 -13 0
-13 -28 0
-13 -33 0
-13 -38 0
-33 -18 0
-38 -18 0
-28 -23 0
-33 -28 0
-38 -28 0
-33 -38 0
-4 -9 0
-14 -4 0
-19 -4 0
-4 -24 0
-29 -4 0
-34 -4 0
-39 -4 0
-14 -9 0
-19 -9 0
-24 -9 0
-29 -9 0
-34 -9 0
-39 -9 0
-19 -14 0
-14 -29 0
-14 -34 0
-14 -39 0
-19 -29 0
-19 -34 0
-19 -39 0
-29 -24 0
-29 -34 0
-39 -29 0
-39 -34 0
-10 -5 0
-15 -5 0
-5 -20 0
-5 -30 0
-5 -35 0
-5 -40 0
-15 -10 0
-10 -20 0
-10 -30 0
-10 -35 0
-10 -40 0
-15 -20 0
-15 -30 0
-15 -35 0
-15 -40 0
-30 -20 0
-35 -20 0
-20 -40 0
-25 -40 0
-35 -30 0
-30 -40 0
-35 -40 0
