p cnf 48 176
5 4 2 1 3 6 0
11 10 8 9 7 12 0
14 17 16 15 13 18 0
22 21 19 24 20 23 0
29 28 25 26 27 30 0
35 34 32 31 36 33 0
39 37 40 41 42 38 0
44 48 47 46 43 45 0
-7 -1 0
-13 -1 0
-19 -1 0
-1 -25 0
-1 -31 0
-1 -37 0
-43 -1 0
-13 -7 0
-19 -7 0
-7 -25 0
-7 -31 0
-7 -37 0
-43 -7 0
-19 -13 0
-13 -25 0
-13 -31 0
-13 -37 0
-43 -13 0
-19 -25 0
-19 -31 0
-19 -37 0
-19 -43 0
-25 -31 0
-25 -37 0
-43 -25 0
-31 -37 0
-43 -31 0
-43 -37 0
-8 -2 0
-2 -14 0
-20 -2 0
-26 -2 0
-2 -32 0
-2 -38 0
-44 -2 0
-8 -14 0
-20 -8 0
-26 -8 0
-8 -32 0
-38 -8 0
-44 -8 0
-20 -14 0
-26 -14 0
-32 -14 0
-38 -14 0
-44 -14 0
-20 -26 0
-20 -32 0
-20 -38 0
-44 -20 0
-26 -32 0
-38 -26 0
-44 -26 0
-38 -32 0
-44 -32 0
-44 -38 0
-3 -9 0
-15 -3 0
-3 -21 0
-27 -3 0
-33 -3 0
-39 -3 0
-45 -3 0
-15 -9 0
-9 -21 0
-27 -9 0
-33 -9 0
-39 -9 0
-45 -9 0
-15 -21 0
-15 -27 0
-15 -33 0
-15 -39 0
-45 -15 0
-27 -21 0
-33 -21 0
-39 -21 0
-45 -21 0
-33 -27 0
-27 -39 0
-45 -27 0
-33 -39 0
-45 -33 0
-45 -39 0
-4 -10 0
-16 -4 0
-22 -4 0
-28 -4 0
-34 -4 0
-40 -4 0
-46 -4 0
-16 -10 0
-22 -10 0
-28 -10 0
-34 -10 0
-40 -10 0
-46 -10 0
-16 -22 0
-16 -28 0
-16 -34 0
-40 -16 0
-46 -16 0
-28 -22 0
-34 -22 0
-40 -22 0
-46 -22 0
-34 -28 0
-40 -28 0
-46 -28 0
-40 -34 0
-46 -34 0
-46 -40 0
-11 -5 0
-17 -5 0
-23 -5 0
-29 -5 0
-35 -5 0
-41 -5 0
-47 -5 0
-17 -11 0
-23 -11 0
-29 -11 0
-35 -11 0
-41 -11 0
-47 -11 0
-17 -23 0
-17 -29 0
-17 -35 0
-17 -41 0
-47 -17 0
-29 -23 0
-35 -23 0
-41 -23 0
-47 -23 0
-29 -35 0
-41 -29 0
-47 -29 0
-41 -35 0
-47 -35 0
-47 -41 0
-6 -12 0
-6 -18 0
-6 -24 0
-30 -6 0
-6 -36 0
-6 -42 0
-6 -48 0
-18 -12 0
-24 -12 0
-30 -12 0
-36 -12 0
-42 -12 0
-12 -48 0
-18 -24 0
-30 -18 0
-36 -18 0
-42 -18 0
-18 -48 0
-30 -24 0
-36 -24 0
-42 -24 0
-24 -48 0
-30 -36 0
-30 -42 0
-30 -48 0
-36 -42 0
-36 -48 0
-42 -48 0
