p cnf 56 204
5 4 2 1 3 6 7 0
12 11 9 13 10 8 14 0
16 19 15 17 20 21 18 0
25 24 22 27 23 28 26 0
33 32 29 34 30 31 35 0
40 39 37 41 36 38 42 0
45 43 46 47 44 48 49 0
53 56 54 52 55 51 50 0
-8 -1 0
-15 -1 0
-22 -1 0
-1 -29 0
-36 -1 0
-1 -43 0
-50 -1 0
-15 -8 0
-22 -8 0
-29 -8 0
-8 -36 0
-8 -43 0
-50 -8 0
-22 -15 0
-15 -29 0
-15 -36 0
-15 -43 0
-50 -15 0
-22 -29 0
-22 -36 0
-22 -43 0
-50 -22 0
-29 -36 0
-29 -43 0
-50 -29 0
-36 -43 0
-50 -36 0
-50 -43 0
-9 -2 0
-2 -16 0
-23 -2 0
-30 -2 0
-2 -37 0
-2 -44 0
-51 -2 0
-9 -16 0
-23 -9 0
-30 -9 0
-9 -37 0
-44 -9 0
-51 -9 0
-23 -16 0
-30 -16 0
-37 -16 0
-44 -16 0
-51 -16 0
-23 -30 0
-23 -37 0
-23 -44 0
-51 -23 0
-30 -37 0
-44 -30 0
-51 -30 0
-44 -37 0
-51 -37 0
-51 -44 0
-10 -3 0
-17 -3 0
-3 -24 0
-31 -3 0
-3 -38 0
-45 -3 0
-52 -3 0
-17 -10 0
-10 -24 0
-31 -10 0
-10 -38 0
-45 -10 0
-52 -10 0
-17 -24 0
-17 -31 0
-17 -38 0
-17 -45 0
-52 -17 0
-31 -24 0
-38 -24 0
-45 -24 0
-52 -24 0
-38 -31 0
-31 -45 0
-52 -31 0
-38 -45 0
-52 -38 0
-52 -45 0
-4 -11 0
-18 -4 0
-4 -25 0
-4 -32 0
-39 -4 0
-46 -4 0
-53 -4 0
-18 -11 0
-25 -11 0
-32 -11 0
-39 -11 0
-46 -11 0
-53 -11 0
-18 -25 0
-18 -32 0
-18 -39 0
-46 -18 0
-53 -18 0
-32 -25 0
-39 -25 0
-46 -25 0
-53 -25 0
-39 -32 0
-46 -32 0
-53 -32 0
-46 -39 0
-53 -39 0
-53 -46 0
-5 -12 0
-19 -5 0
-26 -5 0
-33 -5 0
-40 -5 0
-47 -5 0
-54 -5 0
-19 -12 0
-26 -12 0
-12 -33 0
-40 -12 0
-47 -12 0
-54 -12 0
-19 -26 0
-19 -33 0
-19 -40 0
-19 -47 0
-54 -19 0
-26 -33 0
-40 -26 0
-47 -26 0
-54 -26 0
-40 -33 0
-47 -33 0
-54 -33 0
-47 -40 0
-54 -40 0
-54 -47 0
-6 -13 0
-6 -20 0
-6 -27 0
-34 -6 0
-6 -41 0
-6 -48 0
-6 -55 0
-20 -13 0
-27 -13 0
-34 -13 0
-41 -13 0
-48 -13 0
-13 -55 0
-27 -20 0
-34 -20 0
-20 -41 0
-48 -20 0
-20 -55 0
-34 -27 0
-27 -41 0
-27 -48 0
-27 -55 0
-34 -41 0
-34 -48 0
-34 -55 0
-48 -41 0
-41 -55 0
-48 -55 0
-7 -14 0
-7 -21 0
-7 -28 0
-7 -35 0
-7 -42 0
-7 -49 0
-7 -56 0
-14 -21 0
-14 -28 0
-14 -35 0
-14 -42 0
-14 -49 0
-14 -56 0
-28 -21 0
-35 -21 0
-21 -42 0
-21 -49 0
-21 -56 0
-28 -35 0
-28 -42 0
-28 -49 0
-28 -56 0
-35 -42 0
-35 -49 0
-35 -56 0
-42 -49 0
-42 -56 0
-49 -56 0
