p cnf 54 225
5 4 2 1 3 6 0
11 10 8 9 7 12 0
14 16 13 15 17 18 0
22 21 19 20 23 24 0
29 28 25 30 26 27 0
35 34 31 36 32 33 0
41 40 38 37 39 42 0
45 43 46 47 48 44 0
51 54 50 52 53 49 0
-7 -1 0
-13 -1 0
-19 -1 0
-25 -1 0
-1 -31 0
-1 -37 0
-1 -43 0
-49 -1 0
-13 -7 0
-7 -19 0
-25 -7 0
-7 -31 0
-7 -37 0
-7 -43 0
-49 -7 0
-19 -13 0
-25 -13 0
-13 -31 0
-13 -37 0
-13 -43 0
-49 -13 0
-25 -19 0
-19 -31 0
-19 -37 0
-19 -43 0
-19 -49 0
-25 -31 0
-25 -37 0
-25 -43 0
-49 -25 0
-31 -37 0
-31 -43 0
-49 -31 0
-37 -43 0
-49 -37 0
-49 -43 0
-2 -8 0
-2 -14 0
-2 -20 0
-26 -2 0
-2 -32 0
-2 -38 0
-2 -44 0
-50 -2 0
-8 -14 0
-20 -8 0
-26 -8 0
-32 -8 0
-8 -38 0
-44 -8 0
-50 -8 0
-20 -14 0
-26 -14 0
-32 -14 0
-38 -14 0
-44 -14 0
-50 -14 0
-26 -20 0
-20 -32 0
-20 -38 0
-20 -44 0
-20 -50 0
-26 -32 0
-26 -38 0
-26 -44 0
-26 -50 0
-32 -38 0
-44 -32 0
-50 -32 0
-44 -38 0
-50 -38 0
-50 -44 0
-9 -3 0
-15 -3 0
-3 -21 0
-3 -27 0
-33 -3 0
-39 -3 0
-45 -3 0
-51 -3 0
-15 -9 0
-9 -21 0
-9 -27 0
-33 -9 0
-39 -9 0
-45 -9 0
-51 -9 0
-15 -21 0
-27 -15 0
-15 -33 0
-15 -39 0
-15 -45 0
-51 -15 0
-27 -21 0
-33 -21 0
-39 -21 0
-45 -21 0
-51 -21 0
-27 -33 0
-27 -39 0
-27 -45 0
-51 -27 0
-39 -33 0
-33 -45 0
-51 -33 0
-39 -45 0
-51 -39 0
-51 -45 0
-4 -10 0
-16 -4 0
-4 -22 0
-28 -4 0
-34 -4 0
-40 -4 0
-46 -4 0
-52 -4 0
-16 -10 0
-22 -10 0
-28 -10 0
-34 -10 0
-40 -10 0
-46 -10 0
-52 -10 0
-16 -22 0
-28 -16 0
-16 -34 0
-16 -40 0
-46 -16 0
-52 -16 0
-28 -22 0
-34 -22 0
-40 -22 0
-46 -22 0
-52 -22 0
-28 -34 0
-28 -40 0
-28 -46 0
-52 -28 0
-40 -34 0
-46 -34 0
-52 -34 0
-46 -40 0
-52 -40 0
-52 -46 0
-5 -11 0
-17 -5 0
-23 -5 0
-29 -5 0
-35 -5 0
-5 -41 0
-47 -5 0
-53 -5 0
-17 -11 0
-23 -11 0
-29 -11 0
-35 -11 0
-41 -11 0
-47 -11 0
-53 -11 0
-17 -23 0
-29 -17 0
-17 -35 0
-17 -41 0
-17 -47 0
-53 -17 0
-29 -23 0
-35 -23 0
-41 -23 0
-47 -23 0
-53 -23 0
-29 -35 0
-29 -41 0
-29 -47 0
-53 -29 0
-35 -41 0
-47 -35 0
-53 -35 0
-47 -41 0
-53 -41 0
-53 -47 0
-12 -6 0
-6 -18 0
-24 -6 0
-6 -30 0
-6 -36 0
-6 -42 0
-48 -6 0
-6 -54 0
-12 -18 0
-12 -24 0
-12 -30 0
-12 -36 0
-12 -42 0
-12 -48 0
-12 -54 0
-24 -18 0
-18 -30 0
-36 -18 0
-42 -18 0
-48 -18 0
-18 -54 0
-24 -30 0
-36 -24 0
-24 -42 0
-24 -48 0
-24 -54 0
-36 -30 0
-42 -30 0
-48 -30 0
-30 -54 0
-42 -36 0
-48 -36 0
-36 -54 0
-42 -48 0
-42 -54 0
-48 -54 0
