p cnf 63 261
5 4 2 1 3 6 7 0
12 11 9 10 8 13 14 0
16 18 20 15 17 19 21 0
25 24 27 22 23 26 28 0
33 32 29 30 34 35 31 0
40 39 36 37 38 42 41 0
47 46 44 43 45 48 49 0
52 50 53 54 55 56 51 0
58 63 62 59 61 60 57 0
-8 -1 0
-15 -1 0
-22 -1 0
-29 -1 0
-36 -1 0
-43 -1 0
-1 -50 0
-57 -1 0
-8 -15 0
-8 -22 0
-29 -8 0
-36 -8 0
-8 -43 0
-8 -50 0
-57 -8 0
-22 -15 0
-29 -15 0
-15 -36 0
-15 -43 0
-15 -50 0
-57 -15 0
-29 -22 0
-22 -36 0
-22 -43 0
-22 -50 0
-57 -22 0
-29 -36 0
-29 -43 0
-29 -50 0
-57 -29 0
-36 -43 0
-36 -50 0
-57 -36 0
-43 -50 0
-57 -43 0
-57 -50 0
-2 -9 0
-2 -16 0
-23 -2 0
-30 -2 0
-2 -37 0
-2 -44 0
-2 -51 0
-58 -2 0
-9 -16 0
-23 -9 0
-30 -9 0
-37 -9 0
-9 -44 0
-51 -9 0
-58 -9 0
-23 -16 0
-30 -16 0
-37 -16 0
-44 -16 0
-51 -16 0
-58 -16 0
-23 -30 0
-23 -37 0
-23 -44 0
-23 -51 0
-58 -23 0
-30 -37 0
-30 -44 0
-30 -51 0
-58 -30 0
-37 -44 0
-51 -37 0
-58 -37 0
-51 -44 0
-58 -44 0
-58 -51 0
-10 -3 0
-17 -3 0
-3 -24 0
-31 -3 0
-38 -3 0
-45 -3 0
-52 -3 0
-59 -3 0
-17 -10 0
-10 -24 0
-31 -10 0
-38 -10 0
-45 -10 0
-52 -10 0
-59 -10 0
-17 -24 0
-31 -17 0
-17 -38 0
-17 -45 0
-17 -52 0
-59 -17 0
-31 -24 0
-38 -24 0
-45 -24 0
-52 -24 0
-59 -24 0
-31 -38 0
-31 -45 0
-31 -52 0
-59 -31 0
-45 -38 0
-52 -38 0
-59 -38 0
-45 -52 0
-59 -45 0
-59 -52 0
-4 -11 0
-18 -4 0
-4 -25 0
-32 -4 0
-39 -4 0
-46 -4 0
-53 -4 0
-60 -4 0
-18 -11 0
-25 -11 0
-32 -11 0
-39 -11 0
-46 -11 0
-53 -11 0
-60 -11 0
-18 -25 0
-18 -32 0
-18 -39 0
-18 -46 0
-53 -18 0
-60 -18 0
-32 -25 0
-39 -25 0
-46 -25 0
-53 -25 0
-60 -25 0
-32 -39 0
-32 -46 0
-53 -32 0
-60 -32 0
-46 -39 0
-53 -39 0
-60 -39 0
-53 -46 0
-60 -46 0
-60 -53 0
-5 -12 0
-19 -5 0
-26 -5 0
-33 -5 0
-40 -5 0
-47 -5 0
-54 -5 0
-61 -5 0
-19 -12 0
-26 -12 0
-33 -12 0
-40 -12 0
-47 -12 0
-54 -12 0
-61 -12 0
-19 -26 0
-33 -19 0
-19 -40 0
-19 -47 0
-19 -54 0
-61 -19 0
-33 -26 0
-26 -40 0
-47 -26 0
-54 -26 0
-61 -26 0
-33 -40 0
-33 -47 0
-33 -54 0
-61 -33 0
-47 -40 0
-54 -40 0
-61 -40 0
-54 -47 0
-61 -47 0
-61 -54 0
-13 -6 0
-6 -20 0
-6 -27 0
-6 -34 0
-6 -41 0
-6 -48 0
-6 -55 0
-6 -62 0
-13 -20 0
-13 -27 0
-13 -34 0
-13 -41 0
-13 -48 0
-13 -55 0
-13 -62 0
-27 -20 0
-20 -34 0
-41 -20 0
-20 -48 0
-20 -55 0
-20 -62 0
-27 -34 0
-27 -41 0
-27 -48 0
-27 -55 0
-27 -62 0
-41 -34 0
-34 -48 0
-55 -34 0
-34 -62 0
-41 -48 0
-41 -55 0
-41 -62 0
-55 -48 0
-48 -62 0
-55 -62 0
-7 -14 0
-7 -21 0
-7 -28 0
-7 -35 0
-7 -42 0
-7 -49 0
-7 -56 0
-7 -63 0
-21 -14 0
-28 -14 0
-35 -14 0
-42 -14 0
-49 -14 0
-56 -14 0
-14 -63 0
-21 -28 0
-35 -21 0
-42 -21 0
-49 -21 0
-21 -56 0
-21 -63 0
-35 -28 0
-42 -28 0
-28 -49 0
-28 -56 0
-28 -63 0
-42 -35 0
-35 -49 0
-35 -56 0
-35 -63 0
-42 -49 0
-42 -56 0
-42 -63 0
-49 -56 0
-49 -63 0
-56 -63 0
