p cnf 72 297
3 2 6 1 7 5 4 8 0
13 11 12 10 14 15 16 9 0
22 18 19 17 20 24 23 21 0
30 26 29 32 27 31 25 28 0
34 36 33 35 38 37 39 40 0
44 41 43 42 45 46 48 47 0
54 50 49 52 51 55 53 56 0
62 58 57 61 63 59 60 64 0
69 71 65 70 72 67 66 68 0
-9 -1 0
-1 -17 0
-25 -1 0
-33 -1 0
-1 -41 0
-1 -49 0
-1 -57 0
-65 -1 0
-9 -17 0
-9 -25 0
-33 -9 0
-9 -41 0
-9 -49 0
-9 -57 0
-65 -9 0
-25 -17 0
-33 -17 0
-17 -41 0
-17 -49 0
-57 -17 0
-65 -17 0
-33 -25 0
-25 -41 0
-25 -49 0
-57 -25 0
-65 -25 0
-33 -41 0
-33 -49 0
-33 -57 0
-65 -33 0
-49 -41 0
-57 -41 0
-65 -41 0
-57 -49 0
-65 -49 0
-65 -57 0
-10 -2 0
-2 -18 0
-2 -26 0
-2 -34 0
-2 -42 0
-2 -50 0
-2 -58 0
-66 -2 0
-10 -18 0
-10 -26 0
-10 -34 0
-10 -42 0
-10 -50 0
-10 -58 0
-66 -10 0
-26 -18 0
-18 -34 0
-18 -42 0
-18 -50 0
-18 -58 0
-66 -18 0
-26 -34 0
-26 -42 0
-26 -50 0
-26 -58 0
-66 -26 0
-42 -34 0
-34 -50 0
-58 -34 0
-66 -34 0
-42 -50 0
-58 -42 0
-66 -42 0
-58 -50 0
-66 -50 0
-66 -58 0
-11 -3 0
-19 -3 0
-27 -3 0
-35 -3 0
-43 -3 0
-51 -3 0
-59 -3 0
-67 -3 0
-11 -19 0
-11 -27 0
-11 -35 0
-11 -43 0
-11 -51 0
-11 -59 0
-67 -11 0
-27 -19 0
-35 -19 0
-43 -19 0
-51 -19 0
-19 -59 0
-67 -19 0
-35 -27 0
-43 -27 0
-51 -27 0
-27 -59 0
-67 -27 0
-35 -43 0
-35 -51 0
-35 -59 0
-67 -35 0
-43 -51 0
-43 -59 0
-67 -43 0
-51 -59 0
-67 -51 0
-67 -59 0
-12 -4 0
-4 -20 0
-4 -28 0
-4 -36 0
-4 -44 0
-4 -52 0
-4 -60 0
-68 -4 0
-12 -20 0
-12 -28 0
-12 -36 0
-12 -44 0
-12 -52 0
-12 -60 0
-68 -12 0
-28 -20 0
-20 -36 0
-44 -20 0
-20 -52 0
-20 -60 0
-68 -20 0
-28 -36 0
-44 -28 0
-28 -52 0
-28 -60 0
-68 -28 0
-44 -36 0
-52 -36 0
-60 -36 0
-68 -36 0
-44 -52 0
-44 -60 0
-68 -44 0
-60 -52 0
-68 -52 0
-68 -60 0
-5 -13 0
-21 -5 0
-29 -5 0
-37 -5 0
-45 -5 0
-53 -5 0
-61 -5 0
-69 -5 0
-21 -13 0
-29 -13 0
-37 -13 0
-45 -13 0
-53 -13 0
-61 -13 0
-69 -13 0
-21 -29 0
-21 -37 0
-45 -21 0
-21 -53 0
-21 -61 0
-69 -21 0
-37 -29 0
-45 -29 0
-29 -53 0
-29 -61 0
-69 -29 0
-45 -37 0
-37 -53 0
-37 -61 0
-69 -37 0
-45 -53 0
-45 -61 0
-69 -45 0
-53 -61 0
-69 -53 0
-69 -61 0
-14 -6 0
-6 -22 0
-6 -30 0
-6 -38 0
-6 -46 0
-6 -54 0
-6 -62 0
-70 -6 0
-14 -22 0
-14 -30 0
-14 -38 0
-14 -46 0
-14 -54 0
-14 -62 0
-70 -14 0
-30 -22 0
-22 -38 0
-46 -22 0
-22 -54 0
-22 -62 0
-70 -22 0
-30 -38 0
-30 -46 0
-30 -54 0
-30 -62 0
-70 -30 0
-46 -38 0
-38 -54 0
-62 -38 0
-70 -38 0
-46 -54 0
-46 -62 0
-70 -46 0
-62 -54 0
-70 -54 0
-70 -62 0
-7 -15 0
-7 -23 0
-7 -31 0
-7 -39 0
-7 -47 0
-7 -55 0
-7 -63 0
-7 -71 0
-15 -23 0
-15 -31 0
-15 -39 0
-15 -47 0
-15 -55 0
-15 -63 0
-15 -71 0
-31 -23 0
-39 -23 0
-23 -47 0
-55 -23 0
-23 -63 0
-23 -71 0
-31 -39 0
-31 -47 0
-31 -55 0
-31 -63 0
-31 -71 0
-39 -47 0
-39 -55 0
-39 -63 0
-39 -71 0
-55 -47 0
-63 -47 0
-47 -71 0
-63 -55 0
-55 -71 0
-63 -71 0
-8 -16 0
-8 -24 0
-8 -32 0
-8 -40 0
-8 -48 0
-8 -56 0
-8 -64 0
-8 -72 0
-16 -24 0
-16 -32 0
-16 -40 0
-16 -48 0
-16 -56 0
-16 -64 0
-16 -72 0
-32 -24 0
-40 -24 0
-48 -24 0
-56 -24 0
-24 -64 0
-24 -72 0
-40 -32 0
-32 -48 0
-32 -56 0
-32 -64 0
-32 -72 0
-40 -48 0
-40 -56 0
-40 -64 0
-40 -72 0
-56 -48 0
-64 -48 0
-48 -72 0
-64 -56 0
-56 -72 0
-64 -72 0
