p cnf 900 6872
-1 -301 0
-1 581 0
-281 301 0
-1 589 0
-289 301 0
-1 309 0
-9 301 0
340 -1 0
-40 301 0
-1 497 0
-197 301 0
-1 450 0
-150 301 0
-1 407 0
-107 301 0
-1 387 0
-87 301 0
-1 480 0
-180 301 0
-589 -581 -497 -480 -450 -407 -387 -340 -309 1 -514 0
-301 40 9 87 107 150 180 197 281 289 214 0
-2 -302 0
-2 303 0
-3 302 0
-2 307 0
-7 302 0
-2 579 0
302 -279 0
379 -2 0
-79 302 0
-2 391 0
-91 302 0
457 -2 0
302 -157 0
-2 452 0
-152 302 0
-2 377 0
302 -77 0
-2 403 0
-103 302 0
-579 -391 -452 -403 -457 -379 -377 -307 -303 2 -349 0
-302 3 7 77 79 91 103 152 157 279 49 0
-3 -303 0
528 -3 0
303 -228 0
-3 584 0
303 -284 0
553 -3 0
303 -253 0
-3 598 0
303 -298 0
-3 330 0
303 -30 0
336 -3 0
303 -36 0
-3 340 0
303 -40 0
334 -3 0
303 -34 0
-3 346 0
303 -46 0
-3 405 0
303 -105 0
-3 388 0
303 -88 0
-3 375 0
303 -75 0
-3 460 0
303 -160 0
-3 483 0
303 -183 0
475 -3 0
303 -175 0
-584 -598 -553 -528 -483 -475 -460 -405 -388 -375 -346 -340 -336 -334 -330 3 -352 0
30 36 -303 34 40 46 75 88 105 160 175 183 228 253 284 298 52 0
-4 -304 0
458 -4 0
-158 304 0
-4 442 0
304 -142 0
-4 455 0
304 -155 0
327 -4 0
304 -27 0
-4 339 0
-39 304 0
-4 345 0
304 -45 0
-4 504 0
304 -204 0
-4 422 0
304 -122 0
-4 384 0
304 -84 0
-4 517 0
304 -217 0
-504 -517 -458 -455 -442 -422 -384 -345 -339 -327 4 -370 -311 -337 0
-304 39 27 45 84 122 142 155 158 204 217 37 70 11 0
-5 -305 0
559 -5 0
305 -259 0
-5 577 0
-277 305 0
-5 505 0
-205 305 0
-5 405 0
-105 305 0
-5 420 0
305 -120 0
-5 450 0
-150 305 0
-5 395 0
-95 305 0
457 -5 0
305 -157 0
-5 410 0
305 -110 0
-5 400 0
305 -100 0
-5 525 0
305 -225 0
-400 -577 -559 -525 -410 -457 -420 5 -505 -395 -405 -450 0
120 205 157 259 110 225 -305 150 100 95 105 277 0
-6 -306 0
568 -6 0
-268 306 0
-6 552 0
-252 306 0
-6 346 0
306 -46 0
-6 304 0
-4 306 0
-6 513 0
306 -213 0
-6 325 0
-25 306 0
333 -6 0
-33 306 0
-6 444 0
-144 306 0
-6 353 0
-53 306 0
-6 545 0
306 -245 0
-6 526 0
-226 306 0
-552 -545 -568 -526 -513 -444 -353 -346 -333 -325 -304 6 -343 0
-306 25 4 33 46 53 144 213 226 245 252 268 43 0
-7 -307 0
-7 587 0
307 -287 0
-7 576 0
307 -276 0
314 -7 0
-14 307 0
494 -7 0
-194 307 0
-7 451 0
-151 307 0
-7 368 0
307 -68 0
-7 452 0
-152 307 0
-7 444 0
-144 307 0
-7 356 0
307 -56 0
-7 418 0
-118 307 0
-494 -576 -587 -452 -451 -444 -418 -368 -356 -314 7 -311 -352 0
14 56 -307 68 118 144 151 152 194 276 287 52 11 0
-8 -308 0
308 -283 0
-9 -309 0
-9 544 0
309 -244 0
-9 585 0
309 -285 0
-9 340 0
309 -40 0
-9 565 0
309 -265 0
-9 315 0
309 -15 0
-9 405 0
309 -105 0
-9 388 0
309 -88 0
-9 490 0
309 -190 0
-9 422 0
309 -122 0
-9 359 0
309 -59 0
-585 -544 -565 -490 -422 -405 -388 -359 -340 -315 9 -337 -343 -308 -447 0
15 59 40 -309 88 105 122 190 244 265 285 8 43 37 147 0
-10 -310 0
-10 586 0
310 -286 0
-10 567 0
310 -267 0
-10 464 0
310 -164 0
-10 324 0
310 -24 0
-10 388 0
310 -88 0
-10 392 0
310 -92 0
-10 425 0
310 -125 0
-10 509 0
310 -209 0
-10 374 0
310 -74 0
-10 386 0
-86 310 0
-10 484 0
310 -184 0
-10 485 0
-185 310 0
-10 506 0
310 -206 0
-10 541 0
310 -241 0
-10 543 0
310 -243 0
74 -310 24 86 88 92 125 164 184 185 206 209 241 243 267 286 70 0
12 18 2 20 54 158 164 175 223 229 236 267 270 -311 250 0
-12 -312 0
-12 587 0
312 -287 0
-12 560 0
312 -260 0
-12 599 0
312 -299 0
-12 392 0
312 -92 0
-12 534 0
-234 312 0
-12 372 0
-72 312 0
-12 429 0
312 -129 0
-12 434 0
312 -134 0
-12 507 0
312 -207 0
-12 543 0
312 -243 0
-434 -429 -543 12 -507 -587 -560 -599 -372 -392 -534 0
129 260 72 287 -312 234 92 243 207 299 134 0
-13 -313 0
568 -13 0
-268 313 0
-13 564 0
313 -264 0
-13 451 0
-151 313 0
-13 342 0
-42 313 0
-13 375 0
-75 313 0
435 -13 0
313 -135 0
-13 538 0
-238 313 0
-13 479 0
-179 313 0
-479 -342 -538 -564 -451 -435 13 -568 -375 0
238 264 -313 42 135 268 151 179 75 0
-14 -314 0
-14 572 0
314 -272 0
578 -14 0
314 -278 0
318 -14 0
314 -18 0
-14 505 0
-205 314 0
-14 368 0
314 -68 0
360 -14 0
-60 314 0
515 -14 0
-215 314 0
-14 536 0
-236 314 0
-14 358 0
-58 314 0
-318 -572 -368 14 -358 -360 -578 -505 -536 -515 0
18 205 68 -314 272 278 60 236 58 215 0
-15 -315 0
-15 572 0
315 -272 0
-15 566 0
-266 315 0
-15 314 0
315 -14 0
366 -15 0
-66 315 0
-15 361 0
315 -61 0
-15 460 0
315 -160 0
-15 535 0
-235 315 0
-15 400 0
-100 315 0
-15 474 0
-174 315 0
-15 443 0
-143 315 0
-15 473 0
-173 315 0
-15 526 0
315 -226 0
-572 -535 -566 -526 -474 -473 -460 -443 -400 -366 -361 -314 15 -456 -337 0
-315 14 66 61 100 143 160 173 174 226 235 266 272 156 37 0
-16 -316 0
568 -16 0
-268 316 0
305 -16 0
-5 316 0
318 -16 0
-18 316 0
334 -16 0
-34 316 0
-16 326 0
-26 316 0
-16 565 0
316 -265 0
-16 319 0
-19 316 0
-16 342 0
-42 316 0
-16 509 0
316 -209 0
493 -16 0
-193 316 0
-16 496 0
-196 316 0
463 -16 0
-163 316 0
-16 374 0
-74 316 0
-568 -509 -565 -496 -493 -463 -374 -342 -334 -326 -319 -318 -305 16 -445 -492 -447 0
5 18 -316 19 26 34 42 74 163 193 196 209 265 268 192 147 145 0
32 101 27 149 150 211 217 230 249 296 298 -317 0
-18 -318 0
-18 554 0
-254 318 0
320 -18 0
318 -20 0
364 -18 0
-64 318 0
-18 379 0
318 -79 0
-18 431 0
318 -131 0
-18 464 0
318 -164 0
329 -18 0
318 -29 0
-18 325 0
318 -25 0
-18 539 0
318 -239 0
-18 508 0
318 -208 0
18 -364 -320 -508 -539 -329 -554 -325 -379 -464 -431 0
-318 20 29 254 164 79 131 25 64 239 208 0
-19 -319 0
-19 592 0
-292 319 0
-19 579 0
319 -279 0
-19 389 0
-89 319 0
-19 402 0
-102 319 0
-19 455 0
319 -155 0
-19 464 0
-164 319 0
-19 564 0
319 -264 0
-19 388 0
319 -88 0
-19 502 0
-202 319 0
-19 407 0
-107 319 0
-19 543 0
-243 319 0
-592 -564 -579 -543 -502 -464 -455 -407 -402 -389 -388 19 -588 0
89 102 -319 88 107 155 164 202 243 264 279 292 288 0
-20 -320 0
-20 307 0
-7 320 0
-20 321 0
-21 320 0
366 -20 0
-66 320 0
567 -20 0
320 -267 0
-20 573 0
-273 320 0
-20 376 0
-76 320 0
-20 451 0
-151 320 0
-20 362 0
320 -62 0
-20 383 0
320 -83 0
367 -20 0
-67 320 0
-20 385 0
-85 320 0
-20 481 0
-181 320 0
-20 415 0
-115 320 0
506 -20 0
-206 320 0
-20 520 0
-220 320 0
523 -20 0
-223 320 0
7 -320 66 62 21 67 76 83 85 115 151 181 206 220 223 267 273 119 156 0
-21 -321 0
-21 544 0
321 -244 0
-21 563 0
321 -263 0
-21 561 0
-261 321 0
-21 599 0
321 -299 0
-21 307 0
-7 321 0
-21 330 0
-30 321 0
366 -21 0
-66 321 0
-21 319 0
-19 321 0
-21 306 0
321 -6 0
-21 435 0
321 -135 0
-21 381 0
321 -81 0
-21 532 0
-232 321 0
-21 527 0
321 -227 0
-599 -563 -561 -544 -532 -527 -435 -381 -366 -330 -319 -307 -306 21 -456 0
-321 6 7 19 30 66 81 135 227 232 244 261 263 299 156 0
-22 -322 0
-22 585 0
-285 322 0
-22 556 0
-256 322 0
-22 376 0
-76 322 0
310 -22 0
-10 322 0
335 -22 0
-35 322 0
-22 381 0
-81 322 0
-22 341 0
-41 322 0
-22 415 0
-115 322 0
-22 486 0
-186 322 0
-22 520 0
322 -220 0
-376 -381 -585 -415 -341 22 -486 -556 -310 -520 -335 0
41 186 285 -322 220 76 115 35 81 256 10 0
-23 -323 0
-23 547 0
-247 323 0
-23 554 0
-254 323 0
-23 563 0
323 -263 0
-23 574 0
-274 323 0
-23 551 0
323 -251 0
336 -23 0
323 -36 0
-23 302 0
-2 323 0
-23 510 0
-210 323 0
312 -23 0
323 -12 0
329 -23 0
323 -29 0
-23 502 0
-202 323 0
-23 413 0
-113 323 0
-23 356 0
323 -56 0
387 -23 0
-87 323 0
-23 474 0
-174 323 0
406 -23 0
-106 323 0
-23 424 0
-124 323 0
-23 507 0
-207 323 0
-323 12 29 2 36 56 87 106 113 124 174 202 207 210 247 251 254 263 274 233 0
-24 -324 0
-24 558 0
324 -258 0
-24 369 0
324 -69 0
-24 564 0
324 -264 0
-24 394 0
324 -94 0
-24 315 0
324 -15 0
-24 461 0
324 -161 0
-24 322 0
324 -22 0
-24 515 0
-215 324 0
454 -24 0
324 -154 0
-24 374 0
324 -74 0
-24 385 0
-85 324 0
-24 545 0
324 -245 0
478 -24 0
324 -178 0
-24 479 0
324 -179 0
-24 507 0
324 -207 0
528 -24 0
324 -228 0
-564 -545 -558 -528 -515 -507 -479 -478 -461 -454 -394 -385 -374 -369 -322 -315 24 -600 0
22 15 -324 69 74 85 94 154 161 178 179 207 215 228 245 258 264 300 0
-25 -325 0
-25 552 0
-252 325 0
439 -25 0
-139 325 0
-25 571 0
325 -271 0
-25 313 0
325 -13 0
312 -25 0
-12 325 0
-25 322 0
325 -22 0
493 -25 0
-193 325 0
433 -25 0
-133 325 0
466 -25 0
-166 325 0
-571 -493 -552 -466 -439 -433 -322 -313 -312 25 -600 0
12 -325 13 22 133 139 166 193 252 271 300 0
-26 -326 0
-26 549 0
-249 326 0
-26 552 0
326 -252 0
-26 442 0
-142 326 0
-26 513 0
326 -213 0
-26 359 0
-59 326 0
-26 397 0
326 -97 0
-549 -552 -442 -513 -397 -359 26 -419 0
97 59 -326 142 213 249 252 119 0
-27 -327 0
-27 323 0
327 -23 0
439 -27 0
-139 327 0
-27 376 0
-76 327 0
-27 503 0
327 -203 0
-27 414 0
327 -114 0
420 -27 0
327 -120 0
333 -27 0
-33 327 0
-27 339 0
-39 327 0
-27 390 0
327 -90 0
-27 398 0
327 -98 0
500 -27 0
-200 327 0
449 -27 0
-149 327 0
-27 519 0
-219 327 0
-503 -339 -500 27 -414 -439 -376 -420 -519 -333 -323 -390 -398 -449 0
90 98 -327 120 149 219 39 114 76 139 203 200 23 33 0
-28 -328 0
567 -28 0
-267 328 0
-28 573 0
328 -273 0
577 -28 0
328 -277 0
-28 373 0
-73 328 0
-28 306 0
328 -6 0
458 -28 0
-158 328 0
-28 461 0
328 -161 0
-28 325 0
328 -25 0
430 -28 0
328 -130 0
-28 532 0
-232 328 0
-28 416 0
328 -116 0
-28 469 0
328 -169 0
511 -28 0
328 -211 0
-567 -458 -461 -373 -469 -416 -573 -511 -430 -325 28 -577 -532 -306 0
-328 273 25 73 116 161 267 232 277 130 6 158 169 211 0
-29 -329 0
-29 576 0
329 -276 0
-29 301 0
329 -1 0
332 -29 0
-32 329 0
-29 573 0
-273 329 0
322 -29 0
-22 329 0
-29 324 0
329 -24 0
-29 404 0
329 -104 0
-29 350 0
329 -50 0
-29 358 0
329 -58 0
-29 386 0
-86 329 0
-29 477 0
-177 329 0
-332 -322 -576 29 -404 -386 -301 -573 -358 -324 -477 -350 0
-329 104 86 276 273 58 22 1 50 24 177 32 0
-30 -330 0
-30 556 0
330 -256 0
-30 320 0
330 -20 0
332 -30 0
330 -32 0
-30 369 0
330 -69 0
-30 420 0
330 -120 0
-30 351 0
330 -51 0
-30 393 0
-93 330 0
-30 463 0
330 -163 0
-30 478 0
330 -178 0
518 -30 0
330 -218 0
-518 -478 -556 -463 -420 -393 -369 -351 -332 -320 30 -349 0
51 20 -330 32 69 93 120 163 178 218 256 49 0
-31 -331 0
-31 563 0
331 -263 0
314 -31 0
-14 331 0
318 -31 0
331 -18 0
-31 326 0
-26 331 0
394 -31 0
-94 331 0
-31 388 0
331 -88 0
-31 375 0
331 -75 0
-31 350 0
331 -50 0
355 -31 0
331 -55 0
-31 386 0
-86 331 0
432 -31 0
331 -132 0
-31 482 0
331 -182 0
-31 495 0
331 -195 0
-31 508 0
-208 331 0
-31 544 0
331 -244 0
-508 -495 -544 -563 -482 -432 -394 -388 -386 -375 -355 -350 -326 -318 -314 31 -533 -317 -349 -311 -447 0
18 14 -331 26 50 55 75 86 88 94 132 182 195 208 244 263 49 11 233 147 17 0
-32 -332 0
-32 572 0
332 -272 0
-32 576 0
332 -276 0
-32 303 0
332 -3 0
-32 396 0
332 -96 0
-32 498 0
332 -198 0
-32 312 0
332 -12 0
-32 455 0
332 -155 0
-32 461 0
332 -161 0
-32 390 0
332 -90 0
-32 398 0
332 -98 0
-32 460 0
332 -160 0
-32 430 0
332 -130 0
-32 466 0
332 -166 0
-32 418 0
332 -118 0
-32 449 0
332 -149 0
32 -461 -455 -498 -449 -572 -460 -430 -303 -418 -466 -398 -312 -576 -396 -390 0
130 276 272 3 166 149 198 118 161 12 155 98 96 90 -332 160 0
-33 -333 0
-33 578 0
333 -278 0
-33 553 0
333 -253 0
-33 303 0
333 -3 0
-33 382 0
333 -82 0
-33 315 0
333 -15 0
-33 348 0
333 -48 0
-33 457 0
333 -157 0
-33 358 0
333 -58 0
-33 387 0
333 -87 0
-33 418 0
333 -118 0
-348 -315 -553 33 -387 -418 -457 -303 -382 -358 -578 0
82 58 157 15 253 -333 118 3 278 87 48 0
-34 -334 0
-34 548 0
334 -248 0
314 -34 0
334 -14 0
-34 326 0
334 -26 0
567 -34 0
-267 334 0
-34 389 0
334 -89 0
-34 319 0
334 -19 0
-34 302 0
-2 334 0
-34 497 0
334 -197 0
-34 333 0
334 -33 0
-34 362 0
334 -62 0
-34 348 0
334 -48 0
-34 356 0
334 -56 0
-34 422 0
334 -122 0
-348 -362 -356 -567 -548 -326 34 -302 -497 -389 -422 -314 -319 -333 0
248 48 56 26 14 19 89 -334 122 33 267 2 62 197 0
-35 -335 0
-35 318 0
335 -18 0
567 -35 0
-267 335 0
-35 302 0
335 -2 0
-35 362 0
-62 335 0
-35 341 0
335 -41 0
-35 532 0
-232 335 0
387 -35 0
335 -87 0
-35 477 0
-177 335 0
-35 409 0
335 -109 0
466 -35 0
335 -166 0
-35 418 0
-118 335 0
-409 -532 -387 -318 -302 -341 -567 35 -362 -466 -477 -418 0
-335 18 87 109 232 166 2 118 267 177 41 62 0
-36 -336 0
364 -36 0
336 -64 0
-36 575 0
336 -275 0
357 -36 0
336 -57 0
313 -36 0
336 -13 0
-36 491 0
-191 336 0
-36 454 0
336 -154 0
-36 532 0
-232 336 0
-36 507 0
336 -207 0
-36 519 0
336 -219 0
-491 36 -313 -507 -454 -357 -575 -519 -364 -532 0
275 -336 219 191 64 207 57 154 232 13 0
60 22 65 76 81 83 87 91 118 208 219 230 262 277 280 282 -337 0
-38 -338 0
338 -283 0
-39 -339 0
-39 592 0
339 -292 0
-39 574 0
339 -274 0
-39 562 0
339 -262 0
-39 408 0
339 -108 0
-39 388 0
339 -88 0
-39 354 0
339 -54 0
-39 534 0
339 -234 0
-39 466 0
339 -166 0
-39 489 0
339 -189 0
-39 480 0
339 -180 0
-39 508 0
339 -208 0
-39 528 0
339 -228 0
-592 -574 -534 -562 -528 -508 -489 -480 -466 -408 -388 -354 39 -349 0
108 -339 88 54 166 180 189 208 228 234 262 274 292 49 0
-40 -340 0
582 -40 0
340 -282 0
-40 307 0
-7 340 0
-40 371 0
340 -71 0
-40 416 0
-116 340 0
-40 424 0
-124 340 0
527 -40 0
340 -227 0
-371 40 -307 -424 -527 -582 -416 0
71 124 7 227 -340 282 116 0
-41 -341 0
-41 581 0
341 -281 0
310 -41 0
-10 341 0
-41 455 0
341 -155 0
439 -41 0
341 -139 0
433 -41 0
-133 341 0
430 -41 0
-130 341 0
-41 438 0
-138 341 0
-41 450 0
-150 341 0
-41 404 0
-104 341 0
-41 372 0
-72 341 0
-41 437 0
341 -137 0
467 -41 0
-167 341 0
-41 485 0
-185 341 0
-485 -467 -581 -455 -450 -439 -438 -437 -433 -430 -404 -372 -310 41 -588 -338 0
-341 10 72 104 130 133 137 138 139 150 155 167 185 281 38 288 0
-42 -342 0
595 -42 0
-295 342 0
553 -42 0
-253 342 0
-42 572 0
-272 342 0
366 -42 0
-66 342 0
-42 368 0
342 -68 0
-42 392 0
342 -92 0
-42 441 0
-141 342 0
-42 384 0
342 -84 0
-42 525 0
-225 342 0
-595 -572 -553 -525 -441 -392 -384 -368 -366 42 -352 -337 -436 0
-342 68 66 84 92 141 225 253 272 295 136 37 52 0
-43 -343 0
343 -283 0
-44 -344 0
344 -283 0
-45 -345 0
-45 551 0
-251 345 0
-45 552 0
-252 345 0
-45 414 0
-114 345 0
515 -45 0
-215 345 0
467 -45 0
-167 345 0
-45 546 0
-246 345 0
-551 -552 -546 -515 -467 -414 45 -370 0
114 167 -345 215 246 251 252 70 0
-46 -346 0
-46 581 0
346 -281 0
570 -46 0
-270 346 0
366 -46 0
-66 346 0
-46 389 0
346 -89 0
-46 324 0
-24 346 0
312 -46 0
-12 346 0
-46 319 0
-19 346 0
335 -46 0
-35 346 0
401 -46 0
-101 346 0
-46 531 0
-231 346 0
377 -46 0
346 -77 0
472 -46 0
-172 346 0
-46 409 0
-109 346 0
-570 -531 -581 -472 -409 -401 -389 -377 -366 -335 -324 -319 -312 46 -349 0
12 -346 19 24 35 66 77 89 101 109 172 231 270 281 49 0
-47 -347 0
591 -47 0
-291 347 0
578 -47 0
-278 347 0
-47 303 0
-3 347 0
-47 513 0
-213 347 0
-47 510 0
-210 347 0
-47 487 0
347 -187 0
-47 502 0
-202 347 0
-47 444 0
-144 347 0
435 -47 0
347 -135 0
-47 350 0
347 -50 0
355 -47 0
-55 347 0
515 -47 0
-215 347 0
469 -47 0
347 -169 0
-47 547 0
-247 347 0
-578 47 -303 -469 -513 -350 -547 -487 -435 -510 -355 -515 -502 -591 -444 0
-347 215 213 169 55 187 202 247 291 50 135 144 210 278 3 0
-48 -348 0
-48 593 0
-293 348 0
-48 558 0
-258 348 0
-48 321 0
-21 348 0
-48 571 0
-271 348 0
335 -48 0
-35 348 0
-48 325 0
-25 348 0
-48 362 0
-62 348 0
360 -48 0
-60 348 0
-48 358 0
-58 348 0
-48 474 0
-174 348 0
406 -48 0
-106 348 0
-593 -571 -558 -474 -406 -362 -360 -358 -335 -325 -321 48 -594 -370 -447 0
-348 25 35 21 58 60 62 106 174 258 271 293 70 147 294 0
50 165 240 64 241 287 37 -349 192 0
-50 -350 0
-50 326 0
-26 350 0
-50 376 0
-76 350 0
-50 503 0
350 -203 0
-50 356 0
-56 350 0
367 -50 0
-67 350 0
-50 421 0
-121 350 0
449 -50 0
-149 350 0
-50 484 0
-184 350 0
495 -50 0
-195 350 0
-50 516 0
-216 350 0
-50 520 0
-220 350 0
-520 -516 -503 -495 -484 -449 -421 -376 -367 -356 -326 50 -419 -343 0
67 26 56 -350 76 121 149 184 195 203 216 220 119 43 0
-51 -351 0
582 -51 0
351 -282 0
340 -51 0
-40 351 0
-51 501 0
-201 351 0
-51 503 0
351 -203 0
-51 304 0
-4 351 0
-51 353 0
-53 351 0
-51 531 0
-231 351 0
367 -51 0
-67 351 0
-51 486 0
-186 351 0
-582 -503 -531 -501 -486 -367 -353 -340 -304 51 -411 -317 0
-351 4 40 53 67 186 201 203 231 282 111 17 0
-52 -352 0
352 -283 0
-53 -353 0
-53 584 0
-284 353 0
-53 513 0
353 -213 0
-53 368 0
353 -68 0
-53 496 0
353 -196 0
-53 457 0
353 -157 0
-53 477 0
-177 353 0
-53 446 0
-146 353 0
-53 471 0
-171 353 0
-53 524 0
353 -224 0
-53 528 0
353 -228 0
-524 -513 -528 -584 -496 -477 -471 -457 -446 -368 53 -370 0
146 68 -353 157 171 177 196 213 224 228 284 70 0
-54 -354 0
-54 592 0
-292 354 0
-54 309 0
-9 354 0
332 -54 0
-32 354 0
-54 389 0
-89 354 0
-54 375 0
-75 354 0
433 -54 0
-133 354 0
-54 404 0
-104 354 0
-54 407 0
-107 354 0
-54 535 0
-235 354 0
-54 538 0
-238 354 0
-54 372 0
-72 354 0
-54 466 0
-166 354 0
-54 544 0
-244 354 0
-592 -544 -538 -535 -466 -433 -407 -404 -389 -375 -372 -332 -309 54 -550 0
-354 32 9 72 75 89 104 107 133 166 235 238 244 292 250 0
-55 -355 0
-55 556 0
355 -256 0
-55 366 0
355 -66 0
-55 382 0
355 -82 0
-55 319 0
355 -19 0
-55 322 0
355 -22 0
-55 333 0
-33 355 0
-55 362 0
-62 355 0
457 -55 0
355 -157 0
-55 354 0
355 -54 0
-55 486 0
355 -186 0
518 -55 0
-218 355 0
-354 -322 -366 -486 -319 -457 55 -333 -518 -362 -556 -382 0
22 54 256 82 186 157 218 19 62 -355 66 33 0
-56 -356 0
-56 426 0
-126 356 0
-56 414 0
356 -114 0
313 -56 0
356 -13 0
-56 490 0
356 -190 0
-56 537 0
-237 356 0
367 -56 0
-67 356 0
-56 383 0
356 -83 0
-56 429 0
356 -129 0
-537 -429 -490 -426 -414 -383 -367 -313 56 -456 0
67 114 -356 13 83 126 129 190 237 156 0
-57 -357 0
-57 526 0
357 -226 0
-57 549 0
-249 357 0
578 -57 0
357 -278 0
-57 566 0
357 -266 0
-57 326 0
357 -26 0
-57 346 0
357 -46 0
-57 571 0
357 -271 0
-57 335 0
357 -35 0
-57 404 0
-104 357 0
-57 358 0
357 -58 0
-346 -326 -566 -526 57 -358 -335 -578 -404 -549 -571 0
-357 278 46 58 104 271 226 266 35 26 249 0
-58 -358 0
-58 595 0
358 -295 0
-58 558 0
358 -258 0
-58 579 0
358 -279 0
-58 306 0
358 -6 0
478 -58 0
358 -178 0
-58 480 0
358 -180 0
-58 548 0
-248 358 0
-595 -579 -558 -548 -480 -478 -306 58 -308 -550 -445 0
-358 178 6 180 248 258 279 295 145 8 250 0
-59 -359 0
-59 586 0
359 -286 0
-59 558 0
359 -258 0
-59 303 0
-3 359 0
-59 362 0
-62 359 0
-59 392 0
359 -92 0
-59 390 0
359 -90 0
-59 512 0
359 -212 0
-59 412 0
-112 359 0
-59 421 0
359 -121 0
-59 446 0
359 -146 0
-59 499 0
359 -199 0
-59 546 0
359 -246 0
-586 -558 -546 -512 -499 -446 -421 -412 -392 -390 -362 -303 59 -311 0
90 -359 3 62 92 112 121 146 199 212 246 258 286 11 0
-60 -360 0
-60 559 0
360 -259 0
-60 399 0
360 -99 0
-60 414 0
360 -114 0
-60 365 0
360 -65 0
-60 388 0
360 -88 0
433 -60 0
-133 360 0
-60 356 0
360 -56 0
-60 535 0
-235 360 0
367 -60 0
-67 360 0
-414 -535 -356 -365 -559 60 -388 -367 -433 -399 0
259 -360 133 56 99 88 235 67 114 65 0
-61 -361 0
-61 521 0
-221 361 0
-61 530 0
-230 361 0
332 -61 0
-32 361 0
-61 307 0
-7 361 0
366 -61 0
-66 361 0
-61 423 0
-123 361 0
-61 575 0
-275 361 0
-61 345 0
-45 361 0
-61 381 0
-81 361 0
-61 481 0
-181 361 0
347 -61 0
-47 361 0
-61 536 0
-236 361 0
377 -61 0
-77 361 0
-61 504 0
-204 361 0
-575 -530 -536 -521 -504 -481 -423 -381 -377 -366 -347 -345 -332 -307 61 -594 -317 0
-361 32 7 45 47 66 77 81 123 181 204 221 230 236 275 17 294 0
-62 -362 0
-62 598 0
362 -298 0
-62 326 0
362 -26 0
-62 307 0
362 -7 0
-62 576 0
362 -276 0
-62 402 0
362 -102 0
-62 501 0
-201 362 0
-62 398 0
362 -98 0
-62 459 0
362 -159 0
-62 480 0
362 -180 0
-62 522 0
362 -222 0
-522 -598 -576 -501 -480 -459 -402 -398 -326 -307 62 -448 0
98 -362 7 26 102 159 180 201 222 276 298 148 0
-63 -363 0
-63 589 0
363 -289 0
-63 552 0
363 -252 0
-63 309 0
-9 363 0
-63 423 0
-123 363 0
-63 335 0
363 -35 0
-63 342 0
-42 363 0
-63 365 0
363 -65 0
-63 390 0
363 -90 0
-63 401 0
363 -101 0
-63 378 0
363 -78 0
-63 413 0
363 -113 0
-63 353 0
363 -53 0
-63 347 0
363 -47 0
-63 532 0
-232 363 0
-63 384 0
363 -84 0
-63 487 0
363 -187 0
478 -63 0
363 -178 0
-63 443 0
-143 363 0
-63 459 0
363 -159 0
-63 499 0
363 -199 0
-63 549 0
-249 363 0
101 289 -363 187 78 143 113 159 252 232 9 249 35 42 199 84 90 123 53 65 178 47 0
-64 -364 0
559 -64 0
364 -259 0
-64 316 0
364 -16 0
-64 303 0
-3 364 0
357 -64 0
-57 364 0
-64 382 0
-82 364 0
-64 423 0
-123 364 0
458 -64 0
-158 364 0
-64 335 0
-35 364 0
-64 438 0
-138 364 0
470 -64 0
364 -170 0
-64 474 0
-174 364 0
-64 403 0
364 -103 0
434 -64 0
364 -134 0
432 -64 0
-132 364 0
-357 -434 -316 -438 -559 -432 -303 64 -403 -470 -458 -335 -474 -382 -423 0
259 134 -364 103 138 174 3 82 158 35 123 132 170 57 16 0
-65 -365 0
590 -65 0
-290 365 0
-65 576 0
-276 365 0
-65 321 0
-21 365 0
-65 371 0
365 -71 0
329 -65 0
-29 365 0
-65 464 0
-164 365 0
-65 368 0
-68 365 0
-65 407 0
365 -107 0
457 -65 0
365 -157 0
-65 490 0
365 -190 0
-65 543 0
-243 365 0
-543 -464 -576 -490 -590 -457 -407 -371 -368 -329 -321 65 -600 -308 -370 0
21 29 -365 68 71 107 157 164 190 243 276 290 8 70 300 0
-66 -366 0
417 -66 0
366 -117 0
-66 461 0
366 -161 0
458 -66 0
-158 366 0
-66 564 0
366 -264 0
-66 488 0
-188 366 0
-66 545 0
366 -245 0
-66 539 0
-239 366 0
-66 383 0
366 -83 0
-66 374 0
-74 366 0
-66 474 0
-174 366 0
-66 477 0
-177 366 0
449 -66 0
366 -149 0
-564 -474 -545 66 -461 -383 -374 -488 -458 -417 -477 -539 -449 0
161 117 -366 245 83 177 174 239 188 74 264 158 149 0
-67 -367 0
-67 503 0
367 -203 0
-67 439 0
367 -139 0
-67 513 0
367 -213 0
-67 497 0
367 -197 0
-67 422 0
367 -122 0
-67 353 0
367 -53 0
-67 397 0
367 -97 0
-67 540 0
367 -240 0
-67 541 0
367 -241 0
-540 -422 -439 -541 67 -397 -503 -497 -513 -353 0
-367 53 240 241 122 139 203 97 197 213 0
-68 -368 0
-68 556 0
368 -256 0
-68 330 0
-30 368 0
318 -68 0
-18 368 0
577 -68 0
-277 368 0
-68 348 0
368 -48 0
401 -68 0
-101 368 0
-68 404 0
-104 368 0
463 -68 0
-163 368 0
-68 538 0
-238 368 0
-68 509 0
368 -209 0
-68 440 0
-140 368 0
-577 -538 -556 -509 -463 -440 -404 -401 -348 -330 -318 68 -492 0
18 30 -368 48 101 104 140 163 209 238 256 277 192 0
-69 -369 0
-69 361 0
369 -61 0
379 -69 0
-79 369 0
-69 428 0
-128 369 0
-69 431 0
-131 369 0
494 -69 0
-194 369 0
454 -69 0
-154 369 0
-69 444 0
-144 369 0
-69 353 0
-53 369 0
-69 374 0
-74 369 0
-69 496 0
-196 369 0
489 -69 0
-189 369 0
-431 69 -444 -496 -428 -454 -353 -379 -361 -374 -489 -494 0
189 -369 196 154 131 194 74 144 79 128 61 53 0
90 85 102 124 138 141 159 169 215 227 245 273 279 43 -370 0
-71 -371 0
559 -71 0
-259 371 0
-71 330 0
-30 371 0
-71 574 0
371 -274 0
-71 399 0
371 -99 0
417 -71 0
371 -117 0
-71 569 0
-269 371 0
-71 404 0
371 -104 0
468 -71 0
-168 371 0
-71 474 0
-174 371 0
-71 446 0
-146 371 0
-569 -574 -559 -474 -468 -446 -417 -404 -399 -330 71 -436 -588 0
-371 99 30 104 117 146 168 174 259 269 274 136 288 0
-72 -372 0
-72 560 0
372 -260 0
-72 371 0
372 -71 0
-72 501 0
372 -201 0
-72 564 0
372 -264 0
-72 325 0
372 -25 0
-72 342 0
372 -42 0
-72 510 0
-210 372 0
-72 512 0
372 -212 0
-72 383 0
372 -83 0
-72 397 0
372 -97 0
-560 -564 -512 -510 -501 -397 -383 -371 -342 -325 72 -427 0
42 25 -372 71 83 97 201 210 212 260 264 127 0
-73 -373 0
-73 309 0
-9 373 0
-73 323 0
373 -23 0
-73 376 0
-76 373 0
-73 315 0
373 -15 0
-73 313 0
373 -13 0
-73 360 0
-60 373 0
-73 438 0
373 -138 0
-73 454 0
-154 373 0
-73 437 0
373 -137 0
-73 486 0
-186 373 0
-486 -454 -438 -437 -376 -360 -323 -315 -313 -309 73 -550 -594 -448 0
-373 15 13 9 23 60 76 137 138 154 186 148 250 294 0
-74 -374 0
-74 576 0
374 -276 0
-74 552 0
374 -252 0
-74 364 0
374 -64 0
-74 562 0
374 -262 0
-74 329 0
374 -29 0
-74 360 0
374 -60 0
-74 378 0
374 -78 0
-74 354 0
374 -54 0
-74 415 0
374 -115 0
-74 437 0
374 -137 0
-74 462 0
-162 374 0
-74 526 0
374 -226 0
-74 542 0
374 -242 0
-552 -562 -576 -542 -526 -462 -437 -415 -378 -364 -360 -354 -329 74 -349 -343 -514 -588 0
60 -374 54 29 64 78 115 137 162 226 242 252 262 276 214 49 43 288 0
-75 -375 0
-75 595 0
375 -295 0
-75 596 0
375 -296 0
-75 587 0
375 -287 0
-75 557 0
-257 375 0
-75 334 0
375 -34 0
-75 565 0
375 -265 0
-75 312 0
-12 375 0
-75 368 0
375 -68 0
-75 416 0
375 -116 0
-75 429 0
375 -129 0
-75 516 0
375 -216 0
-75 547 0
375 -247 0
-596 -595 -587 -565 -557 -547 -516 -429 -416 -368 -334 -312 75 -427 0
12 68 -375 34 116 129 216 247 257 265 287 295 296 127 0
-76 -376 0
-76 540 0
376 -240 0
-76 578 0
376 -278 0
-76 301 0
376 -1 0
-76 305 0
376 -5 0
-76 565 0
376 -265 0
379 -76 0
376 -79 0
-76 339 0
-39 376 0
-76 404 0
376 -104 0
432 -76 0
376 -132 0
-76 424 0
376 -124 0
-76 473 0
-173 376 0
-76 471 0
376 -171 0
-76 516 0
376 -216 0
-76 517 0
376 -217 0
-578 -540 -565 -517 -516 -473 -471 -432 -424 -404 -379 -339 -305 -301 76 -311 0
-376 5 1 39 79 104 124 132 171 173 216 217 240 265 278 11 0
-77 -377 0
-77 561 0
-261 377 0
-77 371 0
377 -71 0
-77 391 0
-91 377 0
379 -77 0
-79 377 0
-77 455 0
377 -155 0
-77 390 0
377 -90 0
-77 374 0
-74 377 0
-77 380 0
-80 377 0
-77 383 0
377 -83 0
-77 496 0
-196 377 0
-77 520 0
-220 377 0
-371 -391 -455 77 -374 -379 -380 -496 -520 -383 -561 -390 0
90 83 155 71 80 196 220 74 79 -377 91 261 0
-78 -378 0
-78 554 0
378 -254 0
-78 563 0
378 -263 0
-78 371 0
378 -71 0
-78 498 0
-198 378 0
567 -78 0
-267 378 0
-78 324 0
-24 378 0
-78 348 0
378 -48 0
454 -78 0
-154 378 0
-78 424 0
-124 378 0
-78 465 0
378 -165 0
-424 -371 -563 -454 78 -498 -465 -567 -554 -348 -324 0
71 124 263 48 254 165 154 -378 198 267 24 0
-79 -379 0
-79 393 0
-93 379 0
-79 512 0
379 -212 0
-79 421 0
379 -121 0
-79 459 0
379 -159 0
-79 480 0
379 -180 0
-393 -421 -459 -512 -480 79 0
212 -379 180 159 121 93 0
-80 -380 0
-80 570 0
380 -270 0
-80 364 0
380 -64 0
-80 369 0
380 -69 0
-80 302 0
380 -2 0
-80 439 0
380 -139 0
-80 359 0
-59 380 0
-80 358 0
380 -58 0
-80 467 0
380 -167 0
-80 471 0
380 -171 0
-80 528 0
380 -228 0
-471 -570 -467 -528 -439 -369 -364 -359 -358 -302 80 -370 -337 0
-380 58 2 59 64 69 139 167 171 228 270 70 37 0
-81 -381 0
578 -81 0
-278 381 0
417 -81 0
-117 381 0
-81 324 0
-24 381 0
363 -81 0
-63 381 0
-81 441 0
-141 381 0
-81 341 0
-41 381 0
-81 372 0
-72 381 0
-81 440 0
-140 381 0
-81 473 0
-173 381 0
-81 523 0
-223 381 0
-523 -441 -473 -578 -440 -417 -372 -363 -341 -324 81 -533 -427 0
41 -381 24 63 72 117 140 141 173 223 278 233 127 0
-82 -382 0
-82 586 0
-286 382 0
-82 581 0
382 -281 0
-82 554 0
-254 382 0
-82 316 0
382 -16 0
340 -82 0
-40 382 0
-82 372 0
382 -72 0
-82 421 0
382 -121 0
-82 520 0
-220 382 0
-586 -581 -554 -520 -421 -372 -340 -316 82 -594 0
-382 40 72 16 121 220 254 281 286 294 0
-383 -83 0
586 -83 0
383 -286 0
303 -83 0
-3 383 0
568 -83 0
-268 383 0
330 -83 0
-30 383 0
334 -83 0
-34 383 0
382 -83 0
-82 383 0
376 -83 0
-76 383 0
324 -83 0
-24 383 0
327 -83 0
-27 383 0
-382 -586 -568 -376 -334 -330 -327 -324 -303 83 -492 -447 0
-383 27 24 3 30 34 76 82 268 286 147 192 0
-84 -384 0
-84 584 0
-284 384 0
334 -84 0
-34 384 0
-84 451 0
-151 384 0
-84 579 0
384 -279 0
-84 444 0
-144 384 0
-84 350 0
-50 384 0
-84 372 0
-72 384 0
-84 380 0
-80 384 0
469 -84 0
384 -169 0
-84 547 0
-247 384 0
-584 -579 -547 -469 -451 -444 -380 -372 -350 -334 84 -588 0
50 -384 72 34 80 144 151 169 247 279 284 288 0
-85 -385 0
-85 369 0
385 -69 0
420 -85 0
385 -120 0
-85 345 0
385 -45 0
-85 510 0
385 -210 0
433 -85 0
385 -133 0
-85 529 0
385 -229 0
-85 539 0
-239 385 0
-85 532 0
-232 385 0
-85 515 0
-215 385 0
511 -85 0
-211 385 0
-85 516 0
-216 385 0
-539 -529 -532 -516 -515 -511 -510 -433 -420 -369 -345 85 -533 0
120 -385 45 69 133 210 211 215 216 229 232 239 233 0
-86 -386 0
590 -86 0
386 -290 0
-86 597 0
386 -297 0
-86 589 0
386 -289 0
-86 558 0
386 -258 0
-86 559 0
386 -259 0
-86 366 0
386 -66 0
-86 405 0
386 -105 0
-86 387 0
386 -87 0
-86 421 0
386 -121 0
-86 418 0
386 -118 0
-86 443 0
386 -143 0
-597 -589 -590 -559 -558 -443 -421 -418 -405 -387 -366 86 -514 -594 -436 0
105 -386 66 87 118 121 143 258 259 289 290 297 214 294 136 0
-87 -387 0
-87 552 0
387 -252 0
-87 361 0
387 -61 0
-87 373 0
387 -73 0
394 -87 0
-94 387 0
-87 428 0
-128 387 0
-87 431 0
-131 387 0
-87 302 0
387 -2 0
-87 319 0
387 -19 0
363 -87 0
-63 387 0
-87 472 0
387 -172 0
-87 526 0
387 -226 0
-428 -361 87 -394 -526 -302 -363 -472 -373 -431 -552 -319 0
172 63 -387 73 2 252 131 128 61 19 94 226 0
-88 -388 0
595 -88 0
388 -295 0
-88 316 0
388 -16 0
364 -88 0
-64 388 0
-88 391 0
-91 388 0
363 -88 0
-63 388 0
378 -88 0
388 -78 0
-88 380 0
-80 388 0
467 -88 0
-167 388 0
465 -88 0
388 -165 0
-88 480 0
388 -180 0
-88 541 0
388 -241 0
-467 -480 -541 -595 -465 -391 -380 -378 -364 -363 -316 88 -588 0
63 16 -388 64 78 80 91 165 167 180 241 295 288 0
-89 -389 0
528 -89 0
389 -228 0
-89 587 0
389 -287 0
-89 560 0
389 -260 0
-89 575 0
389 -275 0
-89 373 0
389 -73 0
-89 394 0
389 -94 0
396 -89 0
389 -96 0
-89 428 0
-128 389 0
-89 404 0
-104 389 0
-89 438 0
389 -138 0
506 -89 0
389 -206 0
-560 -575 -587 -528 -506 -438 -428 -404 -396 -394 -373 89 -317 0
-389 73 94 96 104 128 138 206 228 260 275 287 17 0
-90 -390 0
578 -90 0
-278 390 0
-90 426 0
-126 390 0
-90 431 0
-131 390 0
-90 498 0
-198 390 0
-90 513 0
390 -213 0
392 -90 0
-92 390 0
-90 434 0
390 -134 0
-90 469 0
390 -169 0
527 -90 0
-227 390 0
-578 -527 -513 -498 -469 -434 -431 -426 -392 90 -447 0
131 -390 126 92 134 169 198 213 227 278 147 0
-91 -391 0
-91 585 0
-285 391 0
-91 414 0
391 -114 0
-91 451 0
-151 391 0
-91 452 0
391 -152 0
-91 347 0
391 -47 0
467 -91 0
-167 391 0
465 -91 0
391 -165 0
-91 484 0
391 -184 0
-91 482 0
391 -182 0
-482 -585 -484 -467 -465 -452 -451 -414 -347 91 -445 -349 0
151 47 -391 114 152 165 167 182 184 285 145 49 0
-92 -392 0
591 -92 0
-291 392 0
-92 369 0
392 -69 0
-92 402 0
392 -102 0
-92 455 0
392 -155 0
-92 368 0
392 -68 0
378 -92 0
-78 392 0
-92 545 0
-245 392 0
-92 534 0
-234 392 0
432 -92 0
-132 392 0
499 -92 0
-199 392 0
518 -92 0
-218 392 0
-92 516 0
-216 392 0
-92 543 0
392 -243 0
-369 -516 -534 -378 -455 -518 92 -432 -402 -591 -545 -543 -499 -368 0
291 68 199 69 -392 245 132 78 102 155 243 234 216 218 0
-93 -393 0
-93 563 0
393 -263 0
-93 369 0
393 -69 0
-93 357 0
393 -57 0
-93 458 0
-158 393 0
-93 562 0
393 -262 0
-93 342 0
-42 393 0
-93 362 0
393 -62 0
-93 378 0
393 -78 0
-93 392 0
393 -92 0
-93 404 0
393 -104 0
-93 397 0
393 -97 0
-93 446 0
393 -146 0
-93 495 0
393 -195 0
-495 -458 -562 -563 -446 -404 -397 -392 -378 -369 -362 -357 -342 93 -338 0
-393 57 42 62 69 78 92 97 104 146 158 195 262 263 38 0
-94 -394 0
-94 576 0
394 -276 0
-94 357 0
394 -57 0
-94 373 0
-73 394 0
-94 365 0
394 -65 0
-94 378 0
394 -78 0
-94 425 0
394 -125 0
493 -94 0
-193 394 0
-94 463 0
-163 394 0
-94 472 0
394 -172 0
-94 520 0
394 -220 0
-373 -463 -576 94 -378 -357 -493 -365 -520 -425 -472 0
-394 163 73 78 172 220 125 57 193 276 65 0
-95 -395 0
-95 580 0
395 -280 0
-95 577 0
395 -277 0
-95 382 0
395 -82 0
-95 396 0
395 -96 0
-95 426 0
395 -126 0
-95 442 0
395 -142 0
-95 368 0
395 -68 0
-95 460 0
395 -160 0
-95 443 0
395 -143 0
-580 -460 -577 -443 -442 -426 -396 -382 -368 95 -308 0
82 96 68 -395 126 142 143 160 277 280 8 0
-96 -396 0
-96 549 0
-249 396 0
-96 586 0
-286 396 0
-96 574 0
396 -274 0
-96 309 0
-9 396 0
-96 321 0
-21 396 0
-96 408 0
-108 396 0
-96 358 0
-58 396 0
-96 476 0
-176 396 0
478 -96 0
396 -178 0
-96 519 0
-219 396 0
-586 -478 -358 96 -519 -476 -309 -549 -574 -408 -321 0
108 286 58 -396 219 274 249 178 9 176 21 0
-97 -397 0
-97 586 0
-286 397 0
-97 558 0
-258 397 0
336 -97 0
-36 397 0
394 -97 0
-94 397 0
-97 376 0
-76 397 0
329 -97 0
397 -29 0
-97 426 0
-126 397 0
333 -97 0
-33 397 0
454 -97 0
-154 397 0
-97 412 0
-112 397 0
-97 416 0
-116 397 0
-97 471 0
397 -171 0
-97 480 0
397 -180 0
-97 524 0
-224 397 0
-97 525 0
-225 397 0
-416 -426 -471 97 -524 -336 -376 -586 -454 -329 -412 -525 -480 -394 -558 -333 0
112 29 126 -397 224 116 154 258 286 171 36 225 94 33 76 180 0
-98 -398 0
570 -98 0
-270 398 0
-98 491 0
-191 398 0
-98 388 0
398 -88 0
-98 404 0
398 -104 0
-98 490 0
398 -190 0
493 -98 0
-193 398 0
-98 353 0
-53 398 0
-98 471 0
398 -171 0
-98 517 0
398 -217 0
-570 -493 -517 -491 -490 -471 -404 -388 -353 98 -308 0
53 88 -398 104 171 190 191 193 217 270 8 0
-99 -399 0
-99 597 0
399 -297 0
-99 307 0
-7 399 0
-99 326 0
-26 399 0
-99 323 0
399 -23 0
-99 501 0
-201 399 0
-99 390 0
399 -90 0
-99 388 0
399 -88 0
-99 353 0
-53 399 0
-99 409 0
-109 399 0
-99 462 0
-162 399 0
-597 -462 -501 -409 -390 -388 -353 -326 -323 -307 99 -352 -343 0
26 7 -399 23 53 88 90 109 162 201 297 52 43 0
-100 -400 0
-100 585 0
400 -285 0
-100 314 0
400 -14 0
-100 431 0
-131 400 0
-100 410 0
400 -110 0
-100 358 0
400 -58 0
-100 537 0
400 -237 0
-100 466 0
-166 400 0
-100 397 0
400 -97 0
-100 412 0
-112 400 0
-100 416 0
400 -116 0
453 -100 0
400 -153 0
-100 469 0
400 -169 0
-100 522 0
400 -222 0
-522 -537 -585 -469 -466 -453 -431 -416 -412 -410 -397 -358 -314 100 -456 0
97 -400 58 14 110 112 116 131 153 166 169 222 237 285 156 0
-101 -401 0
-101 364 0
401 -64 0
-101 302 0
401 -2 0
-101 335 0
-35 401 0
-101 345 0
401 -45 0
-101 404 0
401 -104 0
-101 384 0
401 -84 0
-101 483 0
-183 401 0
-345 101 -483 -384 -335 -364 -404 -302 0
-401 45 183 64 2 104 35 84 0
-102 -402 0
-102 554 0
-254 402 0
-102 318 0
402 -18 0
357 -102 0
-57 402 0
396 -102 0
402 -96 0
-102 498 0
-198 402 0
-102 501 0
-201 402 0
-102 461 0
402 -161 0
-102 322 0
402 -22 0
454 -102 0
-154 402 0
-102 535 0
-235 402 0
-535 -554 -501 -498 -461 -454 -396 -357 -322 -318 102 -514 0
57 22 -402 18 96 154 161 198 201 235 254 214 0
-103 -403 0
553 -103 0
403 -253 0
328 -103 0
-28 403 0
570 -103 0
-270 403 0
-103 575 0
403 -275 0
-103 351 0
403 -51 0
-103 505 0
-205 403 0
-103 531 0
-231 403 0
478 -103 0
403 -178 0
-103 421 0
403 -121 0
-103 415 0
-115 403 0
434 -103 0
403 -134 0
-103 507 0
403 -207 0
-103 546 0
403 -246 0
-575 -570 -553 -546 -531 -507 -505 -478 -434 -421 -415 -351 -328 103 -344 -343 0
28 51 -403 115 121 134 178 205 207 231 246 253 270 275 43 44 0
-104 -404 0
-104 305 0
-5 404 0
-104 563 0
404 -263 0
463 -104 0
404 -163 0
-104 452 0
-152 404 0
-104 356 0
404 -56 0
-104 520 0
404 -220 0
-104 522 0
404 -222 0
-522 -520 -563 -463 -452 -356 -305 104 -344 -337 -311 -419 -594 0
5 -404 56 152 163 220 222 263 44 11 119 37 294 0
-105 -405 0
-105 524 0
405 -224 0
-105 522 0
405 -222 0
591 -105 0
405 -291 0
-105 396 0
405 -96 0
-105 571 0
405 -271 0
-105 573 0
405 -273 0
-105 351 0
405 -51 0
-105 390 0
405 -90 0
-105 470 0
405 -170 0
-105 359 0
405 -59 0
-105 424 0
405 -124 0
-105 459 0
405 -159 0
-105 518 0
405 -218 0
-591 -571 -573 -524 -522 -518 -470 -459 -424 -396 -390 -359 -351 105 -447 -445 0
90 51 -405 59 96 124 159 170 218 222 224 271 273 291 145 147 0
-106 -406 0
-106 597 0
406 -297 0
-106 552 0
-252 406 0
-106 361 0
406 -61 0
-106 313 0
406 -13 0
577 -106 0
406 -277 0
-106 398 0
406 -98 0
392 -106 0
-92 406 0
-106 390 0
406 -90 0
-106 470 0
406 -170 0
367 -106 0
-67 406 0
-106 477 0
-177 406 0
475 -106 0
-175 406 0
-470 -392 -313 106 -367 -398 -577 -361 -597 -552 -475 -390 -477 0
-406 277 13 175 98 90 252 177 61 297 92 67 170 0
-107 -407 0
-107 589 0
407 -289 0
-107 551 0
407 -251 0
-107 567 0
-267 407 0
-107 488 0
-188 407 0
-107 410 0
407 -110 0
454 -107 0
407 -154 0
-107 341 0
407 -41 0
-107 472 0
407 -172 0
478 -107 0
407 -178 0
-107 355 0
407 -55 0
500 -107 0
-200 407 0
-107 521 0
407 -221 0
-107 546 0
407 -246 0
-567 -551 -589 -546 -521 -500 -488 -478 -472 -454 -410 -355 -341 107 -588 0
110 41 -407 55 154 172 178 188 200 221 246 251 267 289 288 0
-108 -408 0
553 -108 0
408 -253 0
-108 556 0
408 -256 0
-108 566 0
-266 408 0
-108 402 0
408 -102 0
-108 513 0
408 -213 0
-108 425 0
408 -125 0
-108 416 0
408 -116 0
-108 459 0
408 -159 0
-108 469 0
408 -169 0
-553 -513 -566 -556 -469 -459 -425 -416 -402 108 -445 0
-408 102 125 116 159 169 213 253 256 266 145 0
-109 -409 0
-109 584 0
409 -284 0
-109 373 0
-73 409 0
458 -109 0
-158 409 0
-109 342 0
-42 409 0
363 -109 0
-63 409 0
-109 503 0
-203 409 0
-109 450 0
-150 409 0
493 -109 0
409 -193 0
-109 459 0
409 -159 0
-109 507 0
409 -207 0
-503 -507 -584 -493 -459 -458 -450 -373 -363 -342 109 -436 0
-409 42 73 63 150 158 159 193 203 207 284 136 0
-110 -410 0
-110 552 0
-252 410 0
332 -110 0
-32 410 0
-110 340 0
410 -40 0
-110 576 0
410 -276 0
-110 382 0
410 -82 0
-110 414 0
410 -114 0
-110 428 0
-128 410 0
567 -110 0
-267 410 0
392 -110 0
-92 410 0
-110 508 0
410 -208 0
-110 525 0
410 -225 0
-567 -552 -525 -576 -508 -428 -414 -392 -382 -340 -332 110 -436 0
-410 82 40 32 92 114 128 208 225 252 267 276 136 0
114 26 183 91 184 220 265 286 289 49 119 52 -411 0
-112 -412 0
-112 396 0
412 -96 0
-112 310 0
412 -10 0
-112 562 0
412 -262 0
-112 513 0
412 -213 0
-112 375 0
412 -75 0
-112 470 0
412 -170 0
-112 496 0
412 -196 0
-112 387 0
412 -87 0
-112 440 0
412 -140 0
-112 482 0
-182 412 0
-482 -513 -562 -496 -470 -440 -396 -387 -375 -310 112 -419 0
-412 10 75 87 96 140 170 182 196 213 262 119 0
-113 -413 0
-113 327 0
413 -27 0
-113 365 0
413 -65 0
-113 360 0
413 -60 0
-113 498 0
-198 413 0
-113 319 0
-19 413 0
-113 422 0
-122 413 0
-113 509 0
413 -209 0
-113 367 0
-67 413 0
449 -113 0
413 -149 0
-113 434 0
413 -134 0
453 -113 0
-153 413 0
-113 519 0
413 -219 0
-519 -498 -509 -453 -449 -434 -422 -367 -365 -360 -327 -319 113 -311 -352 0
-413 27 19 60 65 67 122 134 149 153 198 209 219 11 52 0
-114 -414 0
527 -114 0
414 -227 0
-114 549 0
-249 414 0
-114 554 0
414 -254 0
334 -114 0
414 -34 0
-114 361 0
414 -61 0
-114 461 0
414 -161 0
-114 503 0
414 -203 0
470 -114 0
414 -170 0
-114 397 0
414 -97 0
-114 529 0
414 -229 0
475 -114 0
-175 414 0
-529 -549 -554 -527 -503 -475 -470 -461 -397 -361 -334 114 -600 0
-414 97 61 34 161 170 175 203 227 229 249 254 300 0
-115 -415 0
568 -115 0
415 -268 0
-115 461 0
415 -161 0
-115 362 0
415 -62 0
-115 501 0
-201 415 0
-115 496 0
415 -196 0
-115 380 0
415 -80 0
-115 385 0
-85 415 0
-115 437 0
415 -137 0
-568 -496 -461 -501 -437 -385 -380 -362 115 -448 0
85 80 -415 62 137 161 196 201 268 148 0
-116 -416 0
-116 597 0
-297 416 0
-116 552 0
416 -252 0
-116 369 0
416 -69 0
-116 402 0
416 -102 0
458 -116 0
-158 416 0
-116 398 0
416 -98 0
-116 477 0
-177 416 0
-116 429 0
416 -129 0
-116 479 0
-179 416 0
506 -116 0
-206 416 0
-116 543 0
416 -243 0
-597 -506 -552 -543 -479 -477 -458 -429 -402 -398 -369 116 -448 -338 -427 0
-416 69 102 98 129 158 177 179 206 243 252 297 38 148 127 0
-117 -417 0
-117 522 0
417 -222 0
-117 542 0
417 -242 0
-117 592 0
-292 417 0
-117 301 0
417 -1 0
-117 396 0
417 -96 0
-117 405 0
-105 417 0
-117 565 0
417 -265 0
-117 497 0
417 -197 0
-117 498 0
-198 417 0
-117 354 0
417 -54 0
-354 -301 117 -592 -565 -522 -498 -497 -396 -542 -405 0
-417 198 54 96 197 1 265 242 292 222 105 0
-118 -418 0
420 -118 0
418 -120 0
-118 319 0
418 -19 0
-118 464 0
418 -164 0
-118 345 0
418 -45 0
-118 356 0
418 -56 0
-118 545 0
418 -245 0
-118 384 0
418 -84 0
-118 474 0
418 -174 0
-118 400 0
418 -100 0
-118 434 0
418 -134 0
-118 508 0
418 -208 0
-508 -474 -545 -464 -434 -420 -400 -384 -356 -345 -319 118 -447 0
45 -418 19 56 84 100 120 134 164 174 208 245 147 0
31 4 65 28 80 118 135 141 149 168 175 180 193 203 235 258 271 -419 0
-120 -420 0
-120 524 0
-224 420 0
-120 521 0
420 -221 0
-120 542 0
-242 420 0
-120 543 0
420 -243 0
-120 326 0
-26 420 0
-120 572 0
-272 420 0
-120 399 0
-99 420 0
-120 565 0
420 -265 0
-120 342 0
-42 420 0
505 -120 0
-205 420 0
-120 374 0
-74 420 0
-120 416 0
420 -116 0
467 -120 0
-167 420 0
-120 507 0
-207 420 0
120 -399 -565 -467 -342 -543 -326 -521 -416 -524 -507 -572 -374 -542 -505 0
-420 265 167 26 42 99 224 221 272 205 74 116 207 243 242 0
-121 -421 0
-121 581 0
421 -281 0
582 -121 0
-282 421 0
-121 558 0
-258 421 0
-121 351 0
-51 421 0
-121 450 0
-150 421 0
-121 347 0
-47 421 0
-121 372 0
-72 421 0
-121 400 0
-100 421 0
-121 412 0
-112 421 0
-121 418 0
-118 421 0
475 -121 0
-175 421 0
-121 522 0
-222 421 0
-582 -581 -558 -522 -475 -450 -418 -412 -400 -372 -351 -347 121 -533 0
51 47 72 -421 100 112 118 150 175 222 258 281 282 233 0
-122 -422 0
-122 371 0
422 -71 0
439 -122 0
422 -139 0
-122 488 0
-188 422 0
-122 377 0
422 -77 0
-122 487 0
422 -187 0
-122 545 0
422 -245 0
-122 525 0
422 -225 0
-122 547 0
-247 422 0
-545 -525 -547 -488 -487 -439 -377 -371 122 -427 -344 -594 0
71 139 -422 77 187 188 225 245 247 44 127 294 0
-123 -423 0
-123 525 0
423 -225 0
-123 598 0
423 -298 0
-123 357 0
423 -57 0
-123 339 0
423 -39 0
-123 431 0
423 -131 0
-123 365 0
423 -65 0
-123 491 0
423 -191 0
-123 510 0
423 -210 0
-123 498 0
423 -198 0
-123 503 0
423 -203 0
-123 450 0
423 -150 0
-123 438 0
423 -138 0
-123 504 0
423 -204 0
-123 424 0
423 -124 0
-123 434 0
423 -134 0
-123 516 0
423 -216 0
-516 -598 -525 -510 -504 -503 -498 -491 -450 -438 -434 -431 -424 -365 -357 -339 123 -370 0
-423 57 39 65 124 131 134 138 150 191 198 203 204 210 216 225 298 70 0
-124 -424 0
-124 572 0
-272 424 0
-124 354 0
-54 424 0
-124 418 0
-118 424 0
-124 459 0
-159 424 0
-572 -354 -418 -459 124 -427 0
-424 54 118 159 272 127 0
-125 -425 0
-125 321 0
-21 425 0
-125 574 0
425 -274 0
314 -125 0
-14 425 0
417 -125 0
-117 425 0
-125 571 0
-271 425 0
-125 491 0
-191 425 0
505 -125 0
-205 425 0
-125 410 0
-110 425 0
430 -125 0
-130 425 0
454 -125 0
-154 425 0
468 -125 0
-168 425 0
-125 537 0
-237 425 0
-125 509 0
425 -209 0
377 -125 0
425 -77 0
-537 -571 -574 -509 -505 -491 -468 -454 -430 -417 -410 -377 -321 -314 125 -349 -600 0
14 21 77 -425 110 117 130 154 168 191 205 209 237 271 274 49 300 0
-126 -426 0
-126 547 0
426 -247 0
-126 598 0
426 -298 0
-126 585 0
426 -285 0
-126 330 0
-30 426 0
-126 360 0
426 -60 0
-126 319 0
-19 426 0
468 -126 0
-168 426 0
-126 415 0
426 -115 0
-126 424 0
426 -124 0
-126 531 0
-231 426 0
-585 -598 -547 -531 -468 -424 -415 -360 -330 -319 126 -349 -411 0
-426 60 30 19 115 124 168 231 247 285 298 111 49 0
48 47 16 146 151 176 179 223 244 295 -427 0
-128 -428 0
-128 305 0
-5 428 0
-128 565 0
428 -265 0
-128 365 0
428 -65 0
-128 497 0
428 -197 0
-128 378 0
428 -78 0
-128 481 0
-181 428 0
-128 400 0
428 -100 0
-128 397 0
428 -97 0
-128 421 0
428 -121 0
-128 520 0
428 -220 0
-520 -497 -565 -481 -421 -400 -397 -378 -365 -305 128 -352 0
-428 78 5 65 97 100 121 181 197 220 265 52 0
-129 -429 0
-129 592 0
-292 429 0
323 -129 0
-23 429 0
417 -129 0
-117 429 0
-129 510 0
-210 429 0
-129 422 0
-122 429 0
-129 452 0
-152 429 0
-129 481 0
-181 429 0
-129 539 0
-239 429 0
-129 502 0
-202 429 0
489 -129 0
-189 429 0
506 -129 0
-206 429 0
-129 520 0
-220 429 0
-129 544 0
-244 429 0
-539 -520 -544 -592 -510 -506 -502 -489 -481 -452 -422 -417 -323 129 -317 -311 -349 0
-429 122 117 23 152 181 189 202 206 210 220 239 244 292 17 11 49 0
-130 -430 0
-130 593 0
430 -293 0
-130 580 0
430 -280 0
-130 408 0
430 -108 0
-130 571 0
430 -271 0
-130 362 0
430 -62 0
312 -130 0
-12 430 0
-130 452 0
430 -152 0
-130 490 0
430 -190 0
-130 440 0
430 -140 0
-130 484 0
430 -184 0
-130 549 0
-249 430 0
-130 542 0
430 -242 0
-130 543 0
430 -243 0
-408 -312 -484 130 -362 -542 -580 -549 -543 -593 -452 -490 -440 -571 0
108 152 -430 140 184 249 293 271 280 243 190 62 242 12 0
-131 -431 0
-131 585 0
431 -285 0
-131 322 0
431 -22 0
-131 575 0
431 -275 0
-131 505 0
-205 431 0
-131 401 0
-101 431 0
-131 407 0
431 -107 0
-131 480 0
431 -180 0
-131 506 0
431 -206 0
-505 -506 -585 -575 -480 -407 -401 -322 131 -533 -448 0
-431 22 101 107 180 205 206 275 285 148 233 0
-132 -432 0
-132 596 0
-296 432 0
-132 315 0
432 -15 0
-132 503 0
432 -203 0
-132 353 0
432 -53 0
-132 403 0
-103 432 0
-132 418 0
-118 432 0
-132 424 0
432 -124 0
-132 508 0
432 -208 0
-132 524 0
-224 432 0
-132 525 0
432 -225 0
-132 540 0
432 -240 0
-540 -508 -403 132 -524 -315 -424 -525 -353 -418 -503 -596 0
225 15 240 124 53 296 208 118 -432 103 203 224 0
-133 -433 0
-133 589 0
433 -289 0
-133 326 0
433 -26 0
-133 321 0
433 -21 0
-133 574 0
433 -274 0
-133 366 0
433 -66 0
-133 314 0
433 -14 0
-133 491 0
433 -191 0
-133 319 0
-19 433 0
-133 398 0
433 -98 0
-133 401 0
433 -101 0
-133 466 0
433 -166 0
-133 504 0
433 -204 0
-133 469 0
433 -169 0
-321 -469 -366 -466 133 -491 -326 -574 -314 -589 -398 -401 -319 -504 0
191 166 204 -433 289 98 19 169 101 66 26 14 21 274 0
-134 -434 0
394 -134 0
-94 434 0
-134 302 0
-2 434 0
-134 483 0
-183 434 0
-134 350 0
434 -50 0
-134 462 0
434 -162 0
467 -134 0
-167 434 0
-134 484 0
-184 434 0
-462 -467 -483 -394 -484 -302 -350 134 0
-434 184 94 162 167 50 183 2 0
-135 -435 0
590 -135 0
-290 435 0
-135 320 0
435 -20 0
-135 307 0
-7 435 0
-135 301 0
435 -1 0
417 -135 0
-117 435 0
-135 304 0
-4 435 0
-135 368 0
-68 435 0
505 -135 0
-205 435 0
397 -135 0
-97 435 0
-135 471 0
435 -171 0
495 -135 0
-195 435 0
-135 484 0
-184 435 0
528 -135 0
-228 435 0
-135 544 0
-244 435 0
-471 -544 -528 135 -495 -368 -397 -320 -590 -307 -301 -304 -484 -505 -417 0
171 68 244 20 -435 117 195 228 4 184 97 290 1 7 205 0
25 23 56 62 75 80 88 170 177 191 263 -436 192 148 0
-137 -437 0
-137 593 0
-293 437 0
-137 560 0
437 -260 0
364 -137 0
437 -64 0
494 -137 0
-194 437 0
-137 386 0
-86 437 0
-137 385 0
-85 437 0
-137 409 0
-109 437 0
432 -137 0
-132 437 0
-137 471 0
437 -171 0
-137 516 0
-216 437 0
-560 -516 -593 -494 -471 -432 -409 -386 -385 -364 137 -427 -308 -448 0
-437 85 86 64 109 132 171 194 216 260 293 148 127 8 0
-138 -438 0
394 -138 0
-94 438 0
-138 313 0
438 -13 0
-138 497 0
438 -197 0
-138 510 0
-210 438 0
-138 404 0
-104 438 0
-138 509 0
438 -209 0
-138 504 0
438 -204 0
-138 482 0
438 -182 0
-138 507 0
438 -207 0
-138 520 0
438 -220 0
-520 -507 -509 -510 -504 -497 -482 -404 -394 -313 138 -337 0
104 94 13 182 -438 197 204 207 209 210 220 37 0
-139 -439 0
-139 526 0
439 -226 0
-139 420 0
439 -120 0
-139 345 0
439 -45 0
355 -139 0
439 -55 0
470 -139 0
439 -170 0
-139 385 0
-85 439 0
-139 415 0
439 -115 0
-139 416 0
439 -116 0
-139 397 0
439 -97 0
-416 -385 -345 139 -526 -355 -397 -415 -470 -420 0
97 55 -439 115 116 85 120 45 170 226 0
-140 -440 0
-140 599 0
-299 440 0
-140 597 0
440 -297 0
-140 391 0
440 -91 0
-140 408 0
-108 440 0
-140 575 0
440 -275 0
-140 464 0
-164 440 0
-140 345 0
440 -45 0
-140 531 0
-231 440 0
-140 512 0
440 -212 0
528 -140 0
440 -228 0
-597 -575 -599 -531 -528 -512 -464 -408 -391 -345 140 -594 0
-440 108 45 91 164 212 228 231 275 297 299 294 0
-141 -441 0
590 -141 0
-290 441 0
-141 576 0
441 -276 0
-141 391 0
-91 441 0
-141 365 0
-65 441 0
505 -141 0
-205 441 0
-141 425 0
441 -125 0
435 -141 0
441 -135 0
-141 444 0
-144 441 0
-141 452 0
-152 441 0
-141 532 0
-232 441 0
-141 437 0
441 -137 0
-141 543 0
-243 441 0
-505 -532 -576 -590 -543 -452 -444 -437 -435 -425 -391 -365 141 -349 -600 0
-441 91 125 65 135 137 144 152 205 232 243 276 290 49 300 0
-142 -442 0
-142 586 0
442 -286 0
-142 396 0
442 -96 0
-142 579 0
442 -279 0
-142 464 0
-164 442 0
494 -142 0
-194 442 0
433 -142 0
-133 442 0
-142 441 0
442 -141 0
-142 450 0
-150 442 0
-142 466 0
-166 442 0
-142 481 0
-181 442 0
449 -142 0
-149 442 0
-586 -494 -579 -481 -466 -464 -450 -449 -441 -433 -396 142 -588 0
141 96 -442 133 149 150 164 166 181 194 279 286 288 0
-143 -443 0
-143 581 0
443 -281 0
-143 584 0
443 -284 0
-143 599 0
443 -299 0
-143 316 0
443 -16 0
-143 428 0
-128 443 0
-143 452 0
443 -152 0
-143 372 0
443 -72 0
-143 418 0
443 -118 0
-143 437 0
443 -137 0
-143 541 0
443 -241 0
-143 542 0
443 -242 0
-428 -599 -581 -437 -584 -418 143 -541 -452 -372 -542 -316 0
242 281 -443 137 72 118 284 299 16 241 128 152 0
-144 -444 0
-144 595 0
444 -295 0
-144 580 0
444 -280 0
-144 396 0
444 -96 0
-144 389 0
444 -89 0
-144 426 0
444 -126 0
-144 442 0
444 -142 0
-144 345 0
444 -45 0
-144 438 0
444 -138 0
-144 472 0
444 -172 0
-144 518 0
444 -218 0
-580 -595 -518 -472 -442 -438 -426 -396 -389 -345 144 -436 -514 0
89 -444 45 96 126 138 142 172 218 280 295 214 136 0
-145 -445 0
445 -283 0
-146 -446 0
-146 442 0
446 -142 0
363 -146 0
-63 446 0
-146 390 0
446 -90 0
-146 374 0
-74 446 0
443 -146 0
-143 446 0
-146 543 0
446 -243 0
-146 540 0
446 -240 0
-146 542 0
446 -242 0
-540 -542 -543 -443 -442 -390 -374 -363 146 -514 -456 0
90 -446 74 63 142 143 240 242 243 214 156 0
-147 -447 0
447 -283 0
-148 -448 0
448 -283 0
-149 -449 0
-149 316 0
449 -16 0
-149 491 0
449 -191 0
-149 381 0
449 -81 0
463 -149 0
449 -163 0
-149 354 0
449 -54 0
-149 374 0
-74 449 0
-149 459 0
449 -159 0
-149 486 0
-186 449 0
-354 -381 -316 149 -374 -459 -491 -463 -486 0
191 81 16 159 -449 74 54 186 163 0
-150 -450 0
-150 578 0
450 -278 0
-150 420 0
450 -120 0
-150 360 0
450 -60 0
-150 378 0
450 -78 0
-150 413 0
450 -113 0
-150 355 0
450 -55 0
-150 470 0
450 -170 0
-150 496 0
450 -196 0
-150 547 0
450 -247 0
-578 -496 -547 -470 -420 -413 -378 -360 -355 150 -308 0
60 55 -450 78 113 120 170 196 247 278 8 0
-151 -451 0
-151 526 0
451 -226 0
-151 596 0
451 -296 0
-151 555 0
-255 451 0
-151 369 0
451 -69 0
-151 404 0
451 -104 0
-151 532 0
-232 451 0
-151 432 0
-132 451 0
449 -151 0
-149 451 0
-555 -596 -532 -526 -449 -432 -404 -369 151 -445 0
104 69 -451 132 149 226 232 255 296 145 0
-152 -452 0
328 -152 0
-28 452 0
-152 301 0
452 -1 0
366 -152 0
-66 452 0
-152 579 0
452 -279 0
-152 422 0
-122 452 0
-152 435 0
452 -135 0
463 -152 0
-163 452 0
-152 538 0
-238 452 0
-152 377 0
452 -77 0
-435 -579 -463 -538 -422 -377 -366 -328 -301 152 -311 0
28 1 -452 66 77 122 135 163 238 279 11 0
-153 -453 0
328 -153 0
453 -28 0
-153 340 0
453 -40 0
-153 563 0
453 -263 0
-153 391 0
453 -91 0
-153 399 0
453 -99 0
-153 390 0
453 -90 0
-153 395 0
453 -95 0
-153 404 0
453 -104 0
-153 481 0
453 -181 0
-153 385 0
-85 453 0
-153 429 0
453 -129 0
-153 471 0
453 -171 0
-153 473 0
-173 453 0
-153 480 0
453 -180 0
-153 482 0
453 -182 0
-328 -404 -480 -385 -563 153 -399 -473 -482 -390 -429 -340 -471 -391 -481 -395 0
95 129 263 104 28 173 91 85 40 180 181 90 -453 99 182 171 0
-154 -454 0
-154 558 0
454 -258 0
-154 301 0
454 -1 0
379 -154 0
454 -79 0
-154 302 0
454 -2 0
-154 573 0
-273 454 0
-154 342 0
-42 454 0
-154 450 0
-150 454 0
-154 452 0
454 -152 0
-154 341 0
454 -41 0
-154 472 0
454 -172 0
-154 539 0
-239 454 0
-154 429 0
454 -129 0
489 -154 0
454 -189 0
-539 -301 -450 -573 -379 -489 154 -302 -558 -452 -341 -342 -472 -429 0
129 273 152 41 2 79 189 150 -454 172 1 239 258 42 0
-155 -455 0
-155 526 0
-226 455 0
-155 525 0
-225 455 0
-155 542 0
-242 455 0
-155 592 0
-292 455 0
-155 428 0
-128 455 0
417 -155 0
-117 455 0
-155 564 0
455 -264 0
322 -155 0
455 -22 0
-155 510 0
-210 455 0
-155 390 0
-90 455 0
397 -155 0
455 -97 0
432 -155 0
-132 455 0
449 -155 0
-149 455 0
453 -155 0
-153 455 0
-155 485 0
-185 455 0
-155 507 0
-207 455 0
-542 -564 -526 -592 -525 -510 -507 -485 -453 -449 -432 -428 -417 -397 -390 -322 155 -445 0
90 97 -455 22 117 128 132 149 153 185 207 210 225 226 242 264 292 145 0
81 102 134 62 159 206 219 221 234 255 258 279 280 -456 300 0
-157 -457 0
-157 585 0
-285 457 0
-157 307 0
-7 457 0
366 -157 0
-66 457 0
-157 313 0
457 -13 0
-157 319 0
-19 457 0
-157 564 0
457 -264 0
-157 575 0
-275 457 0
-157 460 0
-160 457 0
-157 535 0
-235 457 0
-157 509 0
457 -209 0
-157 476 0
-176 457 0
-313 -564 -535 -585 157 -575 -366 -319 -476 -509 -307 -460 0
275 285 160 264 -457 209 66 7 235 176 19 13 0
-158 -458 0
-158 542 0
458 -242 0
-158 598 0
458 -298 0
-158 559 0
458 -259 0
-158 563 0
458 -263 0
-158 371 0
458 -71 0
-158 394 0
-94 458 0
-158 567 0
-267 458 0
-158 571 0
458 -271 0
-158 455 0
458 -155 0
-158 375 0
458 -75 0
-158 534 0
-234 458 0
-158 487 0
458 -187 0
-158 434 0
458 -134 0
-158 459 0
458 -159 0
-158 484 0
458 -184 0
-434 -563 -559 -567 -484 -459 -455 -534 -394 -371 -542 -375 -571 -487 -598 158 0
71 263 155 159 134 187 267 298 184 259 75 234 -458 94 271 242 0
-159 -459 0
-159 597 0
-297 459 0
-159 560 0
-260 459 0
-159 316 0
459 -16 0
-159 388 0
459 -88 0
-159 509 0
459 -209 0
-159 372 0
-72 459 0
-159 537 0
-237 459 0
-159 544 0
-244 459 0
-597 -560 -544 -537 -509 -388 -372 -316 159 -419 0
88 -459 72 16 209 237 244 260 297 119 0
-160 -460 0
582 -160 0
-282 460 0
-160 555 0
-255 460 0
-160 307 0
-7 460 0
-160 570 0
-270 460 0
-160 373 0
-73 460 0
439 -160 0
460 -139 0
360 -160 0
-60 460 0
310 -160 0
-10 460 0
-160 425 0
460 -125 0
-160 413 0
-113 460 0
-160 403 0
-103 460 0
-160 424 0
-124 460 0
467 -160 0
-167 460 0
-160 480 0
460 -180 0
523 -160 0
-223 460 0
-160 543 0
-243 460 0
-555 -582 -570 -543 -523 -480 -467 -439 -425 -424 -413 -403 -373 -360 -310 -307 160 -600 0
10 -460 7 60 73 103 113 124 125 139 167 180 223 243 255 270 282 300 0
-161 -461 0
-161 589 0
-289 461 0
-161 563 0
-263 461 0
-161 426 0
-126 461 0
-161 431 0
-131 461 0
-161 423 0
-123 461 0
-161 325 0
-25 461 0
458 -161 0
-158 461 0
392 -161 0
-92 461 0
-161 435 0
-135 461 0
-161 384 0
-84 461 0
-563 -458 -589 -435 -431 -426 -423 -392 -384 -325 161 -419 0
92 25 -461 84 123 126 131 135 158 263 289 119 0
-162 -462 0
582 -162 0
-282 462 0
553 -162 0
-253 462 0
417 -162 0
-117 462 0
-162 441 0
-141 462 0
499 -162 0
-199 462 0
-162 521 0
-221 462 0
527 -162 0
-227 462 0
-162 526 0
-226 462 0
-162 544 0
-244 462 0
-417 -521 -553 162 -527 -441 -499 -582 -544 -526 0
141 226 244 227 -462 253 117 221 199 282 0
-163 -463 0
-163 557 0
-257 463 0
-163 551 0
-251 463 0
568 -163 0
463 -268 0
-163 580 0
463 -280 0
-163 351 0
463 -51 0
-163 435 0
463 -135 0
-163 450 0
-150 463 0
-163 515 0
-215 463 0
-163 490 0
463 -190 0
-163 380 0
-80 463 0
-163 546 0
463 -246 0
-163 543 0
463 -243 0
-163 547 0
463 -247 0
-551 163 -490 -546 -380 -450 -557 -351 -515 -435 -568 -543 -580 -547 0
257 51 251 215 280 135 268 243 246 150 -463 247 80 190 0
-164 -464 0
570 -164 0
464 -270 0
-164 369 0
464 -69 0
-164 357 0
-57 464 0
-164 373 0
-73 464 0
-164 313 0
-13 464 0
-164 404 0
-104 464 0
-164 383 0
464 -83 0
449 -164 0
-149 464 0
-164 507 0
-207 464 0
-449 -404 -507 -570 -383 -373 -369 -357 -313 164 -588 0
57 -464 13 69 73 83 104 149 207 270 288 0
-165 -465 0
582 -165 0
-282 465 0
-165 556 0
465 -256 0
-165 572 0
-272 465 0
-165 316 0
-16 465 0
-165 408 0
-108 465 0
-165 405 0
-105 465 0
577 -165 0
-277 465 0
310 -165 0
-10 465 0
433 -165 0
-133 465 0
-165 372 0
-72 465 0
-165 536 0
-236 465 0
-165 548 0
-248 465 0
-408 165 -310 -316 -372 -556 -548 -433 -577 -572 -582 -405 -536 0
277 105 72 10 16 -465 108 248 256 272 236 133 282 0
-166 -466 0
-166 376 0
-76 466 0
-166 329 0
466 -29 0
-166 331 0
-31 466 0
-166 404 0
-104 466 0
-166 368 0
466 -68 0
-166 470 0
466 -170 0
-166 485 0
-185 466 0
-329 166 -368 -404 -485 -376 -470 -331 0
-466 29 170 104 68 31 76 185 0
-167 -467 0
559 -167 0
467 -259 0
-167 323 0
467 -23 0
-167 389 0
467 -89 0
-167 307 0
-7 467 0
-167 314 0
467 -14 0
458 -167 0
-158 467 0
-167 342 0
467 -42 0
-167 365 0
467 -65 0
312 -167 0
-12 467 0
430 -167 0
-130 467 0
-167 425 0
467 -125 0
500 -167 0
-200 467 0
-167 502 0
467 -202 0
-167 462 0
467 -162 0
-167 517 0
467 -217 0
-312 -342 -365 -500 -559 -502 -458 -517 167 -425 -307 -314 -430 -389 -462 -323 0
162 -467 12 125 7 200 65 42 259 130 23 14 89 202 158 217 0
-168 -468 0
-168 596 0
468 -296 0
-168 598 0
468 -298 0
-168 340 0
468 -40 0
-168 379 0
468 -79 0
-168 305 0
468 -5 0
333 -168 0
-33 468 0
-168 324 0
468 -24 0
-168 390 0
468 -90 0
-168 398 0
468 -98 0
-168 438 0
468 -138 0
-168 350 0
468 -50 0
-168 347 0
468 -47 0
-168 536 0
468 -236 0
-168 484 0
468 -184 0
523 -168 0
468 -223 0
-168 530 0
468 -230 0
-530 -347 -340 -598 -324 -536 -523 -333 -484 -350 -390 168 -305 -596 -379 -398 -438 0
138 230 33 298 79 47 184 24 -468 223 236 5 50 296 90 40 98 0
-169 -469 0
-169 326 0
469 -26 0
-169 575 0
-275 469 0
313 -169 0
469 -13 0
397 -169 0
469 -97 0
-169 440 0
-140 469 0
-440 169 -326 -397 -313 -575 0
140 97 13 -469 26 275 0
-170 -470 0
-170 596 0
-296 470 0
-170 589 0
-289 470 0
323 -170 0
470 -23 0
328 -170 0
-28 470 0
-170 461 0
470 -161 0
-170 425 0
-125 470 0
-170 460 0
-160 470 0
472 -170 0
-172 470 0
-170 384 0
470 -84 0
-323 -384 -460 170 -328 -589 -461 -596 -472 -425 0
161 160 289 296 28 -470 84 23 172 125 0
-171 -471 0
335 -171 0
471 -35 0
-171 498 0
471 -198 0
-171 358 0
471 -58 0
-171 374 0
471 -74 0
-171 459 0
471 -159 0
-171 485 0
-185 471 0
-171 486 0
471 -186 0
-171 516 0
-216 471 0
-171 520 0
471 -220 0
-171 544 0
471 -244 0
-498 -520 -544 -516 -486 -485 -459 -374 -358 -335 171 -317 -447 0
-471 74 35 58 159 185 186 198 216 220 244 147 17 0
-172 -472 0
-172 389 0
-89 472 0
-172 314 0
-14 472 0
-172 319 0
-19 472 0
355 -172 0
-55 472 0
-172 483 0
-183 472 0
-172 356 0
472 -56 0
500 -172 0
-200 472 0
-172 512 0
472 -212 0
493 -172 0
-193 472 0
-172 535 0
-235 472 0
432 -172 0
-132 472 0
-314 172 -500 -356 -512 -389 -355 -432 -483 -319 -535 -493 0
-472 183 56 89 212 193 19 235 55 14 132 200 0
-173 -473 0
-173 592 0
473 -292 0
-173 593 0
-293 473 0
-173 559 0
473 -259 0
-173 561 0
473 -261 0
318 -173 0
473 -18 0
-173 305 0
473 -5 0
-173 396 0
473 -96 0
-173 322 0
473 -22 0
-173 579 0
473 -279 0
-173 362 0
473 -62 0
-173 310 0
473 -10 0
-173 413 0
473 -113 0
-173 383 0
473 -83 0
-173 387 0
473 -87 0
-173 467 0
473 -167 0
-173 471 0
473 -171 0
-173 526 0
473 -226 0
-173 549 0
473 -249 0
-593 -561 -592 -579 -559 -549 -526 -471 -467 -413 -396 -387 -383 -362 -322 -318 -310 -305 173 -311 0
18 10 -473 5 22 62 83 87 96 113 167 171 226 249 259 261 279 292 293 11 0
-174 -474 0
-174 551 0
-251 474 0
-174 576 0
474 -276 0
-174 425 0
474 -125 0
-174 512 0
474 -212 0
-174 543 0
-243 474 0
-551 -543 -512 -576 -425 174 -349 -600 0
-474 212 125 243 251 276 49 300 0
-175 -475 0
591 -175 0
475 -291 0
-175 599 0
475 -299 0
-175 399 0
475 -99 0
-175 394 0
475 -94 0
-175 565 0
475 -265 0
458 -175 0
-158 475 0
-175 388 0
475 -88 0
-175 395 0
-95 475 0
-175 444 0
-144 475 0
-175 463 0
475 -163 0
-175 424 0
475 -124 0
-175 429 0
475 -129 0
-175 524 0
475 -224 0
-591 -429 -399 -395 -463 -458 175 -524 -424 -444 -599 -565 -394 -388 0
95 129 124 299 144 265 99 291 163 88 158 224 94 -475 0
-176 -476 0
-176 596 0
-296 476 0
-176 458 0
-158 476 0
-176 451 0
476 -151 0
-176 368 0
476 -68 0
-176 365 0
476 -65 0
-176 450 0
-150 476 0
500 -176 0
-200 476 0
-176 487 0
476 -187 0
-176 515 0
476 -215 0
-176 387 0
476 -87 0
-176 432 0
476 -132 0
-176 540 0
476 -240 0
-540 -596 -515 -500 -487 -458 -451 -450 -432 -387 -368 -365 176 -349 -317 -436 0
-476 68 87 65 132 150 151 158 187 200 215 240 296 136 17 49 0
-177 -477 0
-177 554 0
-254 477 0
-177 328 0
-28 477 0
-177 307 0
477 -7 0
-177 464 0
477 -164 0
-177 395 0
-95 477 0
-177 433 0
-133 477 0
-177 478 0
477 -178 0
-177 504 0
477 -204 0
-177 496 0
477 -196 0
-177 535 0
-235 477 0
-177 429 0
477 -129 0
-177 467 0
477 -167 0
-177 540 0
477 -240 0
-540 -504 -554 -535 -496 -478 -467 -464 -433 -429 -395 -328 -307 177 -600 0
95 28 -477 7 129 133 164 167 178 196 204 235 240 254 300 0
-478 -178 0
399 -178 0
-99 478 0
-178 395 0
-95 478 0
501 -178 0
-201 478 0
468 -178 0
-168 478 0
481 -178 0
-181 478 0
474 -178 0
-174 478 0
356 -178 0
-56 478 0
355 -178 0
-55 478 0
386 -178 0
-86 478 0
515 -178 0
-215 478 0
418 -178 0
-118 478 0
432 -178 0
-132 478 0
465 -178 0
-165 478 0
-386 178 -474 -515 -395 -399 -481 -355 -432 -501 -468 -356 -418 -465 0
95 215 86 201 99 56 181 165 168 174 132 -478 118 55 0
-179 -479 0
-179 301 0
479 -1 0
-179 361 0
479 -61 0
-179 498 0
479 -198 0
-179 377 0
479 -77 0
-179 406 0
479 -106 0
-179 459 0
479 -159 0
-179 548 0
479 -248 0
-548 -406 -459 -498 -377 -361 -301 179 -352 -370 -448 0
-479 61 1 77 106 159 198 248 52 70 148 0
-180 -480 0
-180 555 0
-255 480 0
-180 402 0
480 -102 0
-180 575 0
-275 480 0
-180 319 0
-19 480 0
-180 410 0
480 -110 0
-180 356 0
-56 480 0
-180 504 0
480 -204 0
-180 512 0
480 -212 0
-180 531 0
-231 480 0
-555 -575 -512 -504 -531 -410 -402 -356 -319 180 -448 0
-480 56 19 102 110 204 212 231 255 275 148 0
-181 -481 0
329 -181 0
481 -29 0
-181 451 0
481 -151 0
-181 565 0
481 -265 0
-181 381 0
481 -81 0
-181 470 0
481 -170 0
-181 472 0
481 -172 0
-181 372 0
481 -72 0
-181 374 0
481 -74 0
-181 424 0
481 -124 0
-181 534 0
481 -234 0
-181 516 0
-216 481 0
-181 530 0
481 -230 0
-181 543 0
481 -243 0
-543 -534 -565 -530 -516 -472 -470 -451 -424 -381 -374 -372 -329 181 -514 -427 0
29 -481 72 74 81 124 151 170 172 216 230 234 243 265 214 127 0
-182 -482 0
-182 563 0
482 -263 0
357 -182 0
-57 482 0
313 -182 0
482 -13 0
378 -182 0
482 -78 0
-182 452 0
-152 482 0
-182 481 0
-181 482 0
-182 477 0
-177 482 0
-182 384 0
482 -84 0
515 -182 0
-215 482 0
-182 534 0
-234 482 0
-182 459 0
482 -159 0
-182 518 0
-218 482 0
-182 549 0
-249 482 0
-549 -563 -534 -518 -515 -481 -477 -459 -452 -384 -378 -357 -313 182 -588 0
-482 57 13 78 84 152 159 177 181 215 218 234 249 263 288 0
-183 -483 0
553 -183 0
483 -253 0
-183 599 0
483 -299 0
-183 558 0
483 -258 0
-183 566 0
-266 483 0
-183 464 0
-164 483 0
-183 478 0
483 -178 0
-183 481 0
-181 483 0
-183 372 0
-72 483 0
-183 538 0
-238 483 0
-183 473 0
-173 483 0
-599 -558 -566 -553 -538 -481 -478 -473 -464 -372 183 -352 0
178 -483 72 173 164 181 238 253 258 266 299 52 0
-184 -484 0
-184 382 0
484 -82 0
-184 339 0
-39 484 0
-184 388 0
484 -88 0
-184 410 0
484 -110 0
-184 441 0
484 -141 0
500 -184 0
-200 484 0
-184 383 0
484 -83 0
-184 416 0
-116 484 0
-184 520 0
484 -220 0
-520 -441 -500 -416 -410 -388 -383 -382 -339 184 -533 -352 0
82 39 -484 83 88 110 116 141 200 220 52 233 0
-185 -485 0
-185 599 0
485 -299 0
-185 553 0
-253 485 0
-185 556 0
485 -256 0
-185 554 0
-254 485 0
-185 561 0
-261 485 0
-185 572 0
485 -272 0
-185 307 0
-7 485 0
-185 461 0
485 -161 0
-185 395 0
-95 485 0
-185 498 0
485 -198 0
-185 460 0
-160 485 0
-185 487 0
485 -187 0
-185 536 0
-236 485 0
-185 429 0
485 -129 0
-185 518 0
485 -218 0
-561 -572 -556 -599 -554 -553 -536 -518 -498 -487 -461 -460 -429 -395 -307 185 -492 0
129 -485 160 95 7 161 187 198 218 236 253 254 256 261 272 299 192 0
-186 -486 0
553 -186 0
486 -253 0
-186 323 0
486 -23 0
-186 561 0
486 -261 0
-186 570 0
486 -270 0
-186 314 0
486 -14 0
-186 575 0
486 -275 0
-186 569 0
486 -269 0
-186 319 0
486 -19 0
-186 510 0
-210 486 0
-186 380 0
486 -80 0
-186 531 0
-231 486 0
-186 440 0
486 -140 0
-186 465 0
486 -165 0
-186 507 0
486 -207 0
-186 520 0
486 -220 0
523 -186 0
-223 486 0
-569 -575 -561 -570 -553 -531 -523 -520 -510 -507 -465 -440 -380 -323 -319 -314 186 -514 0
-486 14 19 23 80 140 165 207 210 220 223 231 253 261 269 270 275 214 0
-187 -487 0
595 -187 0
-295 487 0
-187 346 0
-46 487 0
-187 307 0
-7 487 0
-187 362 0
-62 487 0
-187 509 0
487 -209 0
489 -187 0
-189 487 0
-187 521 0
-221 487 0
-187 526 0
-226 487 0
-521 -595 -526 -509 -489 -362 -346 -307 187 -550 0
46 7 -487 62 189 209 221 226 295 250 0
-188 -488 0
528 -188 0
488 -228 0
-188 540 0
488 -240 0
-188 574 0
488 -274 0
-188 303 0
488 -3 0
-188 408 0
488 -108 0
-188 573 0
488 -273 0
-188 454 0
488 -154 0
-188 477 0
488 -177 0
-188 354 0
488 -54 0
-188 400 0
488 -100 0
-188 545 0
488 -245 0
-188 446 0
488 -146 0
-188 538 0
488 -238 0
-188 473 0
488 -173 0
-188 479 0
488 -179 0
-545 -574 -573 -540 -538 -528 -479 -477 -473 -454 -446 -408 -400 -354 -303 188 -456 -514 0
-488 100 3 54 108 146 154 173 177 179 228 238 240 245 273 274 156 214 0
-189 -489 0
-189 556 0
489 -256 0
-189 554 0
489 -254 0
336 -189 0
489 -36 0
-189 574 0
489 -274 0
-189 391 0
489 -91 0
-189 396 0
489 -96 0
-189 329 0
489 -29 0
-189 408 0
489 -108 0
-189 562 0
489 -262 0
-189 465 0
489 -165 0
-189 479 0
489 -179 0
-189 516 0
489 -216 0
-516 -554 -396 -465 189 -574 -391 -562 -479 -336 -329 -408 -556 0
256 179 -489 165 108 96 262 274 254 36 91 216 29 0
-490 -190 0
558 -190 0
-258 490 0
326 -190 0
-26 490 0
364 -190 0
-64 490 0
331 -190 0
-31 490 0
577 -190 0
-277 490 0
461 -190 0
-161 490 0
-190 509 0
490 -209 0
469 -190 0
-169 490 0
543 -190 0
-243 490 0
-558 190 -543 -509 -469 -461 -364 -331 -326 -577 -344 -370 0
31 26 -490 64 161 169 209 243 258 277 44 70 0
-191 -491 0
-191 522 0
-222 491 0
595 -191 0
491 -295 0
-191 552 0
-252 491 0
318 -191 0
-18 491 0
-191 431 0
-131 491 0
494 -191 0
-194 491 0
-191 498 0
-198 491 0
347 -191 0
491 -47 0
-191 374 0
-74 491 0
191 -347 -318 -494 -552 -431 -595 -522 -374 -498 0
-491 18 47 295 194 74 131 198 252 222 0
51 34 9 157 165 182 217 218 225 269 290 295 -492 70 250 0
-193 -493 0
-193 560 0
493 -260 0
-193 371 0
493 -71 0
-193 404 0
493 -104 0
468 -193 0
-168 493 0
-193 474 0
493 -174 0
-193 496 0
493 -196 0
-193 367 0
493 -67 0
-193 540 0
493 -240 0
-540 -560 -468 -496 193 -367 -371 -404 -474 0
-493 174 240 104 196 168 260 67 71 0
-194 -494 0
-194 524 0
-224 494 0
-194 581 0
494 -281 0
328 -194 0
-28 494 0
-194 417 0
494 -117 0
-194 408 0
494 -108 0
-194 569 0
-269 494 0
-194 438 0
494 -138 0
-194 353 0
-53 494 0
-194 341 0
494 -41 0
-194 400 0
-100 494 0
-194 429 0
494 -129 0
-524 -341 -438 -328 194 -417 -569 -353 -400 -408 -581 -429 0
129 138 224 281 28 53 269 -494 117 41 100 108 0
-195 -495 0
-195 556 0
-256 495 0
-195 320 0
495 -20 0
-195 369 0
495 -69 0
-195 392 0
495 -92 0
363 -195 0
-63 495 0
-195 498 0
-198 495 0
-195 362 0
-62 495 0
355 -195 0
-55 495 0
-195 531 0
-231 495 0
-195 541 0
495 -241 0
-498 -369 -541 -320 -392 195 -363 -362 -556 -531 -355 0
-495 69 55 20 198 92 241 231 63 62 256 0
-196 -496 0
-196 552 0
496 -252 0
-196 428 0
-128 496 0
-196 491 0
496 -191 0
312 -196 0
-12 496 0
-196 422 0
-122 496 0
-196 425 0
496 -125 0
-196 438 0
496 -138 0
-196 481 0
-181 496 0
-196 350 0
496 -50 0
-491 -552 -481 -438 -428 -425 -422 -350 -312 196 -533 0
50 -496 12 122 125 128 138 181 191 252 233 0
-197 -497 0
-197 549 0
-249 497 0
-197 587 0
497 -287 0
-197 552 0
-252 497 0
-197 389 0
-89 497 0
-197 488 0
-188 497 0
-197 378 0
497 -78 0
-197 425 0
-125 497 0
377 -197 0
497 -77 0
-197 529 0
-229 497 0
-197 535 0
-235 497 0
-197 508 0
-208 497 0
-535 -552 -587 -549 -529 -508 -488 -425 -389 -378 -377 197 -445 -588 0
78 -497 125 77 89 188 208 229 235 249 252 287 145 288 0
-198 -498 0
-198 598 0
498 -298 0
-198 326 0
498 -26 0
-198 329 0
498 -29 0
-198 322 0
498 -22 0
-198 426 0
498 -126 0
-198 375 0
-75 498 0
-198 410 0
498 -110 0
-198 425 0
498 -125 0
518 -198 0
-218 498 0
-426 -598 -425 -518 -410 -375 -329 -326 -322 198 -447 0
-498 22 26 29 75 110 125 126 218 298 147 0
-199 -499 0
-199 563 0
499 -263 0
-199 570 0
499 -270 0
-199 423 0
-123 499 0
-199 564 0
499 -264 0
-199 351 0
499 -51 0
-199 488 0
-188 499 0
-199 438 0
499 -138 0
-199 535 0
-235 499 0
-199 446 0
-146 499 0
-488 -423 -351 -570 199 -563 -438 -535 -564 -446 0
263 51 -499 138 146 123 270 264 188 235 0
-200 -500 0
-200 560 0
500 -260 0
-200 572 0
500 -272 0
-200 439 0
500 -139 0
-200 398 0
500 -98 0
-200 351 0
500 -51 0
-200 372 0
500 -72 0
-200 429 0
500 -129 0
-200 495 0
500 -195 0
-200 508 0
500 -208 0
-200 516 0
500 -216 0
-200 540 0
500 -240 0
-540 -508 -572 -495 -372 -560 200 -429 -351 -398 -516 -439 0
195 51 240 272 260 139 98 -500 216 72 208 129 0
-201 -501 0
-201 592 0
501 -292 0
-201 558 0
501 -258 0
-201 330 0
501 -30 0
420 -201 0
501 -120 0
-201 408 0
501 -108 0
-201 575 0
-275 501 0
-201 470 0
501 -170 0
-201 354 0
501 -54 0
469 -201 0
501 -169 0
-201 480 0
501 -180 0
-201 506 0
501 -206 0
-201 507 0
501 -207 0
-575 -592 -558 -507 -506 -480 -470 -469 -420 -408 -354 -330 201 -550 -344 0
54 108 30 -501 120 169 170 180 206 207 258 275 292 250 44 0
-202 -502 0
-202 558 0
502 -258 0
-202 321 0
502 -21 0
-202 572 0
502 -272 0
-202 316 0
502 -16 0
-202 303 0
-3 502 0
-202 376 0
-76 502 0
-202 476 0
-176 502 0
-202 372 0
502 -72 0
-202 545 0
502 -245 0
-202 462 0
502 -162 0
-202 544 0
502 -244 0
-572 -544 -545 -558 -476 -462 -376 -372 -321 -316 -303 202 -588 0
-502 3 72 16 21 76 162 176 244 245 258 272 288 0
-203 -503 0
-203 597 0
503 -297 0
-203 586 0
-286 503 0
-203 581 0
503 -281 0
590 -203 0
503 -290 0
-203 555 0
-255 503 0
-203 580 0
503 -280 0
-203 395 0
-95 503 0
-203 505 0
-205 503 0
-203 513 0
503 -213 0
-203 450 0
-150 503 0
-203 536 0
-236 503 0
469 -203 0
503 -169 0
-203 507 0
-207 503 0
-597 -586 -590 -581 -580 -555 -536 -513 -507 -505 -469 -450 -395 203 -370 0
95 169 150 -503 205 207 213 236 255 280 281 286 290 297 70 0
-204 -504 0
-204 581 0
-281 504 0
-204 571 0
504 -271 0
-204 302 0
-2 504 0
-204 359 0
-59 504 0
-204 358 0
504 -58 0
-204 487 0
504 -187 0
-204 385 0
-85 504 0
-204 549 0
-249 504 0
-549 -571 -581 -487 -385 -359 -358 -302 204 -600 0
85 -504 59 58 2 187 249 271 281 300 0
-205 -505 0
-205 582 0
505 -282 0
-205 391 0
505 -91 0
-205 315 0
505 -15 0
-205 413 0
505 -113 0
-205 350 0
505 -50 0
205 -315 -413 -582 -350 -391 0
50 113 91 282 15 -505 0
-206 -506 0
-206 323 0
506 -23 0
-206 563 0
506 -263 0
-206 408 0
-108 506 0
-206 579 0
506 -279 0
-206 390 0
506 -90 0
-206 306 0
506 -6 0
-206 413 0
-113 506 0
-206 341 0
-41 506 0
489 -206 0
-189 506 0
-206 547 0
506 -247 0
-563 -579 -489 206 -306 -323 -413 -547 -390 -341 -408 0
41 247 279 6 189 -506 90 263 113 23 108 0
-207 -507 0
-207 571 0
507 -271 0
-207 313 0
507 -13 0
433 -207 0
-133 507 0
-207 457 0
507 -157 0
-207 374 0
-74 507 0
-207 504 0
507 -204 0
-207 539 0
-239 507 0
499 -207 0
507 -199 0
-539 -571 -504 -499 -457 -433 -374 -313 207 -308 -317 0
133 74 13 -507 157 199 204 239 271 17 8 0
-208 -508 0
-208 593 0
508 -293 0
-208 572 0
-272 508 0
-208 423 0
-123 508 0
577 -208 0
-277 508 0
-208 398 0
508 -98 0
-208 393 0
-93 508 0
-208 504 0
508 -204 0
406 -208 0
508 -106 0
-208 484 0
-184 508 0
499 -208 0
-199 508 0
506 -208 0
-206 508 0
-208 521 0
-221 508 0
-208 543 0
-243 508 0
-208 548 0
-248 508 0
-208 546 0
-246 508 0
-593 -572 -577 -548 -546 -543 -521 -506 -504 -499 -484 -423 -406 -398 -393 208 -411 0
-508 106 98 93 123 184 199 204 206 221 243 246 248 272 277 293 111 0
-509 -209 0
576 -209 0
-276 509 0
320 -209 0
-20 509 0
461 -209 0
-161 509 0
439 -209 0
-139 509 0
442 -209 0
-142 509 0
395 -209 0
-95 509 0
378 -209 0
-78 509 0
452 -209 0
-152 509 0
500 -209 0
-200 509 0
387 -209 0
-87 509 0
377 -209 0
-77 509 0
489 -209 0
-189 509 0
-442 209 -461 -576 -320 -452 -387 -378 -439 -395 -377 -489 -500 0
20 87 -509 276 78 152 142 189 95 161 200 139 77 0
-210 -510 0
-210 592 0
510 -292 0
-210 371 0
510 -71 0
-210 422 0
510 -122 0
468 -210 0
-168 510 0
-210 406 0
510 -106 0
-210 437 0
510 -137 0
-210 508 0
510 -208 0
-437 -592 -468 -508 -422 -406 -371 210 -411 0
-510 71 106 122 137 168 208 292 111 0
-211 -511 0
-211 560 0
511 -260 0
-211 357 0
511 -57 0
-211 301 0
511 -1 0
-211 564 0
511 -264 0
-211 381 0
-81 511 0
-211 401 0
-101 511 0
-211 313 0
511 -13 0
-211 488 0
-188 511 0
-211 354 0
511 -54 0
518 -211 0
-218 511 0
-211 517 0
-217 511 0
-211 527 0
511 -227 0
-488 -354 -527 -564 -301 -381 -518 211 -401 -357 -313 -517 -560 0
-511 264 13 54 81 217 218 101 188 1 57 260 227 0
-212 -512 0
332 -212 0
-32 512 0
-212 346 0
-46 512 0
305 -212 0
-5 512 0
-212 325 0
-25 512 0
-212 390 0
512 -90 0
-212 306 0
-6 512 0
435 -212 0
-135 512 0
-212 478 0
512 -178 0
-212 353 0
-53 512 0
-212 418 0
-118 512 0
432 -212 0
-132 512 0
-212 539 0
-239 512 0
212 -306 -325 -390 -539 -353 -435 -478 -432 -305 -332 -418 -346 0
5 46 -512 135 239 6 90 53 132 118 25 32 178 0
-213 -513 0
-213 542 0
513 -242 0
582 -213 0
-282 513 0
-213 301 0
513 -1 0
305 -213 0
-5 513 0
-213 405 0
-105 513 0
401 -213 0
-101 513 0
-213 358 0
-58 513 0
-213 537 0
-237 513 0
-213 536 0
-236 513 0
-213 485 0
-185 513 0
-301 213 -358 -537 -305 -536 -485 -542 -401 -582 -405 0
5 236 -513 242 58 105 237 282 101 185 1 0
257 115 240 126 227 293 -514 0
-215 -515 0
366 -215 0
-66 515 0
430 -215 0
515 -130 0
-215 483 0
515 -183 0
-215 470 0
515 -170 0
-215 367 0
-67 515 0
-215 535 0
-235 515 0
-215 459 0
515 -159 0
-430 -470 -459 215 -483 -535 -367 -366 0
183 159 170 130 66 -515 235 67 0
-216 -516 0
591 -216 0
-291 516 0
-216 556 0
516 -256 0
-216 301 0
516 -1 0
-216 324 0
516 -24 0
-216 364 0
516 -64 0
-216 575 0
-275 516 0
-216 505 0
-205 516 0
-216 502 0
516 -202 0
-216 429 0
516 -129 0
-216 537 0
-237 516 0
-216 524 0
516 -224 0
-591 -575 -556 -537 -524 -505 -502 -429 -364 -324 -301 216 -492 -550 0
-516 64 1 24 129 202 205 224 237 256 275 291 250 192 0
-217 -517 0
336 -217 0
517 -36 0
334 -217 0
517 -34 0
-217 572 0
517 -272 0
-217 324 0
517 -24 0
-217 417 0
517 -117 0
-217 569 0
517 -269 0
-217 393 0
517 -93 0
-217 388 0
517 -88 0
-217 319 0
517 -19 0
-217 491 0
517 -191 0
-217 348 0
517 -48 0
500 -217 0
-200 517 0
-217 397 0
517 -97 0
528 -217 0
517 -228 0
-569 -572 -528 -500 -491 -417 -397 -393 -388 -348 -336 -334 -324 -319 217 -533 -448 -600 -550 0
-517 34 24 19 36 48 88 93 97 117 191 200 228 269 272 250 148 233 300 0
-218 -518 0
-218 394 0
518 -94 0
-218 305 0
-5 518 0
-218 324 0
-24 518 0
-218 327 0
518 -27 0
-218 393 0
518 -93 0
-218 503 0
518 -203 0
-218 359 0
518 -59 0
-218 415 0
518 -115 0
-218 437 0
518 -137 0
-218 538 0
-238 518 0
-218 479 0
-179 518 0
-503 -437 -479 -415 -305 -359 -393 218 -394 -327 -538 -324 0
137 -518 27 238 5 24 94 59 203 179 93 115 0
-219 -519 0
-219 553 0
519 -253 0
-219 598 0
519 -298 0
-219 578 0
519 -278 0
-219 577 0
519 -277 0
-219 390 0
519 -90 0
-219 302 0
519 -2 0
-219 380 0
519 -80 0
-219 534 0
519 -234 0
-219 453 0
519 -153 0
-219 499 0
519 -199 0
-219 507 0
519 -207 0
-219 511 0
519 -211 0
-219 527 0
519 -227 0
528 -219 0
519 -228 0
-578 -598 -577 -553 -534 -528 -527 -511 -507 -499 -453 -390 -380 -302 219 -370 0
-519 90 2 80 153 199 207 211 227 228 234 253 277 278 298 70 0
-220 -520 0
-220 585 0
-285 520 0
-220 405 0
-105 520 0
-220 325 0
520 -25 0
313 -220 0
520 -13 0
494 -220 0
-194 520 0
491 -220 0
520 -191 0
-220 400 0
-100 520 0
-220 473 0
-173 520 0
-220 508 0
520 -208 0
-220 516 0
-216 520 0
-516 -508 -585 -494 -491 -473 -405 -400 -325 -313 220 -447 0
-520 100 13 25 105 173 191 194 208 216 285 147 0
-221 -521 0
-221 330 0
-30 521 0
-221 561 0
-261 521 0
318 -221 0
-18 521 0
305 -221 0
-5 521 0
-221 455 0
-155 521 0
494 -221 0
-194 521 0
430 -221 0
-130 521 0
-221 350 0
-50 521 0
-221 367 0
-67 521 0
-221 397 0
-97 521 0
528 -221 0
-228 521 0
-221 544 0
-244 521 0
-561 -494 -528 -544 -455 -430 -397 -367 -350 -330 -318 -305 221 -492 -588 0
-521 5 30 18 50 67 97 130 155 194 228 244 261 192 288 0
-222 -522 0
-222 402 0
522 -102 0
-222 455 0
522 -155 0
-222 339 0
-39 522 0
333 -222 0
-33 522 0
-222 361 0
522 -61 0
-222 452 0
522 -152 0
-222 487 0
522 -187 0
387 -222 0
522 -87 0
-222 536 0
-236 522 0
-222 539 0
-239 522 0
-222 462 0
522 -162 0
511 -222 0
-211 522 0
-222 542 0
-242 522 0
-539 -542 -536 -511 -487 -462 -455 -452 -402 -387 -361 -339 -333 222 -588 0
-522 39 33 61 87 102 152 155 162 187 211 236 239 242 288 0
-223 -523 0
-223 580 0
-280 523 0
-223 303 0
-3 523 0
-223 428 0
523 -128 0
-223 353 0
523 -53 0
-223 387 0
523 -87 0
-223 406 0
523 -106 0
-223 465 0
523 -165 0
-223 473 0
-173 523 0
-223 485 0
-185 523 0
-223 484 0
523 -184 0
506 -223 0
-206 523 0
-353 -484 -387 -465 -580 223 -428 -303 -506 -485 -406 -473 0
165 173 87 184 185 53 106 206 -523 128 280 3 0
-224 -524 0
-224 316 0
524 -16 0
-224 385 0
-85 524 0
-224 496 0
-196 524 0
-224 424 0
-124 524 0
-224 462 0
524 -162 0
-224 495 0
-195 524 0
-462 -495 -496 -424 -385 -316 224 -311 -337 0
-524 85 16 124 162 195 196 37 11 0
-225 -525 0
-225 581 0
525 -281 0
-225 589 0
525 -289 0
-225 575 0
525 -275 0
-225 375 0
525 -75 0
478 -225 0
525 -178 0
-225 477 0
525 -177 0
-225 341 0
525 -41 0
-225 415 0
525 -115 0
-225 421 0
525 -121 0
-225 479 0
525 -179 0
-225 485 0
525 -185 0
511 -225 0
525 -211 0
-225 521 0
525 -221 0
-575 -521 -581 -589 -511 -485 -479 -478 -477 -421 -415 -375 -341 225 -533 0
75 -525 115 41 121 177 178 179 185 211 221 275 281 289 233 0
-226 -526 0
553 -226 0
526 -253 0
-226 570 0
526 -270 0
-226 318 0
526 -18 0
-226 442 0
526 -142 0
-226 408 0
-108 526 0
-226 384 0
526 -84 0
515 -226 0
526 -215 0
-226 508 0
526 -208 0
-226 520 0
526 -220 0
-508 -553 -515 -520 -570 -442 -408 -384 -318 226 -447 -550 -311 -492 0
18 -526 84 108 142 208 215 220 253 270 192 250 11 147 0
-227 -527 0
-227 584 0
-284 527 0
305 -227 0
527 -5 0
458 -227 0
-158 527 0
-227 331 0
527 -31 0
-227 325 0
527 -25 0
-227 513 0
527 -213 0
-227 457 0
527 -157 0
-227 441 0
527 -141 0
-227 422 0
-122 527 0
-227 438 0
-138 527 0
515 -227 0
527 -215 0
-227 383 0
527 -83 0
-227 529 0
527 -229 0
-227 532 0
-232 527 0
-441 -532 -513 -383 -515 -584 227 -438 -457 -422 -305 -331 -529 -325 -458 0
-527 83 157 25 158 284 138 213 141 122 31 215 232 5 229 0
-228 -528 0
590 -228 0
-290 528 0
-228 597 0
-297 528 0
-228 309 0
-9 528 0
439 -228 0
-139 528 0
470 -228 0
-170 528 0
-228 359 0
-59 528 0
500 -228 0
-200 528 0
-228 384 0
528 -84 0
512 -228 0
528 -212 0
-228 509 0
528 -209 0
-470 228 -309 -439 -509 -597 -512 -384 -359 -590 -500 0
84 170 -528 212 59 139 297 290 9 209 200 0
-229 -529 0
-229 558 0
-258 529 0
-229 561 0
-261 529 0
305 -229 0
-5 529 0
-229 371 0
529 -71 0
-229 381 0
529 -81 0
-229 407 0
-107 529 0
-229 362 0
529 -62 0
-229 444 0
529 -144 0
-229 384 0
-84 529 0
511 -229 0
529 -211 0
523 -229 0
-223 529 0
-229 548 0
529 -248 0
-523 -561 -558 -548 -511 -444 -407 -384 -381 -371 -362 -305 229 -445 0
-529 71 62 5 81 84 107 144 211 223 248 258 261 145 0
-230 -530 0
-230 589 0
530 -289 0
568 -230 0
530 -268 0
-230 464 0
530 -164 0
-230 339 0
-39 530 0
-230 460 0
530 -160 0
-230 476 0
530 -176 0
515 -230 0
530 -215 0
-230 539 0
-239 530 0
-230 521 0
530 -221 0
-230 523 0
530 -223 0
-230 526 0
530 -226 0
-539 -589 -568 -526 -523 -521 -515 -476 -464 -460 -339 230 -600 0
-530 164 39 160 176 215 221 223 226 239 268 289 300 0
-231 -531 0
-231 391 0
-91 531 0
-231 303 0
-3 531 0
-231 420 0
-120 531 0
-231 439 0
-139 531 0
-231 579 0
-279 531 0
-231 497 0
-197 531 0
-231 463 0
-163 531 0
-231 435 0
-135 531 0
-231 472 0
-172 531 0
-231 524 0
-224 531 0
-524 -579 -497 -472 -463 -439 -435 -420 -391 -303 231 -343 0
-531 120 91 3 135 139 163 172 197 224 279 43 0
-232 -532 0
-232 581 0
532 -281 0
-232 559 0
532 -259 0
-232 464 0
532 -164 0
-232 369 0
532 -69 0
-232 567 0
532 -267 0
-232 395 0
532 -95 0
-232 462 0
532 -162 0
-232 484 0
532 -184 0
-232 508 0
532 -208 0
-567 -581 -559 -508 -484 -464 -462 -395 -369 232 -344 -447 0
162 95 -532 69 164 184 208 259 267 281 147 44 0
39 60 40 29 108 116 125 140 220 224 239 242 260 -533 0
-234 -534 0
-234 551 0
534 -251 0
-234 587 0
534 -287 0
-234 580 0
534 -280 0
-234 455 0
534 -155 0
-234 360 0
534 -60 0
-234 477 0
-177 534 0
-234 483 0
534 -183 0
-234 509 0
534 -209 0
-234 502 0
534 -202 0
-234 539 0
534 -239 0
-234 475 0
534 -175 0
-234 540 0
534 -240 0
-580 -551 -587 -540 -539 -509 -502 -483 -477 -475 -455 -360 234 -338 -594 0
60 -534 155 175 177 183 202 209 239 240 251 280 287 38 294 0
-235 -535 0
-235 394 0
535 -94 0
-235 314 0
535 -14 0
-235 375 0
535 -75 0
-235 481 0
-181 535 0
-235 385 0
535 -85 0
-235 409 0
-109 535 0
-235 538 0
535 -238 0
-235 529 0
535 -229 0
-235 453 0
-153 535 0
-235 459 0
535 -159 0
-235 479 0
-179 535 0
-529 -479 -538 -481 -459 -453 -409 -394 -385 -375 -314 235 -600 -514 0
85 -535 75 14 94 109 153 159 179 181 229 238 214 300 0
-236 -536 0
-236 346 0
536 -46 0
-236 571 0
536 -271 0
-236 564 0
536 -264 0
-236 466 0
536 -166 0
-236 350 0
536 -50 0
453 -236 0
-153 536 0
-236 548 0
536 -248 0
-548 -571 -564 -466 -453 -350 -346 236 -427 0
153 46 -536 50 166 248 264 271 127 0
-237 -537 0
-237 595 0
537 -295 0
-237 423 0
-123 537 0
-237 327 0
537 -27 0
-237 451 0
537 -151 0
-237 488 0
-188 537 0
-237 460 0
537 -160 0
-237 454 0
537 -154 0
-237 470 0
537 -170 0
-237 359 0
-59 537 0
-237 421 0
537 -121 0
-237 403 0
-103 537 0
-237 482 0
-182 537 0
-237 517 0
537 -217 0
-488 -595 -517 -482 -470 -460 -454 -451 -423 -421 -403 -359 -327 237 -594 0
-537 103 27 59 121 123 151 154 160 170 182 188 217 295 294 0
-238 -538 0
-238 585 0
538 -285 0
-238 597 0
538 -297 0
-238 555 0
538 -255 0
-238 328 0
538 -28 0
568 -238 0
538 -268 0
-238 382 0
538 -82 0
-238 331 0
538 -31 0
-238 457 0
538 -157 0
-238 422 0
538 -122 0
468 -238 0
-168 538 0
-238 481 0
538 -181 0
-238 509 0
538 -209 0
-238 429 0
538 -129 0
453 -238 0
-153 538 0
-238 465 0
538 -165 0
-238 524 0
538 -224 0
-597 -585 -568 -555 -524 -509 -481 -468 -465 -457 -453 -429 -422 -382 -331 -328 238 -456 -594 0
31 82 -538 28 122 129 153 157 165 168 181 209 224 255 268 285 297 294 156 0
-239 -539 0
-239 382 0
539 -82 0
-239 414 0
539 -114 0
-239 369 0
539 -69 0
-239 395 0
-95 539 0
-239 310 0
-10 539 0
-239 438 0
539 -138 0
-239 472 0
539 -172 0
-239 374 0
-74 539 0
-239 538 0
-238 539 0
-239 521 0
-221 539 0
-472 -521 -438 -538 -414 -395 -382 -374 -369 -310 239 -370 0
-539 82 74 10 69 95 114 138 172 221 238 70 0
-240 -540 0
-240 444 0
-144 540 0
360 -240 0
-60 540 0
-240 359 0
-59 540 0
-240 535 0
-235 540 0
-240 479 0
-179 540 0
511 -240 0
-211 540 0
518 -240 0
-218 540 0
523 -240 0
-223 540 0
-240 543 0
-243 540 0
-359 -444 240 -479 -360 -535 -523 -543 -518 -511 0
-540 218 211 223 59 243 60 179 144 235 0
-241 -541 0
-241 561 0
-261 541 0
-241 376 0
541 -76 0
-241 461 0
-161 541 0
-241 371 0
-71 541 0
364 -241 0
-64 541 0
-241 414 0
541 -114 0
-241 410 0
-110 541 0
-241 345 0
-45 541 0
-241 490 0
541 -190 0
-241 484 0
-184 541 0
528 -241 0
-228 541 0
-561 -484 -490 -528 -461 -414 -410 -376 -371 -364 -345 241 -447 0
71 45 -541 64 76 110 114 161 184 190 228 261 147 0
-242 -542 0
314 -242 0
542 -14 0
-242 325 0
542 -25 0
-242 428 0
542 -128 0
-242 342 0
-42 542 0
-242 350 0
542 -50 0
-242 380 0
542 -80 0
406 -242 0
542 -106 0
-242 397 0
542 -97 0
-242 531 0
-231 542 0
518 -242 0
542 -218 0
-428 -531 -518 -406 -397 -380 -350 -342 -325 -314 242 -311 0
-542 14 25 42 50 80 97 106 128 218 231 11 0
-243 -543 0
-243 597 0
-297 543 0
-243 364 0
543 -64 0
-243 398 0
543 -98 0
-243 393 0
-93 543 0
-243 313 0
543 -13 0
-243 470 0
543 -170 0
-243 383 0
543 -83 0
-243 529 0
543 -229 0
-243 541 0
543 -241 0
-597 -529 -541 -470 -398 -393 -383 -364 -313 243 -594 -436 0
64 98 -543 83 93 13 170 229 241 297 294 136 0
-244 -544 0
-244 560 0
544 -260 0
-244 301 0
544 -1 0
329 -244 0
-29 544 0
-244 398 0
-98 544 0
-244 444 0
-144 544 0
-244 406 0
544 -106 0
-244 524 0
544 -224 0
-560 -524 -444 -406 -398 -329 -301 244 -337 0
98 -544 29 1 106 144 224 260 37 0
-245 -545 0
-245 556 0
-256 545 0
-245 551 0
545 -251 0
336 -245 0
545 -36 0
-245 428 0
545 -128 0
-245 410 0
-110 545 0
406 -245 0
-106 545 0
-245 535 0
545 -235 0
-245 432 0
545 -132 0
449 -245 0
545 -149 0
-551 -535 -556 -449 -432 -428 -410 -406 -336 245 -317 0
110 -545 36 106 128 132 149 235 251 256 17 0
-246 -546 0
-246 596 0
546 -296 0
379 -246 0
-79 546 0
-246 455 0
546 -155 0
439 -246 0
546 -139 0
-246 569 0
-269 546 0
577 -246 0
546 -277 0
-246 393 0
-93 546 0
-246 497 0
546 -197 0
-246 441 0
546 -141 0
430 -246 0
-130 546 0
-246 487 0
546 -187 0
-246 383 0
546 -83 0
-246 536 0
-236 546 0
-246 462 0
546 -162 0
-246 479 0
-179 546 0
506 -246 0
-206 546 0
-246 526 0
546 -226 0
-596 -569 -577 -536 -526 -506 -497 -487 -479 -462 -455 -441 -439 -430 -393 -383 -379 246 -600 0
79 93 -546 83 130 139 141 155 162 179 187 197 206 226 236 269 277 296 300 0
-247 -547 0
-247 576 0
547 -276 0
-247 564 0
547 -264 0
-247 497 0
-197 547 0
312 -247 0
-12 547 0
-247 515 0
547 -215 0
-247 487 0
547 -187 0
-497 -564 -576 -515 -487 -312 247 -427 0
12 197 -547 187 215 264 276 127 0
-248 -548 0
591 -248 0
-291 548 0
-248 570 0
-270 548 0
-248 566 0
-266 548 0
454 -248 0
-154 548 0
-248 356 0
548 -56 0
-248 380 0
-80 548 0
-248 377 0
-77 548 0
-248 542 0
-242 548 0
-591 -570 -566 -542 -454 -380 -377 -356 248 -349 -445 0
-548 77 56 80 154 242 266 270 291 145 49 0
-249 -549 0
-249 553 0
549 -253 0
-249 307 0
-7 549 0
-249 329 0
-29 549 0
-249 369 0
549 -69 0
-249 565 0
549 -265 0
-249 375 0
-75 549 0
-249 306 0
549 -6 0
-249 404 0
-104 549 0
-249 365 0
549 -65 0
-249 406 0
549 -106 0
-249 446 0
-146 549 0
-249 516 0
-216 549 0
-249 521 0
549 -221 0
-249 547 0
-247 549 0
-521 -553 -565 -547 -516 -446 -406 -404 -375 -369 -365 -329 -307 -306 249 -448 0
-549 7 29 6 65 69 75 104 106 146 216 221 247 253 265 148 0
-250 -550 0
550 -283 0
-251 -551 0
-251 301 0
-1 551 0
-251 408 0
-108 551 0
-251 322 0
-22 551 0
-251 460 0
-160 551 0
-251 410 0
551 -110 0
-251 425 0
-125 551 0
-251 466 0
-166 551 0
-251 517 0
-217 551 0
-466 -460 -425 -517 -410 -408 -322 -301 251 -352 0
-551 108 1 22 110 125 160 166 217 52 0
-252 -552 0
-252 541 0
552 -241 0
-252 540 0
552 -240 0
-252 549 0
-249 552 0
-252 396 0
552 -96 0
379 -252 0
-79 552 0
-252 358 0
552 -58 0
-252 383 0
552 -83 0
-540 -549 -541 -396 -383 -379 -358 252 -308 0
-552 79 83 58 96 240 241 249 8 0
-253 -553 0
-253 554 0
-254 553 0
-253 557 0
-257 553 0
-253 309 0
-9 553 0
305 -253 0
553 -5 0
-253 382 0
553 -82 0
-253 326 0
553 -26 0
-253 545 0
553 -245 0
-253 412 0
-112 553 0
-253 535 0
-235 553 0
-253 437 0
553 -137 0
-437 -545 -326 -557 253 -554 -535 -305 -382 -412 -309 0
26 245 -553 82 5 112 235 9 137 257 254 0
-254 -554 0
-254 560 0
554 -260 0
591 -254 0
-291 554 0
-254 501 0
554 -201 0
-254 335 0
-35 554 0
-254 431 0
554 -131 0
-254 388 0
554 -88 0
-254 490 0
554 -190 0
-254 487 0
554 -187 0
-254 359 0
554 -59 0
-254 380 0
554 -80 0
-254 537 0
-237 554 0
-254 459 0
554 -159 0
-254 484 0
-184 554 0
527 -254 0
-227 554 0
-591 -537 -527 -560 -501 -490 -487 -484 -459 -431 -388 -380 -359 -335 254 -600 0
59 35 -554 80 88 131 159 184 187 190 201 227 237 260 291 300 0
-255 -555 0
-255 553 0
555 -253 0
-255 581 0
555 -281 0
-255 589 0
555 -289 0
-255 595 0
555 -295 0
-255 301 0
555 -1 0
-255 364 0
555 -64 0
-255 494 0
-194 555 0
-255 327 0
555 -27 0
-255 421 0
555 -121 0
-255 477 0
-177 555 0
-595 -553 -581 -589 -494 -477 -421 -364 -327 -301 255 -514 -370 0
-555 64 27 1 121 177 194 253 281 289 295 70 214 0
-256 -556 0
-256 597 0
-297 556 0
-256 599 0
556 -299 0
-256 307 0
-7 556 0
-256 562 0
-262 556 0
-256 564 0
556 -264 0
-256 534 0
-234 556 0
-256 474 0
-174 556 0
-597 -564 -562 -599 -534 -474 -307 256 -594 -311 0
234 174 -556 7 262 264 297 299 11 294 0
-257 -557 0
-257 547 0
557 -247 0
-257 396 0
557 -96 0
-257 399 0
557 -99 0
-257 332 0
557 -32 0
-257 579 0
557 -279 0
-257 564 0
557 -264 0
-257 391 0
557 -91 0
-257 398 0
557 -98 0
-257 351 0
557 -51 0
-257 476 0
557 -176 0
-257 539 0
557 -239 0
-257 528 0
557 -228 0
-257 524 0
557 -224 0
-539 -564 -547 -579 -528 -524 -476 -399 -398 -396 -391 -351 -332 257 -600 0
51 91 -557 32 96 98 99 176 224 228 239 247 264 279 300 0
-258 -558 0
-258 544 0
558 -244 0
-258 592 0
-292 558 0
396 -258 0
558 -96 0
-258 569 0
-269 558 0
-258 313 0
558 -13 0
-258 368 0
558 -68 0
-258 512 0
558 -212 0
-258 400 0
558 -100 0
-258 535 0
-235 558 0
-569 -535 -512 -544 -592 -400 -396 -368 -313 258 -411 0
96 68 13 -558 100 212 235 244 269 292 111 0
-259 -559 0
-259 402 0
-102 559 0
-259 389 0
-89 559 0
-259 382 0
-82 559 0
-259 569 0
559 -269 0
333 -259 0
-33 559 0
-259 365 0
559 -65 0
-259 359 0
-59 559 0
-259 529 0
-229 559 0
-259 400 0
-100 559 0
472 -259 0
-172 559 0
-259 416 0
559 -116 0
-259 478 0
559 -178 0
-259 521 0
-221 559 0
-529 -382 -402 259 -569 -333 -416 -389 -478 -359 -472 -521 -400 -365 0
102 82 -559 178 89 221 116 269 65 229 33 172 100 59 0
-260 -560 0
582 -260 0
-282 560 0
-260 597 0
560 -297 0
-260 402 0
-102 560 0
332 -260 0
-32 560 0
336 -260 0
-36 560 0
-260 301 0
560 -1 0
420 -260 0
-120 560 0
-260 302 0
-2 560 0
-260 496 0
-196 560 0
-260 538 0
-238 560 0
-260 531 0
-231 560 0
-260 480 0
560 -180 0
-597 -582 -538 -531 -496 -480 -420 -402 -336 -332 -302 -301 260 -337 -427 0
-560 32 1 2 36 102 120 180 196 231 238 282 297 37 127 0
-261 -561 0
-261 563 0
561 -263 0
-261 580 0
561 -280 0
-261 303 0
-3 561 0
-261 323 0
561 -23 0
-261 451 0
-151 561 0
-261 577 0
561 -277 0
-261 360 0
-60 561 0
-261 493 0
-193 561 0
-261 341 0
-41 561 0
-580 -563 -493 -577 -451 -360 -341 -323 -303 261 -445 -349 0
-561 41 3 23 60 151 193 263 277 280 145 49 0
-262 -562 0
-262 589 0
-289 562 0
-262 301 0
562 -1 0
336 -262 0
562 -36 0
-262 340 0
562 -40 0
577 -262 0
562 -277 0
-262 368 0
562 -68 0
-262 490 0
562 -190 0
-262 380 0
-80 562 0
-262 484 0
562 -184 0
-577 -589 -490 -484 -380 -368 -340 -336 -301 262 -349 -344 -352 0
36 40 -562 1 68 80 184 190 277 289 44 49 52 0
-263 -563 0
-263 548 0
-248 563 0
-263 316 0
563 -16 0
-263 455 0
563 -155 0
-263 464 0
-164 563 0
493 -263 0
-193 563 0
-548 -493 -464 -455 -316 263 -427 -317 0
-563 193 155 164 16 248 17 127 0
-564 -264 0
307 -264 0
-7 564 0
565 -264 0
564 -265 0
388 -264 0
-88 564 0
415 -264 0
-115 564 0
443 -264 0
-143 564 0
546 -264 0
-246 564 0
-443 264 -565 -415 -388 -307 -546 -352 -311 0
115 -564 7 88 143 246 265 52 11 0
-265 -565 0
-265 373 0
-73 565 0
392 -265 0
-92 565 0
401 -265 0
-101 565 0
-265 410 0
-110 565 0
355 -265 0
-55 565 0
-265 446 0
-146 565 0
495 -265 0
-195 565 0
489 -265 0
-189 565 0
-265 486 0
-186 565 0
-265 542 0
-242 565 0
-542 -495 -489 -486 -446 -410 -401 -392 -373 -355 265 -352 -492 0
55 92 -565 73 101 110 146 186 189 195 242 52 192 0
-266 -566 0
591 -266 0
-291 566 0
-266 593 0
-293 566 0
-266 371 0
566 -71 0
-266 564 0
566 -264 0
439 -266 0
566 -139 0
-266 379 0
-79 566 0
-266 501 0
-201 566 0
-266 393 0
-93 566 0
-266 381 0
566 -81 0
-266 469 0
566 -169 0
-266 484 0
-184 566 0
-266 517 0
566 -217 0
-266 507 0
-207 566 0
-266 524 0
-224 566 0
-591 -593 -564 -524 -517 -507 -501 -484 -469 -439 -393 -381 -379 -371 266 -338 0
71 79 -566 81 93 139 169 184 201 207 217 224 264 291 293 38 0
-267 -567 0
-267 560 0
567 -260 0
-267 302 0
567 -2 0
-267 417 0
567 -117 0
-267 502 0
567 -202 0
-267 487 0
567 -187 0
-267 422 0
567 -122 0
-267 403 0
567 -103 0
-267 467 0
567 -167 0
523 -267 0
567 -223 0
-502 -302 -403 -487 -523 -560 267 -417 -422 -467 0
-567 187 103 2 167 260 202 122 117 223 0
-268 -568 0
-268 549 0
-249 568 0
-268 560 0
-260 568 0
-268 592 0
-292 568 0
582 -268 0
-282 568 0
-268 561 0
-261 568 0
-268 587 0
568 -287 0
-268 301 0
568 -1 0
-268 451 0
568 -151 0
392 -268 0
568 -92 0
-268 351 0
-51 568 0
-268 356 0
568 -56 0
-268 482 0
-182 568 0
-268 507 0
568 -207 0
-507 -451 -301 268 -549 -587 -561 -582 -356 -560 -592 -482 -351 -392 0
1 -568 56 287 207 151 249 261 282 51 260 182 92 292 0
-269 -569 0
-269 585 0
569 -285 0
-269 598 0
569 -298 0
-269 305 0
569 -5 0
-269 302 0
569 -2 0
-269 398 0
569 -98 0
-269 462 0
569 -162 0
-269 521 0
569 -221 0
-269 547 0
569 -247 0
-269 543 0
569 -243 0
-521 -585 -543 -598 -547 -462 -398 -305 -302 269 -533 0
-569 5 2 98 162 221 243 247 285 298 233 0
-270 -570 0
-270 547 0
-247 570 0
-270 340 0
-40 570 0
-270 330 0
-30 570 0
-270 455 0
570 -155 0
-270 306 0
570 -6 0
-270 538 0
-238 570 0
-270 386 0
-86 570 0
468 -270 0
-168 570 0
-270 440 0
-140 570 0
-270 471 0
570 -171 0
-471 270 -330 -538 -455 -468 -386 -306 -440 -340 -547 0
168 86 40 238 -570 30 171 140 155 247 6 0
-271 -571 0
-271 552 0
-252 571 0
336 -271 0
571 -36 0
-271 562 0
571 -262 0
-271 575 0
-275 571 0
505 -271 0
-205 571 0
-271 339 0
-39 571 0
-271 426 0
-126 571 0
387 -271 0
571 -87 0
-271 415 0
571 -115 0
-271 429 0
571 -129 0
-271 485 0
-185 571 0
-271 526 0
571 -226 0
-505 -575 -552 -526 -562 -485 -429 -426 -415 -387 -339 -336 271 -588 -338 0
-571 39 87 36 115 126 129 185 205 226 252 262 275 38 288 0
-272 -572 0
-272 541 0
572 -241 0
-272 592 0
-292 572 0
-272 597 0
572 -297 0
-272 301 0
572 -1 0
458 -272 0
-158 572 0
-272 331 0
-31 572 0
-272 496 0
-196 572 0
-272 407 0
-107 572 0
-272 386 0
-86 572 0
-272 476 0
-176 572 0
-272 418 0
572 -118 0
-272 483 0
-183 572 0
-272 429 0
572 -129 0
449 -272 0
-149 572 0
453 -272 0
-153 572 0
-272 479 0
-179 572 0
-592 -496 -541 -597 -483 -479 -476 -458 -453 -449 -429 -418 -407 -386 -331 -301 272 -344 0
-572 86 1 31 107 118 129 149 153 158 176 179 183 196 241 292 297 44 0
-273 -573 0
-273 599 0
573 -299 0
394 -273 0
-94 573 0
-273 327 0
573 -27 0
363 -273 0
-63 573 0
-273 342 0
573 -42 0
-273 425 0
573 -125 0
-273 529 0
573 -229 0
-273 546 0
-246 573 0
-273 544 0
573 -244 0
-529 -544 -546 -599 -425 -394 -363 -342 -327 273 -447 0
63 42 27 -573 94 125 229 244 246 299 147 0
-274 -574 0
559 -274 0
574 -259 0
-274 593 0
574 -293 0
-274 321 0
-21 574 0
458 -274 0
-158 574 0
-274 569 0
-269 574 0
-274 324 0
574 -24 0
463 -274 0
-163 574 0
-274 490 0
574 -190 0
-274 535 0
-235 574 0
-274 377 0
574 -77 0
-274 437 0
574 -137 0
-274 482 0
574 -182 0
-274 480 0
574 -180 0
-274 507 0
-207 574 0
-274 519 0
-219 574 0
-274 521 0
574 -221 0
-593 -535 -559 -569 -521 -519 -507 -490 -482 -480 -463 -458 -437 -377 -324 -321 274 -370 0
137 21 -574 24 77 158 163 180 182 190 207 219 221 235 259 269 293 70 0
-275 -575 0
-275 569 0
-269 575 0
-275 382 0
575 -82 0
-275 488 0
-188 575 0
-275 335 0
575 -35 0
-275 388 0
575 -88 0
-275 487 0
575 -187 0
-275 412 0
-112 575 0
-275 443 0
575 -143 0
-275 542 0
575 -242 0
-488 -542 -569 -487 -443 -412 -388 -382 -335 275 -343 -411 -370 0
-575 88 35 112 82 143 187 188 242 269 43 70 111 0
-276 -576 0
-276 555 0
-255 576 0
-276 574 0
576 -274 0
-276 580 0
-280 576 0
-276 330 0
-30 576 0
379 -276 0
-79 576 0
-276 325 0
576 -25 0
360 -276 0
-60 576 0
-276 487 0
576 -187 0
-276 539 0
-239 576 0
-276 482 0
576 -182 0
-580 -539 -574 -555 -487 -482 -379 -360 -330 -325 276 -594 0
25 30 -576 60 79 182 187 239 255 274 280 294 0
-277 -577 0
-277 442 0
577 -142 0
-277 357 0
-57 577 0
-277 435 0
577 -135 0
-277 441 0
577 -141 0
401 -277 0
577 -101 0
-277 358 0
-58 577 0
-277 359 0
-59 577 0
-277 529 0
577 -229 0
-277 470 0
577 -170 0
-277 446 0
577 -146 0
-277 432 0
577 -132 0
-277 484 0
577 -184 0
-277 542 0
577 -242 0
-357 -441 -442 -359 -432 -484 277 -435 -529 -401 -542 -358 -446 -470 0
141 142 -577 59 135 184 58 146 170 229 132 242 57 101 0
-278 -578 0
-278 405 0
-105 578 0
-278 368 0
578 -68 0
-278 345 0
-45 578 0
-278 476 0
-176 578 0
-278 400 0
-100 578 0
-278 421 0
578 -121 0
-278 482 0
-182 578 0
506 -278 0
578 -206 0
-476 278 -345 -506 -421 -400 -482 -405 -368 0
-578 100 68 45 182 206 105 176 121 0
-279 -579 0
-279 563 0
-263 579 0
-279 574 0
-274 579 0
-279 589 0
-289 579 0
318 -279 0
-18 579 0
-279 569 0
-269 579 0
-279 562 0
-262 579 0
-279 573 0
-273 579 0
-279 438 0
-138 579 0
-279 375 0
-75 579 0
-279 413 0
-113 579 0
377 -279 0
-77 579 0
443 -279 0
-143 579 0
453 -279 0
-153 579 0
518 -279 0
-218 579 0
-279 517 0
-217 579 0
-279 548 0
-248 579 0
-569 -563 279 -562 -438 -589 -518 -443 -517 -548 -318 -413 -375 -453 -573 -377 -574 0
75 -579 262 113 248 273 217 153 263 269 218 289 18 138 143 274 77 0
-280 -580 0
-280 541 0
580 -241 0
-280 554 0
-254 580 0
570 -280 0
580 -270 0
-280 595 0
580 -295 0
-280 442 0
580 -142 0
396 -280 0
580 -96 0
-280 498 0
580 -198 0
-280 315 0
-15 580 0
-280 304 0
580 -4 0
-280 392 0
580 -92 0
-280 388 0
580 -88 0
-280 530 0
-230 580 0
-570 -595 -554 -541 -530 -498 -442 -396 -392 -388 -315 -304 280 -594 0
-580 15 4 88 92 96 142 198 230 241 254 270 295 294 0
-281 -581 0
-281 576 0
581 -276 0
-281 442 0
-142 581 0
439 -281 0
581 -139 0
-281 423 0
-123 581 0
493 -281 0
581 -193 0
-281 536 0
-236 581 0
-281 545 0
581 -245 0
367 -281 0
-67 581 0
-281 424 0
-124 581 0
-281 541 0
581 -241 0
-281 557 0
-257 581 0
-281 560 0
581 -260 0
-281 584 0
581 -284 0
-560 -584 -576 -557 -545 -541 -536 -493 -442 -439 -424 -423 -367 281 -344 -594 0
123 139 124 -581 67 142 193 236 241 245 257 260 276 284 44 294 0
-282 -582 0
320 -282 0
582 -20 0
-282 442 0
582 -142 0
439 -282 0
582 -139 0
-282 503 0
582 -203 0
-282 501 0
-201 582 0
454 -282 0
-154 582 0
-282 380 0
-80 582 0
468 -282 0
-168 582 0
-282 434 0
582 -134 0
-282 520 0
582 -220 0
-282 530 0
582 -230 0
-434 -454 -442 -320 -439 -501 -530 -520 -380 282 -468 -503 0
201 168 230 139 -582 20 220 203 80 142 134 154 0
-583 -283 0
311 -283 0
-11 583 0
436 -283 0
-136 583 0
349 -283 0
-49 583 0
317 -283 0
-17 583 0
337 -283 0
-37 583 0
411 -283 0
-111 583 0
370 -283 0
-70 583 0
419 -283 0
-119 583 0
427 -283 0
-127 583 0
456 -283 0
-156 583 0
492 -283 0
-192 583 0
514 -283 0
-214 583 0
533 -283 0
-233 583 0
-284 -584 0
-284 570 0
584 -270 0
-284 513 0
584 -213 0
-284 322 0
584 -22 0
-284 423 0
-123 584 0
-284 356 0
584 -56 0
-284 537 0
-237 584 0
-284 374 0
-74 584 0
-284 474 0
-174 584 0
-284 462 0
584 -162 0
-284 495 0
584 -195 0
518 -284 0
-218 584 0
-284 519 0
-219 584 0
-284 540 0
584 -240 0
582 -284 0
584 -282 0
-540 -537 -570 -582 -519 -518 -513 -495 -474 -462 -423 -374 -356 -322 284 -588 0
22 -584 56 74 123 162 174 195 213 218 219 237 240 270 282 288 0
-285 -585 0
-285 316 0
585 -16 0
364 -285 0
585 -64 0
-285 562 0
585 -262 0
577 -285 0
585 -277 0
-285 463 0
-163 585 0
-285 413 0
585 -113 0
433 -285 0
-133 585 0
-285 534 0
-234 585 0
-285 474 0
585 -174 0
-285 473 0
-173 585 0
-285 516 0
585 -216 0
518 -285 0
-218 585 0
-285 541 0
585 -241 0
-285 584 0
-284 585 0
-584 -562 -534 -541 -577 -518 -516 -474 -473 -463 -433 -413 -364 -316 285 -344 0
113 -585 64 16 133 163 173 174 216 218 234 241 262 277 284 44 0
-286 -586 0
379 -286 0
-79 586 0
-286 472 0
586 -172 0
-286 476 0
-176 586 0
-286 400 0
586 -100 0
-286 409 0
586 -109 0
-286 424 0
-124 586 0
-286 434 0
586 -134 0
499 -286 0
-199 586 0
-476 -472 -499 -434 -424 -409 -400 -379 286 -594 0
-586 109 100 79 124 134 172 176 199 294 0
-287 -587 0
-287 551 0
-251 587 0
553 -287 0
-253 587 0
-287 301 0
-1 587 0
-287 373 0
-73 587 0
-287 564 0
587 -264 0
-287 399 0
-99 587 0
-287 342 0
-42 587 0
-287 412 0
-112 587 0
495 -287 0
587 -195 0
-287 522 0
-222 587 0
-551 -564 -553 -522 -495 -412 -399 -373 -342 -301 287 -419 0
1 42 -587 73 99 112 195 222 251 253 264 119 0
-288 583 0
588 -283 0
-289 -589 0
582 -289 0
589 -282 0
-289 503 0
589 -203 0
-289 487 0
589 -187 0
-289 496 0
589 -196 0
-289 347 0
589 -47 0
-289 359 0
-59 589 0
-289 462 0
589 -162 0
511 -289 0
-211 589 0
-289 519 0
-219 589 0
527 -289 0
589 -227 0
-519 -582 -511 -527 -503 -496 -487 -462 -359 -347 289 -436 0
162 47 -589 59 187 196 203 211 219 227 282 136 0
-290 -590 0
-290 589 0
-289 590 0
-290 336 0
590 -36 0
334 -290 0
-34 590 0
567 -290 0
-267 590 0
-290 579 0
590 -279 0
-290 455 0
590 -155 0
312 -290 0
590 -12 0
-290 313 0
590 -13 0
335 -290 0
-35 590 0
-290 509 0
590 -209 0
-290 341 0
590 -41 0
-290 350 0
590 -50 0
-290 536 0
-236 590 0
468 -290 0
-168 590 0
-290 483 0
-183 590 0
475 -290 0
590 -175 0
12 34 -590 35 13 36 41 50 155 168 175 183 209 236 267 279 289 127 0
-291 -591 0
-291 587 0
591 -287 0
-291 595 0
591 -295 0
-291 569 0
-269 591 0
-291 513 0
591 -213 0
-291 510 0
-210 591 0
-291 428 0
-128 591 0
-291 398 0
591 -98 0
-291 345 0
591 -45 0
-291 502 0
-202 591 0
355 -291 0
591 -55 0
-291 425 0
591 -125 0
-291 443 0
-143 591 0
-291 446 0
591 -146 0
-446 -345 -443 -513 -595 -510 -398 291 -569 -587 -355 -428 -502 -425 0
-591 146 45 213 55 143 128 269 295 98 202 125 287 210 0
-292 -592 0
-292 589 0
592 -289 0
-292 428 0
-128 592 0
-292 351 0
592 -51 0
-292 457 0
592 -157 0
-292 392 0
592 -92 0
-292 487 0
592 -187 0
-292 341 0
592 -41 0
-292 545 0
592 -245 0
-292 466 0
592 -166 0
-292 406 0
592 -106 0
-292 472 0
592 -172 0
432 -292 0
-132 592 0
-292 471 0
592 -171 0
-545 -589 -487 -472 -471 -466 -457 -432 -428 -406 -392 -351 -341 292 -308 -338 0
106 -592 51 41 92 128 132 157 166 171 172 187 245 289 38 8 0
-293 -593 0
-293 491 0
593 -191 0
-293 501 0
593 -201 0
-293 513 0
593 -213 0
-293 413 0
593 -113 0
-293 387 0
593 -87 0
-293 486 0
593 -186 0
-293 495 0
593 -195 0
-491 -495 -501 -513 -486 -413 -387 293 -492 0
-593 191 186 113 87 195 201 213 192 0
-294 583 0
594 -283 0
-295 -595 0
-295 546 0
-246 595 0
578 -295 0
-278 595 0
-295 307 0
-7 595 0
-295 309 0
-9 595 0
336 -295 0
595 -36 0
-295 402 0
-102 595 0
-295 315 0
-15 595 0
-295 325 0
595 -25 0
333 -295 0
-33 595 0
360 -295 0
-60 595 0
463 -295 0
-163 595 0
401 -295 0
-101 595 0
-295 356 0
595 -56 0
-295 386 0
-86 595 0
523 -295 0
-223 595 0
-360 -336 -356 295 -307 -333 -401 -315 -386 -463 -578 -402 -546 -325 -309 -523 0
278 102 56 86 25 101 9 223 -595 15 33 36 163 7 60 246 0
-296 -596 0
-296 554 0
-254 596 0
-296 555 0
-255 596 0
-296 574 0
-274 596 0
-296 321 0
-21 596 0
-296 417 0
-117 596 0
-296 420 0
-120 596 0
-296 431 0
-131 596 0
-296 531 0
-231 596 0
-296 424 0
-124 596 0
-296 443 0
-143 596 0
-296 440 0
-140 596 0
-555 -531 -420 296 -321 -554 -424 -574 -431 -440 -443 -417 0
-596 140 255 21 120 143 117 274 231 124 131 254 0
-297 -597 0
-297 544 0
597 -244 0
-297 551 0
597 -251 0
559 -297 0
597 -259 0
590 -297 0
-290 597 0
-297 580 0
-280 597 0
-297 569 0
-269 597 0
-297 501 0
-201 597 0
-297 322 0
597 -22 0
-297 444 0
-144 597 0
-297 418 0
-118 597 0
432 -297 0
-132 597 0
-580 -569 -590 -559 -551 -544 -501 -444 -432 -418 -322 297 -600 0
-597 132 118 22 144 201 244 251 259 269 280 290 300 0
-298 -598 0
-298 548 0
-248 598 0
-298 555 0
-255 598 0
-298 551 0
-251 598 0
567 -298 0
-267 598 0
312 -298 0
-12 598 0
-298 444 0
-144 598 0
-298 450 0
-150 598 0
-298 477 0
-177 598 0
-298 418 0
-118 598 0
-298 473 0
-173 598 0
475 -298 0
-175 598 0
-298 524 0
-224 598 0
-555 -312 298 -551 -418 -477 -524 -444 -567 -450 -473 -475 -548 0
224 -598 267 177 144 251 248 173 175 150 118 12 255 0
-299 -599 0
-299 548 0
-248 599 0
-299 551 0
-251 599 0
-299 558 0
-258 599 0
-299 586 0
-286 599 0
-299 598 0
-298 599 0
439 -299 0
-139 599 0
-299 375 0
-75 599 0
-299 405 0
-105 599 0
-299 444 0
-144 599 0
-299 393 0
-93 599 0
-299 348 0
-48 599 0
-299 351 0
-51 599 0
-299 350 0
-50 599 0
-299 413 0
-113 599 0
387 -299 0
-87 599 0
-299 477 0
-177 599 0
-551 -598 -558 -586 -548 -477 -444 -439 -413 -405 -393 -387 -375 -351 -350 -348 299 -445 0
50 -599 51 48 75 87 93 105 113 139 144 177 248 251 258 286 298 145 0
-300 583 0
600 -283 0
283 0
