p cnf 1200 7118
-1 -401 0
739 -1 0
-339 401 0
783 -1 0
-383 401 0
619 -1 0
-219 401 0
653 -1 0
-253 401 0
537 -1 0
-137 401 0
677 -1 0
-277 401 0
-783 -677 1 -537 -619 -653 -739 0
-401 277 339 137 219 383 253 0
-2 -402 0
758 -2 0
402 -358 0
766 -2 0
-366 402 0
-2 401 0
402 -1 0
-2 403 0
402 -3 0
-2 797 0
402 -397 0
-2 791 0
402 -391 0
-2 605 0
-205 402 0
587 -2 0
-187 402 0
-2 737 0
402 -337 0
-2 604 0
402 -204 0
531 -2 0
-131 402 0
-2 586 0
-186 402 0
-2 629 0
402 -229 0
646 -2 0
-246 402 0
-402 204 1 3 131 187 205 391 246 337 358 186 397 366 229 0
-3 -403 0
685 -3 0
-285 403 0
787 -3 0
-387 403 0
410 -3 0
-10 403 0
-3 440 0
-40 403 0
-3 797 0
-397 403 0
578 -3 0
403 -178 0
645 -3 0
-245 403 0
-410 -685 3 -797 -440 -787 -578 -645 0
-403 10 40 285 387 178 397 245 0
-4 -404 0
-4 751 0
404 -351 0
-4 792 0
-392 404 0
-4 687 0
404 -287 0
659 -4 0
-259 404 0
-659 -751 4 -687 -792 0
259 351 -404 392 287 0
-5 -405 0
735 -5 0
-335 405 0
423 -5 0
-23 405 0
-5 425 0
-25 405 0
615 -5 0
-215 405 0
573 -5 0
-173 405 0
-5 542 0
-142 405 0
-5 528 0
-128 405 0
743 -5 0
-343 405 0
772 -5 0
-372 405 0
-743 -772 -735 -615 -573 -542 -528 -425 -423 5 -794 0
-405 23 25 128 142 173 215 335 343 372 394 0
-6 -406 0
-6 404 0
406 -4 0
-6 704 0
406 -304 0
-6 641 0
406 -241 0
-6 665 0
406 -265 0
-6 740 0
406 -340 0
-740 -704 -665 -641 -404 6 -533 0
-406 241 265 4 304 340 133 0
-7 -407 0
685 -7 0
-285 407 0
-7 698 0
407 -298 0
-7 747 0
407 -347 0
-7 405 0
407 -5 0
430 -7 0
407 -30 0
-7 432 0
407 -32 0
-7 797 0
407 -397 0
750 -7 0
407 -350 0
500 -7 0
407 -100 0
-747 -432 -405 7 -698 -750 -500 -685 -430 -797 0
32 5 347 285 -407 30 298 100 397 350 0
-8 -408 0
-8 401 0
408 -1 0
-8 523 0
408 -123 0
-8 792 0
408 -392 0
475 -8 0
408 -75 0
-8 674 0
408 -274 0
545 -8 0
408 -145 0
-8 638 0
408 -238 0
-545 -401 8 -674 -638 -475 -523 -792 0
145 -408 238 1 123 274 75 392 0
-9 -409 0
726 -9 0
-326 409 0
789 -9 0
-389 409 0
402 -9 0
-2 409 0
573 -9 0
-173 409 0
-9 444 0
-44 409 0
708 -9 0
409 -308 0
-9 571 0
-171 409 0
-789 -708 9 -444 -402 -571 -726 -573 0
-409 389 44 173 308 171 2 326 0
-10 -410 0
-10 756 0
410 -356 0
-10 409 0
410 -9 0
-10 484 0
410 -84 0
-10 422 0
410 -22 0
-10 549 0
-149 410 0
686 -10 0
-286 410 0
-10 634 0
410 -234 0
649 -10 0
410 -249 0
-409 -686 -549 -756 10 -422 -649 -634 -484 0
234 9 84 22 249 356 -410 149 286 0
-11 414 0
411 -14 0
-11 424 0
411 -24 0
-11 413 0
411 -13 0
-11 487 0
-11 477 0
411 -77 0
-11 453 0
411 -53 0
-11 617 0
411 -217 0
-11 635 0
411 -235 0
-11 613 0
411 -213 0
-11 664 0
411 -264 0
-477 -664 -424 -414 11 -635 -487 -453 -613 -413 -617 0
-411 77 14 213 235 217 87 13 53 24 264 0
-12 -412 0
-12 790 0
412 -390 0
-12 780 0
412 -380 0
433 -12 0
412 -33 0
-12 486 0
412 -86 0
-12 484 0
412 -84 0
-12 792 0
412 -392 0
-12 472 0
412 -72 0
-12 492 0
412 -92 0
-12 494 0
412 -94 0
-12 733 0
412 -333 0
-12 777 0
412 -377 0
-790 -792 -733 -492 -777 -484 -494 -433 -472 -486 12 -780 0
392 377 333 -412 94 72 390 86 84 380 33 92 0
-13 -413 0
-13 428 0
413 -28 0
433 -13 0
413 -33 0
-13 480 0
413 -80 0
502 -13 0
413 -102 0
-13 420 0
-20 413 0
-13 513 0
413 -113 0
-13 447 0
-47 413 0
-13 618 0
413 -218 0
-13 775 0
413 -375 0
-13 720 0
413 -320 0
-13 764 0
-364 413 0
-775 -764 -433 13 -513 -618 -502 -720 -480 -428 -420 -447 0
375 47 364 33 80 102 20 28 113 218 -413 320 0
-14 -414 0
-14 746 0
414 -346 0
-14 431 0
414 -31 0
-14 538 0
414 -138 0
500 -14 0
-100 414 0
744 -14 0
414 -344 0
-14 714 0
414 -314 0
-538 -746 -714 -744 -500 -431 14 0
138 346 314 344 100 31 -414 0
-15 -415 0
505 -15 0
-105 415 0
-15 418 0
415 -18 0
-15 479 0
415 -79 0
-15 555 0
415 -155 0
-15 654 0
415 -254 0
-15 732 0
415 -332 0
-15 768 0
415 -368 0
770 -15 0
415 -370 0
-418 -768 -654 -732 -479 -555 15 -505 -770 0
18 332 79 155 368 105 -415 254 370 0
-16 -416 0
444 -16 0
-44 416 0
633 -16 0
416 -233 0
776 -16 0
-376 416 0
732 -16 0
-332 416 0
746 -16 0
-346 416 0
-732 16 -633 -776 -444 -746 0
346 44 -416 376 233 332 0
-17 -417 0
-17 761 0
-361 417 0
408 -17 0
-8 417 0
-17 602 0
-202 417 0
451 -17 0
-51 417 0
581 -17 0
-181 417 0
-17 738 0
-338 417 0
-17 508 0
417 -108 0
512 -17 0
-112 417 0
-17 616 0
-216 417 0
613 -17 0
-213 417 0
578 -17 0
417 -178 0
-616 -613 -451 17 -738 -508 -512 -408 -761 -602 -578 -581 0
216 108 -417 51 213 338 181 112 178 202 8 361 0
-18 -418 0
-18 417 0
418 -17 0
671 -18 0
418 -271 0
483 -18 0
418 -83 0
-18 687 0
418 -287 0
-18 754 0
418 -354 0
-671 -754 -687 -483 -417 18 -745 0
-418 83 17 271 287 354 345 0
-19 -419 0
758 -19 0
419 -358 0
426 -19 0
-26 419 0
486 -19 0
-86 419 0
675 -19 0
-275 419 0
700 -19 0
419 -300 0
596 -19 0
419 -196 0
-19 563 0
419 -163 0
609 -19 0
-209 419 0
-609 -700 19 -426 -486 -563 -596 -758 -675 0
300 -419 163 275 26 209 196 358 86 0
-20 -420 0
-20 403 0
420 -3 0
-20 591 0
-191 420 0
-20 575 0
420 -175 0
-20 709 0
420 -309 0
-20 725 0
420 -325 0
-709 -403 -725 20 -575 -591 0
309 191 3 325 175 -420 0
-21 -421 0
-21 672 0
421 -272 0
-21 748 0
423 -21 0
-23 421 0
-21 412 0
-21 478 0
421 -78 0
-21 656 0
421 -256 0
-21 658 0
-258 421 0
-21 677 0
421 -277 0
-21 727 0
421 -327 0
-727 -677 -672 -656 -478 -412 -658 -423 -748 21 0
327 256 272 258 348 277 23 -421 78 12 0
-22 -422 0
486 -22 0
-86 422 0
420 -22 0
-20 422 0
-22 797 0
-397 422 0
510 -22 0
-110 422 0
-22 535 0
422 -135 0
-22 453 0
-53 422 0
-22 752 0
422 -352 0
742 -22 0
-342 422 0
-22 608 0
422 -208 0
-535 -752 22 -453 -608 -797 -420 -742 -510 -486 0
342 -422 352 53 135 110 397 20 208 86 0
-23 -423 0
-23 694 0
423 -294 0
-23 419 0
423 -19 0
-23 588 0
423 -188 0
-23 554 0
423 -154 0
-23 687 0
423 -287 0
741 -23 0
423 -341 0
619 -23 0
423 -219 0
-23 612 0
423 -212 0
-741 -612 -687 -588 -619 -694 23 -554 -419 0
341 -423 188 294 212 219 154 287 19 0
-24 -424 0
-24 725 0
424 -325 0
760 -24 0
424 -360 0
402 -24 0
-2 424 0
-24 594 0
424 -194 0
-24 687 0
424 -287 0
653 -24 0
-253 424 0
-653 -760 -725 24 -687 -402 -594 0
253 360 325 2 -424 194 287 0
-25 -425 0
-25 486 0
425 -86 0
-25 478 0
425 -78 0
-25 517 0
-117 425 0
-25 416 0
425 -16 0
-25 516 0
425 -116 0
700 -25 0
425 -300 0
-25 774 0
425 -374 0
-700 -517 -774 -516 -486 -478 -416 25 -468 0
16 78 -425 86 116 117 300 374 68 0
-26 -426 0
423 -26 0
-23 426 0
-26 584 0
426 -184 0
587 -26 0
-187 426 0
-26 497 0
426 -97 0
669 -26 0
-269 426 0
592 -26 0
-192 426 0
-669 -584 -497 26 -587 -592 -423 0
-426 184 97 269 23 187 192 0
-27 -427 0
407 -27 0
-7 427 0
-27 422 0
-22 427 0
630 -27 0
-230 427 0
578 -27 0
427 -178 0
-27 713 0
-313 427 0
763 -27 0
427 -363 0
-713 -422 27 -578 -763 -407 -630 0
313 -427 22 178 363 7 230 0
-28 -428 0
735 -28 0
428 -335 0
421 -28 0
-21 428 0
-28 427 0
428 -27 0
-28 469 0
428 -69 0
-28 465 0
428 -65 0
-28 700 0
428 -300 0
512 -28 0
428 -112 0
-28 644 0
-244 428 0
-28 586 0
428 -186 0
-28 778 0
428 -378 0
-512 -469 -735 -586 -427 -465 -644 28 -778 -700 -421 0
21 27 69 -428 65 335 378 244 300 112 186 0
-29 -429 0
-29 422 0
429 -22 0
-29 728 0
429 -328 0
689 -29 0
429 -289 0
-29 770 0
429 -370 0
-770 -689 -728 -422 29 -543 -521 0
-429 289 22 328 370 143 121 0
-30 -430 0
421 -30 0
-21 430 0
428 -30 0
-28 430 0
562 -30 0
-162 430 0
-30 508 0
430 -108 0
524 -30 0
-124 430 0
494 -30 0
-94 430 0
-30 564 0
-164 430 0
649 -30 0
-249 430 0
651 -30 0
-251 430 0
-494 -421 -651 30 -564 -524 -562 -649 -428 -508 0
-430 21 108 124 249 94 164 28 251 162 0
-31 -431 0
-31 702 0
431 -302 0
-31 751 0
431 -351 0
426 -31 0
-26 431 0
436 -31 0
431 -36 0
-31 440 0
-40 431 0
-31 627 0
431 -227 0
686 -31 0
-286 431 0
-31 717 0
431 -317 0
663 -31 0
-263 431 0
31 -751 -702 -627 -440 -436 -717 -426 -686 -663 0
-431 302 36 351 227 286 317 263 26 40 0
-32 -432 0
-32 467 0
432 -67 0
-32 697 0
432 -297 0
-32 572 0
432 -172 0
-32 644 0
-244 432 0
-32 647 0
432 -247 0
-32 749 0
432 -349 0
32 -749 -697 -647 -572 -644 -467 0
-432 349 67 172 297 244 247 0
-33 -433 0
-33 713 0
433 -313 0
790 -33 0
433 -390 0
-33 416 0
433 -16 0
-33 469 0
433 -69 0
-33 475 0
433 -75 0
504 -33 0
447 -33 0
568 -33 0
-33 555 0
433 -155 0
708 -33 0
433 -308 0
-555 -708 -416 -713 33 -504 -447 -469 -475 -568 -790 0
313 168 155 308 47 -433 104 69 75 390 16 0
-34 -434 0
-34 713 0
434 -313 0
-34 754 0
434 -354 0
-34 781 0
434 -381 0
-34 408 0
434 -8 0
-34 430 0
434 -30 0
-34 437 0
434 -37 0
-34 624 0
434 -224 0
-34 601 0
434 -201 0
-34 546 0
434 -146 0
-34 674 0
434 -274 0
-34 583 0
434 -183 0
-34 749 0
434 -349 0
-34 716 0
434 -316 0
-34 648 0
434 -248 0
-583 -546 34 -713 -749 -648 -601 -754 -624 -781 -430 -716 -437 -424 -408 -674 0
183 274 146 201 37 -434 224 381 8 316 24 313 248 349 354 30 0
-35 -435 0
428 -35 0
-28 435 0
-35 507 0
435 -107 0
-35 459 0
435 -59 0
587 -35 0
435 -187 0
-35 728 0
435 -328 0
-35 503 0
435 -103 0
-35 654 0
435 -254 0
-507 -654 -503 -459 -428 -587 35 -728 0
254 103 -435 187 59 328 107 28 0
-36 -436 0
724 -36 0
-324 436 0
780 -36 0
-380 436 0
402 -36 0
-2 436 0
426 -36 0
-26 436 0
439 -36 0
-39 436 0
-36 452 0
-52 436 0
451 -36 0
-51 436 0
682 -36 0
-282 436 0
-36 479 0
436 -79 0
581 -36 0
-181 436 0
-36 539 0
-139 436 0
776 -36 0
-376 436 0
-426 -439 36 -402 -780 -724 -581 -479 -539 -776 -452 -451 -682 0
-436 52 324 282 79 376 181 39 139 51 380 26 2 0
-37 -437 0
-37 724 0
437 -324 0
-37 751 0
437 -351 0
-37 403 0
437 -3 0
-37 549 0
-149 437 0
-37 656 0
437 -256 0
527 -37 0
437 -127 0
-37 749 0
437 -349 0
-37 571 0
437 -171 0
-403 37 -656 -527 -571 -549 -724 -751 -749 0
256 3 127 324 171 -437 351 349 149 0
-38 -438 0
-38 672 0
438 -272 0
-38 724 0
438 -324 0
-38 739 0
438 -339 0
-38 419 0
438 -19 0
-38 483 0
438 -83 0
-38 540 0
438 -140 0
-38 656 0
438 -256 0
-38 717 0
438 -317 0
-38 595 0
438 -195 0
-595 -656 -724 -672 38 -419 -483 -695 -717 -739 -540 0
256 272 195 295 -438 324 339 140 83 19 317 0
-39 -439 0
-39 748 0
-348 439 0
-39 404 0
-4 439 0
-39 570 0
-170 439 0
504 -39 0
-104 439 0
-39 450 0
-50 439 0
500 -39 0
-100 439 0
-39 730 0
-330 439 0
-39 664 0
-264 439 0
-730 -404 -450 -748 -664 -504 39 -500 -570 0
4 -439 50 100 264 348 104 330 170 0
-40 -440 0
765 -40 0
440 -365 0
-40 408 0
-8 440 0
-40 473 0
440 -73 0
-40 650 0
440 -250 0
-40 655 0
440 -255 0
-655 -473 -408 -765 40 -650 0
73 255 -440 250 8 365 0
55 29 88 116 163 201 225 236 246 251 276 334 355 -441 0
-42 -442 0
-42 476 0
442 -76 0
-42 667 0
442 -267 0
457 -42 0
-57 442 0
-42 463 0
-63 442 0
615 -42 0
442 -215 0
-42 598 0
442 -198 0
570 -42 0
442 -170 0
501 -42 0
696 -42 0
442 -296 0
-42 537 0
442 -137 0
-42 613 0
442 -213 0
-42 724 0
442 -324 0
57 63 -442 76 101 137 170 198 213 215 267 296 324 315 0
-43 -443 0
758 -43 0
443 -358 0
-43 446 0
-46 443 0
-43 508 0
-108 443 0
-43 638 0
-238 443 0
-446 -638 43 -508 -758 0
358 108 -443 238 46 0
-44 -444 0
-44 424 0
-24 444 0
-44 800 0
444 -400 0
-44 697 0
444 -297 0
-44 489 0
444 -89 0
734 -44 0
444 -334 0
712 -44 0
-312 444 0
-44 759 0
-359 444 0
-800 -734 -759 -712 -697 -489 -424 44 -534 0
89 -444 24 297 312 334 359 400 134 0
-45 -445 0
408 -45 0
-8 445 0
455 -45 0
-55 445 0
459 -45 0
-59 445 0
515 -45 0
-115 445 0
-45 542 0
-142 445 0
-408 45 -542 -455 -515 -459 0
59 -445 115 8 55 142 0
-46 -446 0
791 -46 0
-391 446 0
-46 530 0
-130 446 0
519 -46 0
446 -119 0
577 -46 0
-177 446 0
-46 623 0
446 -223 0
741 -46 0
446 -341 0
-577 -791 46 -530 -623 -519 -741 0
177 119 130 341 -446 391 223 0
-47 -447 0
-47 461 0
447 -61 0
-47 617 0
447 -217 0
-47 689 0
447 -289 0
-47 778 0
447 -378 0
-47 608 0
447 -208 0
47 -689 -617 -778 -608 -461 0
-447 289 217 378 61 208 0
-48 -448 0
-48 795 0
448 -395 0
-48 627 0
448 -227 0
-48 717 0
-317 448 0
-795 -717 -627 48 0
-448 317 227 395 0
-49 -449 0
-49 664 0
449 -264 0
-49 711 0
449 -311 0
-49 790 0
449 -390 0
-49 667 0
449 -267 0
-49 445 0
449 -45 0
-49 548 0
449 -148 0
661 -49 0
-261 449 0
-49 567 0
449 -167 0
-790 -445 -548 -567 -661 -667 -711 49 -664 0
390 45 148 267 264 -449 261 167 311 0
-50 -450 0
-50 476 0
450 -76 0
-50 496 0
-96 450 0
-50 570 0
-50 446 0
450 -46 0
-50 728 0
450 -328 0
537 -50 0
450 -137 0
-50 691 0
-50 736 0
450 -336 0
-50 714 0
450 -314 0
-570 -496 50 -537 -714 -736 -691 -728 -446 -476 0
-450 314 96 46 137 170 76 336 291 328 0
-51 -451 0
471 -51 0
-71 451 0
-51 445 0
451 -45 0
-51 509 0
451 -109 0
734 -51 0
451 -334 0
-51 740 0
-340 451 0
710 -51 0
-310 451 0
639 -51 0
451 -239 0
676 -51 0
-276 451 0
-509 -445 51 -740 -734 -676 -471 -639 -710 0
71 45 -451 340 276 334 310 239 109 0
-52 -452 0
-52 786 0
-386 452 0
474 -52 0
-74 452 0
649 -52 0
-249 452 0
716 -52 0
-316 452 0
-786 -649 -716 -474 52 -796 0
-452 74 249 316 386 396 0
-53 -453 0
-53 409 0
453 -9 0
438 -53 0
-38 453 0
-53 454 0
453 -54 0
-53 628 0
453 -228 0
-53 477 0
453 -77 0
-53 529 0
453 -129 0
465 -53 0
453 -65 0
699 -53 0
-299 453 0
-529 -628 -699 -477 -465 -454 -438 -409 53 -468 0
-453 9 38 54 65 77 129 228 299 68 0
-54 -454 0
-54 417 0
454 -17 0
499 -54 0
454 -99 0
-54 693 0
454 -293 0
-54 460 0
454 -60 0
-54 593 0
454 -193 0
601 -54 0
-201 454 0
-54 539 0
-139 454 0
669 -54 0
-269 454 0
-54 655 0
454 -255 0
-54 777 0
454 -377 0
-601 54 -417 -777 -693 -460 -539 -655 -669 -593 -499 0
139 293 17 377 60 201 -454 255 269 99 193 0
-55 -455 0
720 -55 0
455 -320 0
-55 768 0
455 -368 0
764 -55 0
-364 455 0
-55 409 0
455 -9 0
438 -55 0
-38 455 0
505 -55 0
-105 455 0
499 -55 0
455 -99 0
-55 688 0
455 -288 0
-55 675 0
-275 455 0
700 -55 0
455 -300 0
-55 518 0
-118 455 0
-55 656 0
455 -256 0
708 -55 0
455 -308 0
-455 256 9 308 320 118 275 368 288 105 300 364 38 99 0
-56 -456 0
-56 797 0
456 -397 0
-56 460 0
456 -60 0
-56 479 0
456 -79 0
-56 498 0
456 -98 0
-56 549 0
456 -149 0
-56 459 0
-59 456 0
-56 462 0
456 -62 0
-56 731 0
456 -331 0
-56 582 0
456 -182 0
-498 -479 56 -797 -549 -460 -731 -462 -582 -459 0
-456 98 59 331 60 397 149 79 62 182 0
-57 -457 0
-57 431 0
457 -31 0
-57 684 0
457 -284 0
-57 469 0
457 -69 0
624 -57 0
457 -224 0
-57 553 0
457 -153 0
-57 560 0
457 -160 0
-684 57 -469 -431 -553 -624 -560 0
-457 31 69 160 224 284 153 0
-58 -458 0
-58 698 0
458 -298 0
764 -58 0
-364 458 0
-58 514 0
458 -114 0
673 -58 0
-273 458 0
-58 563 0
458 -163 0
-764 -698 -673 -563 -514 58 -521 0
-458 273 163 114 298 364 121 0
-59 -459 0
437 -59 0
-37 459 0
517 -59 0
-117 459 0
615 -59 0
-215 459 0
-59 498 0
-98 459 0
-59 626 0
459 -226 0
-59 730 0
459 -330 0
680 -59 0
-280 459 0
787 -59 0
-387 459 0
783 -59 0
-383 459 0
-498 -730 -615 -517 -437 -783 -787 -680 59 -626 0
98 -459 330 226 280 37 383 215 117 387 0
-60 -460 0
-60 786 0
-386 460 0
-60 430 0
460 -30 0
-60 473 0
460 -73 0
-60 795 0
460 -395 0
457 -60 0
-57 460 0
556 -60 0
-156 460 0
771 -60 0
-371 460 0
-60 756 0
-356 460 0
-430 -756 60 -473 -457 -771 -795 -786 -556 0
30 73 57 -460 356 386 395 371 156 0
-61 -461 0
-61 757 0
461 -357 0
-61 433 0
461 -33 0
-61 452 0
461 -52 0
-61 467 0
461 -67 0
-61 466 0
461 -66 0
-61 602 0
461 -202 0
-61 477 0
461 -77 0
-61 647 0
461 -247 0
-61 629 0
461 -229 0
-629 -602 -757 -647 -477 -467 -466 -452 -433 61 -521 0
-461 33 52 66 67 77 202 229 247 357 121 0
-62 -462 0
581 -62 0
462 -181 0
-62 477 0
462 -77 0
-62 592 0
-62 706 0
-62 625 0
462 -225 0
-62 702 0
462 -302 0
-62 760 0
462 -360 0
-62 782 0
462 -382 0
-706 -782 -760 -702 -625 -592 -581 -477 62 -533 0
181 225 77 192 -462 302 306 360 382 133 0
-63 -463 0
408 -63 0
463 -8 0
-63 461 0
463 -61 0
502 -63 0
463 -102 0
-63 472 0
463 -72 0
-63 704 0
463 -304 0
-63 553 0
463 -153 0
-63 607 0
463 -207 0
-461 -704 -472 -607 -553 -408 -502 63 0
72 153 304 207 61 -463 8 102 0
-464 -64 0
757 -64 0
464 -357 0
443 -64 0
464 -43 0
-64 455 0
464 -55 0
467 -64 0
464 -67 0
-64 478 0
464 -78 0
547 -64 0
-147 464 0
-64 536 0
-136 464 0
415 -64 0
464 -15 0
-64 475 0
464 -75 0
-64 564 0
-164 464 0
64 -475 -467 -443 -564 -757 -415 -536 -455 -478 -547 0
75 43 357 15 -464 147 164 78 136 67 55 0
-65 -465 0
443 -65 0
-43 465 0
422 -65 0
-22 465 0
477 -65 0
-77 465 0
483 -65 0
465 -83 0
580 -65 0
-180 465 0
527 -65 0
-127 465 0
-65 576 0
-176 465 0
-422 -477 65 -443 -576 -580 -483 -527 0
-465 176 43 77 83 22 127 180 0
-66 -466 0
-66 427 0
466 -27 0
678 -66 0
466 -278 0
-66 677 0
466 -277 0
-66 555 0
466 -155 0
680 -66 0
466 -280 0
-66 676 0
466 -276 0
-66 765 0
466 -365 0
-678 66 -677 -676 -427 -680 -765 -555 0
-466 277 276 27 280 155 365 278 0
-467 -67 0
675 -67 0
467 -275 0
454 -67 0
467 -54 0
602 -67 0
467 -202 0
487 -67 0
467 -87 0
447 -67 0
467 -47 0
509 -67 0
467 -109 0
634 -67 0
467 -234 0
-509 -454 67 -634 -447 -487 -675 -602 0
109 47 54 202 87 275 234 -467 0
5 314 1 103 296 390 345 -468 0
-69 -469 0
454 -69 0
469 -54 0
-69 602 0
469 -202 0
-69 481 0
469 -81 0
-69 576 0
469 -176 0
-602 -576 -454 69 -481 0
202 54 81 -469 176 0
-70 -470 0
-70 713 0
470 -313 0
464 -70 0
-64 470 0
-70 526 0
-126 470 0
-70 798 0
-398 470 0
-70 532 0
470 -132 0
-798 -713 -532 -526 -464 70 -794 0
64 -470 126 132 313 398 394 0
-71 -471 0
-71 694 0
471 -294 0
-71 739 0
471 -339 0
-71 781 0
471 -381 0
-71 620 0
471 -220 0
-71 512 0
471 -112 0
-71 744 0
-344 471 0
-620 -744 -781 71 -512 -739 -694 0
-471 381 294 344 220 112 339 0
-72 -472 0
-72 490 0
-90 472 0
-72 481 0
472 -81 0
-72 516 0
472 -116 0
-72 728 0
-328 472 0
-72 708 0
472 -308 0
-72 725 0
-325 472 0
-516 -708 -481 -490 -725 -728 72 0
308 116 81 90 -472 325 328 0
-73 -473 0
-73 722 0
-322 473 0
-73 492 0
-92 473 0
-73 638 0
473 -238 0
610 -73 0
-210 473 0
-722 -638 -610 -492 73 -534 0
-473 92 210 238 322 134 0
-74 -474 0
464 -74 0
-64 474 0
449 -74 0
-49 474 0
491 -74 0
-91 474 0
541 -74 0
474 -141 0
700 -74 0
474 -300 0
-74 557 0
474 -157 0
-74 774 0
474 -374 0
746 -74 0
-346 474 0
-541 -746 -700 -774 -449 74 -557 -491 -464 0
346 141 -474 300 64 49 374 157 91 0
-75 -475 0
-75 471 0
-71 475 0
-75 566 0
475 -166 0
513 -75 0
-113 475 0
-75 734 0
475 -334 0
686 -75 0
-286 475 0
-75 630 0
475 -230 0
-75 657 0
475 -257 0
768 -75 0
475 -368 0
75 -657 -768 -471 -566 -513 -686 -734 -630 0
-475 286 334 166 368 257 230 71 113 0
-76 -476 0
471 -76 0
-71 476 0
544 -76 0
476 -144 0
-76 792 0
-392 476 0
615 -76 0
-215 476 0
-76 546 0
476 -146 0
-76 518 0
476 -118 0
641 -76 0
-241 476 0
-546 76 -471 -518 -641 -615 -544 -792 0
-476 118 241 146 215 144 392 71 0
-77 -477 0
-77 798 0
-398 477 0
-77 675 0
-275 477 0
-77 577 0
477 -177 0
-77 647 0
477 -247 0
-77 635 0
-235 477 0
-77 698 0
477 -298 0
-577 -647 -635 77 -675 -798 -698 0
177 -477 235 298 247 275 398 0
-78 -478 0
-78 458 0
478 -58 0
-78 476 0
478 -76 0
-78 679 0
478 -279 0
-78 472 0
-72 478 0
601 -78 0
-201 478 0
-78 515 0
478 -115 0
-78 730 0
478 -330 0
-78 575 0
478 -175 0
-730 -601 -679 -575 -515 -476 -472 -458 78 -441 0
72 58 -478 76 115 175 201 279 330 41 0
-79 -479 0
541 -79 0
-141 479 0
-79 799 0
-399 479 0
489 -79 0
-89 479 0
580 -79 0
479 -180 0
619 -79 0
-219 479 0
-79 567 0
-167 479 0
770 -79 0
479 -370 0
767 -79 0
-367 479 0
-799 -770 -767 -619 -580 -567 -541 -489 79 -441 0
-479 141 89 167 180 219 367 370 399 41 0
-80 -480 0
-80 786 0
-386 480 0
-80 530 0
480 -130 0
-80 791 0
-391 480 0
-80 445 0
480 -45 0
-80 481 0
480 -81 0
512 -80 0
480 -112 0
600 -80 0
480 -200 0
-80 778 0
-378 480 0
-80 648 0
480 -248 0
-791 -786 -778 -648 -600 -530 -512 -481 -445 80 -441 0
45 -480 81 112 130 200 248 378 386 391 41 0
-81 -481 0
-81 606 0
481 -206 0
696 -81 0
481 -296 0
723 -81 0
-323 481 0
642 -81 0
481 -242 0
-81 719 0
481 -319 0
767 -81 0
-367 481 0
-719 -606 -696 81 -642 -723 -767 0
319 -481 323 206 367 242 296 0
-82 -482 0
690 -82 0
-290 482 0
410 -82 0
-10 482 0
-82 452 0
482 -52 0
455 -82 0
-55 482 0
-82 526 0
-126 482 0
547 -82 0
-147 482 0
-82 693 0
482 -293 0
-82 679 0
-279 482 0
675 -82 0
-275 482 0
-82 656 0
482 -256 0
551 -82 0
-151 482 0
-82 610 0
-210 482 0
-452 -656 82 -455 -693 -526 -410 -547 -690 -610 -551 -675 -679 0
256 -482 290 52 293 126 279 210 151 147 55 10 275 0
-83 -483 0
-83 800 0
483 -400 0
671 -83 0
483 -271 0
-83 558 0
483 -158 0
573 -83 0
-173 483 0
-83 532 0
483 -132 0
-83 522 0
-122 483 0
-83 727 0
483 -327 0
-83 612 0
483 -212 0
-727 -800 -671 -573 83 -558 -532 -612 -522 0
327 -483 132 271 158 122 400 212 173 0
-84 -484 0
-84 711 0
484 -311 0
-84 773 0
484 -373 0
-84 693 0
484 -293 0
-84 474 0
484 -74 0
-84 507 0
484 -107 0
710 -84 0
-310 484 0
-84 714 0
484 -314 0
-773 -711 -714 -710 -693 -507 -474 84 -534 0
107 74 -484 293 310 311 314 373 134 0
-85 -485 0
436 -85 0
-36 485 0
-85 418 0
-18 485 0
510 -85 0
-110 485 0
587 -85 0
-187 485 0
583 -85 0
-183 485 0
750 -85 0
485 -350 0
669 -85 0
-269 485 0
673 -85 0
-273 485 0
579 -85 0
-179 485 0
-85 711 0
-311 485 0
-583 -579 85 -510 -673 -436 -587 -750 -418 -669 -711 0
183 -485 187 350 273 18 36 179 110 269 311 0
-86 -486 0
-86 668 0
486 -268 0
726 -86 0
-326 486 0
432 -86 0
-32 486 0
421 -86 0
-21 486 0
-86 611 0
486 -211 0
-86 693 0
486 -293 0
-86 453 0
-53 486 0
658 -86 0
-258 486 0
-86 613 0
486 -213 0
-86 552 0
486 -152 0
721 -86 0
-321 486 0
-86 706 0
-306 486 0
-453 -552 -613 -658 86 -611 -706 -721 -421 -726 -693 -432 -668 0
32 321 152 21 53 211 213 -486 326 293 268 258 306 0
-87 -487 0
-87 482 0
487 -82 0
474 -87 0
-74 487 0
-87 479 0
487 -79 0
-87 481 0
487 -81 0
495 -87 0
-95 487 0
-87 446 0
487 -46 0
-87 734 0
-334 487 0
-734 -482 -495 -481 -479 -474 -446 87 -533 -468 0
-487 74 46 79 81 82 95 334 133 68 0
-88 -488 0
694 -88 0
-294 488 0
-88 725 0
488 -325 0
765 -88 0
488 -365 0
-88 419 0
488 -19 0
-88 594 0
488 -194 0
-88 565 0
-165 488 0
-88 749 0
-349 488 0
-749 -765 -725 -694 -594 -565 -419 88 -745 0
-488 165 294 194 19 325 349 365 345 0
-89 -489 0
-89 516 0
489 -116 0
-89 655 0
489 -255 0
-655 89 -516 0
-489 116 255 0
-90 -490 0
783 -90 0
490 -383 0
-90 404 0
490 -4 0
-90 439 0
-39 490 0
-90 473 0
490 -73 0
-90 479 0
490 -79 0
-90 666 0
490 -266 0
-90 596 0
490 -196 0
-90 769 0
490 -369 0
779 -90 0
-379 490 0
-90 777 0
490 -377 0
-777 -783 -779 -769 -666 -596 -479 -473 -439 -404 90 -715 0
39 73 -490 4 79 196 266 369 377 379 383 315 0
-91 -491 0
-91 722 0
491 -322 0
-91 798 0
491 -398 0
-91 541 0
491 -141 0
-91 469 0
491 -69 0
-91 546 0
491 -146 0
617 -91 0
491 -217 0
743 -91 0
491 -343 0
-91 582 0
491 -182 0
645 -91 0
491 -245 0
-546 -617 91 -582 -722 -798 -541 -469 -743 -645 0
182 141 146 343 245 -491 217 322 69 398 0
-92 -492 0
449 -92 0
-49 492 0
486 -92 0
-86 492 0
495 -92 0
-95 492 0
516 -92 0
-116 492 0
561 -92 0
-161 492 0
-92 607 0
-207 492 0
772 -92 0
-372 492 0
708 -92 0
492 -308 0
-708 92 -516 -561 -495 -607 -449 -772 -486 0
-492 308 116 207 86 372 161 95 49 0
-93 -493 0
-93 405 0
493 -5 0
-93 505 0
493 -105 0
-93 628 0
493 -228 0
-93 641 0
-241 493 0
-641 -405 -505 -628 93 -715 0
5 -493 105 228 241 315 0
-94 -494 0
-94 795 0
494 -395 0
-94 537 0
494 -137 0
-94 527 0
494 -127 0
-94 545 0
494 -145 0
-94 552 0
494 -152 0
94 -795 -552 -537 -545 -527 0
145 137 127 152 395 -494 0
-95 -495 0
-95 404 0
495 -4 0
-95 460 0
495 -60 0
-95 516 0
495 -116 0
-95 700 0
495 -300 0
-95 776 0
495 -376 0
-95 607 0
495 -207 0
-95 633 0
495 -233 0
-95 757 0
495 -357 0
-607 -460 -404 -633 -776 95 -700 -516 -757 0
207 -495 4 357 60 116 300 233 376 0
-96 -496 0
-96 759 0
496 -359 0
407 -96 0
496 -7 0
-96 471 0
496 -71 0
-96 682 0
496 -282 0
561 -96 0
496 -161 0
-96 692 0
496 -292 0
695 -96 0
496 -295 0
-561 -407 -682 96 -471 -692 -695 -759 0
71 295 282 7 -496 161 359 292 0
-97 -497 0
-97 798 0
-398 497 0
-97 564 0
-164 497 0
-97 752 0
-352 497 0
726 -97 0
-326 497 0
-798 -726 -752 -564 97 -745 0
-497 326 352 164 398 345 0
-98 -498 0
558 -98 0
-158 498 0
-98 460 0
498 -60 0
-98 542 0
-142 498 0
642 -98 0
498 -242 0
-98 756 0
-356 498 0
98 -756 -642 -542 -558 -460 0
242 -498 356 158 142 60 0
-99 -499 0
-99 664 0
499 -264 0
-99 788 0
499 -388 0
505 -99 0
-105 499 0
517 -99 0
-117 499 0
550 -99 0
-150 499 0
-99 546 0
499 -146 0
500 -99 0
-100 499 0
669 -99 0
-269 499 0
646 -99 0
-246 499 0
-669 -546 -646 -500 -517 -664 -788 99 -550 -505 0
269 146 100 -499 117 388 246 264 105 150 0
-100 -500 0
-100 426 0
500 -26 0
-100 488 0
500 -88 0
-100 520 0
500 -120 0
-100 503 0
500 -103 0
-100 506 0
500 -106 0
-100 703 0
500 -303 0
-100 664 0
500 -264 0
726 -100 0
500 -326 0
-100 765 0
500 -365 0
-703 -664 -765 100 -488 -426 -726 -506 -520 -503 0
120 303 -500 88 106 365 26 326 103 264 0
-101 -501 0
432 -101 0
501 -32 0
-101 544 0
501 -144 0
-101 566 0
501 -166 0
-101 425 0
501 -25 0
-101 498 0
501 -98 0
-101 507 0
501 -107 0
-101 453 0
501 -53 0
-101 623 0
501 -223 0
597 -101 0
501 -197 0
-101 497 0
501 -97 0
-501 98 223 197 32 97 25 107 53 144 166 0
-102 -502 0
-102 746 0
502 -346 0
-102 452 0
502 -52 0
-102 451 0
502 -51 0
-102 602 0
502 -202 0
-102 606 0
502 -206 0
-102 447 0
-47 502 0
-102 542 0
502 -142 0
-102 775 0
502 -375 0
-102 772 0
502 -372 0
710 -102 0
-310 502 0
-775 -452 -606 -772 -451 102 -746 -710 -542 -447 -602 0
375 52 372 47 206 -502 202 346 310 51 142 0
-503 -103 0
581 -103 0
-181 503 0
472 -103 0
503 -72 0
416 -103 0
-16 503 0
560 -103 0
-160 503 0
619 -103 0
-219 503 0
604 -103 0
-204 503 0
657 -103 0
-257 503 0
648 -103 0
-248 503 0
639 -103 0
-239 503 0
690 -103 0
-290 503 0
-619 103 -581 -416 -472 -560 -639 -604 -648 -657 -690 0
257 16 -503 204 72 248 290 181 219 160 239 0
-104 -504 0
-104 477 0
504 -77 0
-104 498 0
504 -98 0
597 -104 0
504 -197 0
614 -104 0
661 -104 0
-261 504 0
-104 635 0
-235 504 0
-104 638 0
504 -238 0
-104 642 0
504 -242 0
-104 654 0
504 -254 0
-498 -477 104 -597 -635 -654 -642 -638 -661 -614 0
98 77 235 261 -504 254 242 197 214 238 0
-105 -505 0
-105 719 0
505 -319 0
-105 480 0
505 -80 0
-105 417 0
505 -17 0
-105 791 0
505 -391 0
-105 474 0
505 -74 0
-105 602 0
505 -202 0
-105 635 0
505 -235 0
-474 105 -635 -719 -417 -480 -791 -602 0
74 319 -505 391 235 17 202 80 0
-106 -506 0
-106 480 0
506 -80 0
443 -106 0
-43 506 0
499 -106 0
-99 506 0
-106 687 0
506 -287 0
744 -106 0
-344 506 0
599 -106 0
-199 506 0
664 -106 0
-264 506 0
106 -744 -443 -664 -687 -599 -480 -499 0
-506 344 287 43 199 80 99 264 0
-107 -507 0
430 -107 0
507 -30 0
513 -107 0
-113 507 0
-107 656 0
507 -256 0
609 -107 0
-209 507 0
707 -107 0
-307 507 0
-707 -609 -656 -513 -430 107 -533 0
30 -507 113 209 256 307 133 0
-108 -508 0
-108 479 0
508 -79 0
696 -108 0
508 -296 0
-108 576 0
508 -176 0
600 -108 0
508 -200 0
744 -108 0
-344 508 0
-108 648 0
508 -248 0
694 -108 0
-294 508 0
-108 729 0
-329 508 0
-108 757 0
508 -357 0
-108 751 0
508 -351 0
768 -108 0
508 -368 0
-751 -768 -757 -744 -729 -696 -694 -648 -600 -576 -479 108 -533 0
176 -508 79 200 248 294 296 329 344 351 357 368 133 0
-109 -509 0
-109 628 0
509 -228 0
495 -109 0
-95 509 0
-109 580 0
509 -180 0
-109 553 0
-153 509 0
-109 557 0
-157 509 0
-109 561 0
-161 509 0
-109 738 0
-338 509 0
-109 508 0
509 -108 0
-109 528 0
-128 509 0
-109 559 0
-159 509 0
-561 109 -559 -580 -628 -528 -738 -508 -557 -553 -495 0
-509 161 159 338 108 153 228 95 128 157 180 0
-110 -510 0
-110 436 0
510 -36 0
-110 566 0
510 -166 0
621 -110 0
510 -221 0
-110 498 0
510 -98 0
-110 587 0
-187 510 0
678 -110 0
510 -278 0
-110 629 0
510 -229 0
-498 -678 110 -621 -566 -629 -587 -436 0
278 98 -510 187 221 166 229 36 0
-111 -511 0
-111 768 0
511 -368 0
783 -111 0
-383 511 0
-111 488 0
511 -88 0
-111 493 0
-93 511 0
-111 632 0
511 -232 0
-111 427 0
511 -27 0
-111 593 0
511 -193 0
578 -111 0
511 -178 0
551 -111 0
511 -151 0
-111 610 0
511 -210 0
-111 633 0
511 -233 0
-768 -488 -632 -493 -783 -593 -427 -610 -551 -633 111 -578 0
93 88 27 193 232 -511 151 233 368 178 383 210 0
-112 -512 0
407 -112 0
-7 512 0
414 -112 0
-14 512 0
-112 737 0
512 -337 0
-112 506 0
512 -106 0
-112 509 0
-109 512 0
527 -112 0
-127 512 0
-112 528 0
-128 512 0
-112 616 0
-216 512 0
568 -112 0
512 -168 0
746 -112 0
-346 512 0
-112 786 0
512 -386 0
-568 112 -528 -616 -527 -746 -786 -509 -414 -737 -506 -407 0
346 109 14 168 -512 127 106 128 337 386 7 216 0
-113 -513 0
412 -113 0
-12 513 0
-113 416 0
513 -16 0
-113 532 0
513 -132 0
-113 538 0
513 -138 0
-113 593 0
513 -193 0
743 -113 0
513 -343 0
-113 769 0
513 -369 0
-113 595 0
513 -195 0
-593 -595 -743 -769 -538 113 -532 -412 -416 0
343 193 132 369 -513 138 195 16 12 0
-114 -514 0
-114 751 0
514 -351 0
455 -114 0
-55 514 0
491 -114 0
-91 514 0
-114 792 0
-392 514 0
684 -114 0
-284 514 0
-792 -684 114 -455 -491 -751 0
55 392 -514 284 351 91 0
-115 -515 0
-115 473 0
-73 515 0
577 -115 0
-177 515 0
600 -115 0
515 -200 0
657 -115 0
515 -257 0
-115 756 0
-356 515 0
-657 -473 115 -756 -600 -577 0
177 -515 73 257 200 356 0
-116 -516 0
692 -116 0
-292 516 0
634 -116 0
516 -234 0
555 -116 0
-155 516 0
608 -116 0
516 -208 0
720 -116 0
-320 516 0
-608 -555 116 -634 -720 -692 0
-516 320 155 234 292 208 0
-117 -517 0
-117 662 0
517 -262 0
-117 461 0
-61 517 0
-117 598 0
517 -198 0
-117 422 0
517 -22 0
-117 516 0
517 -116 0
658 -117 0
-258 517 0
579 -117 0
-179 517 0
-117 630 0
-230 517 0
-117 703 0
517 -303 0
-662 -703 -598 -630 117 -422 -579 -461 -658 -516 0
116 -517 262 303 198 22 61 258 179 230 0
-118 -518 0
-118 526 0
-126 518 0
-118 492 0
518 -92 0
504 -118 0
518 -104 0
-118 507 0
-107 518 0
-118 497 0
518 -97 0
-118 552 0
518 -152 0
-118 607 0
518 -207 0
-607 -492 -504 -507 -526 118 -497 -552 0
107 207 152 92 126 -518 97 104 0
-119 -519 0
-119 541 0
-141 519 0
-119 422 0
519 -22 0
-119 507 0
519 -107 0
697 -119 0
-297 519 0
-507 -541 -697 -422 119 0
-519 107 141 297 22 0
-120 -520 0
-120 722 0
-322 520 0
-120 746 0
520 -346 0
434 -120 0
-34 520 0
-120 458 0
520 -58 0
-120 485 0
520 -85 0
-120 679 0
-279 520 0
-120 525 0
520 -125 0
-120 625 0
-225 520 0
-525 120 -679 -625 -458 -746 -485 -722 -434 0
58 225 85 279 125 322 34 -520 346 0
-121 -521 0
521 -393 0
-122 -522 0
-122 780 0
522 -380 0
-122 430 0
522 -30 0
-122 407 0
522 -7 0
-122 631 0
522 -231 0
-122 613 0
522 -213 0
-122 755 0
522 -355 0
-122 567 0
522 -167 0
-122 717 0
522 -317 0
-717 -631 -755 -780 -613 -567 -430 -407 122 -745 0
-522 30 7 167 213 231 317 355 380 345 0
-123 -523 0
694 -123 0
-294 523 0
-123 405 0
523 -5 0
566 -123 0
-166 523 0
485 -123 0
-85 523 0
-123 546 0
523 -146 0
658 -123 0
-258 523 0
-123 576 0
-176 523 0
-123 571 0
-171 523 0
-405 -546 123 -485 -576 -658 -694 -571 -566 0
-523 5 176 294 258 85 171 146 166 0
-124 -524 0
-124 480 0
524 -80 0
-124 522 0
-122 524 0
-124 525 0
524 -125 0
743 -124 0
524 -343 0
-124 545 0
524 -145 0
-124 706 0
-525 124 -545 -480 -706 -522 -743 0
-524 145 125 306 343 80 122 0
-125 -525 0
-125 792 0
-392 525 0
454 -125 0
-54 525 0
-125 549 0
-149 525 0
-125 529 0
-129 525 0
605 -125 0
-205 525 0
-125 539 0
-139 525 0
630 -125 0
-230 525 0
695 -125 0
-295 525 0
768 -125 0
525 -368 0
-792 125 -529 -695 -549 -768 -539 -454 -605 -630 0
-525 129 392 139 368 295 205 149 54 230 0
-126 -526 0
-126 461 0
-61 526 0
-126 594 0
526 -194 0
678 -126 0
526 -278 0
512 -126 0
-112 526 0
619 -126 0
-219 526 0
740 -126 0
-340 526 0
-126 612 0
-212 526 0
-740 126 -612 -619 -461 -512 -678 -594 0
112 -526 61 340 194 278 212 219 0
-127 -527 0
-127 427 0
527 -27 0
-127 526 0
527 -126 0
-127 799 0
-399 527 0
-127 451 0
527 -51 0
-127 670 0
-270 527 0
605 -127 0
700 -127 0
527 -300 0
-127 539 0
-139 527 0
-127 660 0
-260 527 0
-660 -700 -451 -427 -670 127 -539 -799 -526 -605 0
126 27 -527 139 260 270 205 51 300 399 0
-128 -528 0
-128 731 0
528 -331 0
596 -128 0
528 -196 0
-128 703 0
528 -303 0
-703 -731 -596 128 -534 0
196 303 -528 331 134 0
-129 -529 0
-129 487 0
-87 529 0
519 -129 0
-119 529 0
-129 506 0
529 -106 0
639 -129 0
529 -239 0
707 -129 0
-307 529 0
-129 761 0
-361 529 0
-707 -761 -639 -519 -506 -487 129 -796 -533 0
106 87 -529 119 239 307 361 133 396 0
-130 -530 0
-130 757 0
530 -357 0
435 -130 0
-35 530 0
-130 484 0
-84 530 0
-130 514 0
530 -114 0
-130 526 0
-126 530 0
550 -130 0
-150 530 0
688 -130 0
-288 530 0
671 -130 0
-271 530 0
420 -130 0
-20 530 0
-130 666 0
530 -266 0
-130 453 0
-53 530 0
-130 623 0
530 -223 0
578 -130 0
530 -178 0
586 -130 0
-186 530 0
-130 677 0
530 -277 0
53 -530 114 223 20 277 35 150 288 178 126 84 357 266 186 271 0
-131 -531 0
-131 406 0
531 -6 0
-131 792 0
-392 531 0
-131 562 0
531 -162 0
-131 539 0
531 -139 0
-131 595 0
531 -195 0
676 -131 0
531 -276 0
-131 726 0
-326 531 0
-792 -595 -676 -562 -726 131 -406 -539 0
392 276 195 162 326 6 -531 139 0
-132 -532 0
471 -132 0
-71 532 0
-132 427 0
532 -27 0
688 -132 0
-288 532 0
570 -132 0
-170 532 0
495 -132 0
-95 532 0
-132 549 0
-149 532 0
446 -132 0
-46 532 0
-132 462 0
-62 532 0
512 -132 0
-112 532 0
-132 648 0
532 -248 0
-648 -462 132 -471 -495 -570 -427 -512 -688 -446 -549 0
62 170 27 46 248 -532 95 288 112 149 71 0
-133 -533 0
533 -393 0
-134 -534 0
534 -393 0
-135 -535 0
511 -135 0
-111 535 0
-135 799 0
-399 535 0
558 -135 0
-158 535 0
510 -135 0
-110 535 0
-135 565 0
-165 535 0
-135 503 0
535 -103 0
650 -135 0
535 -250 0
-135 564 0
-164 535 0
694 -135 0
-294 535 0
707 -135 0
-307 535 0
763 -135 0
535 -363 0
135 -565 -510 -763 -799 -503 -650 -707 -511 -558 -694 -564 0
363 -535 165 110 103 294 164 111 158 307 250 399 0
-136 -536 0
-136 726 0
536 -326 0
-136 452 0
536 -52 0
-136 511 0
536 -111 0
-136 520 0
536 -120 0
-136 795 0
536 -395 0
-136 688 0
536 -288 0
-136 671 0
536 -271 0
-136 448 0
536 -48 0
-136 635 0
536 -235 0
-136 716 0
536 -316 0
-795 -726 -716 -688 -671 -635 -520 -511 -452 -448 136 -521 0
-536 52 48 111 120 235 271 288 316 326 395 121 0
-137 -537 0
-137 461 0
537 -61 0
-137 554 0
537 -154 0
-137 422 0
537 -22 0
-137 512 0
537 -112 0
-137 539 0
-139 537 0
-137 755 0
537 -355 0
662 -137 0
537 -262 0
-137 732 0
537 -332 0
-662 -539 -755 -732 -512 137 -422 -554 -461 0
139 332 262 355 61 112 154 -537 22 0
-538 -138 0
-138 786 0
-386 538 0
435 -138 0
-35 538 0
495 -138 0
-95 538 0
693 -138 0
-293 538 0
-138 679 0
-279 538 0
525 -138 0
-125 538 0
638 -138 0
538 -238 0
762 -138 0
-362 538 0
138 -638 -679 -786 -693 -435 -495 -525 -762 0
293 362 125 279 238 386 -538 95 35 0
-139 -539 0
-139 432 0
539 -32 0
-139 526 0
539 -126 0
-139 459 0
539 -59 0
605 -139 0
-205 539 0
-139 497 0
539 -97 0
-139 755 0
539 -355 0
-139 595 0
539 -195 0
646 -139 0
-246 539 0
-646 -605 -755 -595 -526 -497 -459 -432 139 -534 -794 0
-539 32 59 97 126 195 205 246 355 134 394 0
-140 -540 0
-140 781 0
540 -381 0
-140 414 0
540 -14 0
-140 554 0
540 -154 0
463 -140 0
-63 540 0
-140 631 0
540 -231 0
686 -140 0
-286 540 0
551 -140 0
540 -151 0
-140 563 0
540 -163 0
-140 698 0
540 -298 0
762 -140 0
540 -362 0
-631 -781 -414 -563 140 -698 -762 -686 -554 -463 -551 0
381 -540 14 298 362 231 286 63 151 163 154 0
-141 -541 0
-141 409 0
541 -9 0
-141 470 0
541 -70 0
511 -141 0
-111 541 0
502 -141 0
-102 541 0
-141 492 0
541 -92 0
574 -141 0
-174 541 0
141 -409 -470 -492 -574 -511 -502 0
-541 9 70 111 174 102 92 0
-142 -542 0
-142 403 0
542 -3 0
693 -142 0
542 -293 0
-142 610 0
542 -210 0
-142 694 0
-294 542 0
765 -142 0
542 -365 0
-142 781 0
542 -381 0
-693 -781 -694 -765 -610 -403 142 -683 0
293 3 -542 210 294 365 381 283 0
-143 -543 0
543 -393 0
-144 -544 0
-144 713 0
544 -313 0
758 -144 0
544 -358 0
787 -144 0
-387 544 0
505 -144 0
544 -105 0
-144 598 0
544 -198 0
-144 538 0
544 -138 0
524 -144 0
544 -124 0
586 -144 0
-186 544 0
-144 559 0
544 -159 0
-144 651 0
544 -251 0
-524 -787 -598 -713 144 -538 -758 -505 -586 -651 -559 0
-544 138 313 186 124 358 198 387 105 251 159 0
-145 -545 0
-145 417 0
545 -17 0
-145 470 0
545 -70 0
615 -145 0
-215 545 0
413 -145 0
-13 545 0
750 -145 0
545 -350 0
-145 542 0
-142 545 0
-145 599 0
545 -199 0
636 -145 0
545 -236 0
-145 698 0
545 -298 0
735 -145 0
545 -335 0
784 -145 0
-384 545 0
-145 788 0
545 -388 0
145 -735 -417 -636 -470 -698 -599 -788 -784 -615 -750 -542 -413 0
388 -545 236 335 215 298 142 384 13 70 199 350 17 0
-146 -546 0
-146 594 0
546 -194 0
-146 725 0
-325 546 0
146 -594 -725 0
-546 194 325 0
-147 -547 0
-147 452 0
547 -52 0
-147 419 0
547 -19 0
-147 679 0
547 -279 0
-147 489 0
547 -89 0
-147 513 0
547 -113 0
-147 586 0
-186 547 0
-147 655 0
547 -255 0
-147 595 0
547 -195 0
-595 -679 -419 -513 147 -655 -489 -452 -586 0
-547 186 195 19 52 279 89 113 255 0
-148 -548 0
-148 452 0
-52 548 0
-148 577 0
548 -177 0
741 -148 0
-341 548 0
704 -148 0
-304 548 0
-148 638 0
548 -238 0
-148 569 0
548 -169 0
-148 585 0
-185 548 0
610 -148 0
-210 548 0
758 -148 0
548 -358 0
-741 -758 -704 -638 -610 -585 -577 -569 -452 148 -715 0
52 -548 169 177 185 210 238 304 341 358 315 0
-149 -549 0
-149 438 0
549 -38 0
-149 448 0
549 -48 0
-149 624 0
549 -224 0
-149 492 0
549 -92 0
-149 495 0
549 -95 0
-149 546 0
549 -146 0
-149 635 0
549 -235 0
531 -149 0
549 -131 0
592 -149 0
-192 549 0
-149 748 0
549 -348 0
-748 -624 -635 -592 -546 -531 -495 -492 -448 -438 149 -794 0
92 -549 48 38 95 131 146 192 224 235 348 394 0
-150 -550 0
-150 760 0
550 -360 0
-150 439 0
-39 550 0
-150 440 0
-40 550 0
-150 419 0
550 -19 0
-150 493 0
-93 550 0
-150 792 0
-392 550 0
-150 541 0
550 -141 0
-150 697 0
550 -297 0
-150 730 0
550 -330 0
-150 639 0
550 -239 0
-541 -697 -419 -439 -639 -730 -792 -760 150 -440 -493 0
392 93 297 360 39 19 141 -550 330 239 40 0
-151 -551 0
-151 424 0
551 -24 0
-151 502 0
551 -102 0
501 -151 0
551 -101 0
-151 518 0
551 -118 0
-151 515 0
551 -115 0
-151 444 0
551 -44 0
-151 687 0
551 -287 0
-151 596 0
551 -196 0
-151 563 0
551 -163 0
-151 751 0
551 -351 0
-501 -515 151 -424 -563 -502 -444 -687 -596 -518 -751 0
44 102 -551 163 24 287 115 196 118 101 351 0
-152 -552 0
692 -152 0
-292 552 0
446 -152 0
-46 552 0
-152 576 0
-176 552 0
-152 737 0
552 -337 0
-737 -446 152 -576 -692 0
337 -552 46 176 292 0
-153 -553 0
-153 781 0
553 -381 0
790 -153 0
553 -390 0
-153 795 0
553 -395 0
495 -153 0
-95 553 0
597 -153 0
-197 553 0
456 -153 0
-56 553 0
-153 462 0
-62 553 0
-153 465 0
553 -65 0
524 -153 0
-124 553 0
-153 737 0
553 -337 0
-153 660 0
-260 553 0
689 -153 0
553 -289 0
726 -153 0
-326 553 0
289 395 -553 62 390 381 337 326 197 56 95 260 124 65 0
-154 -554 0
-154 747 0
554 -347 0
787 -154 0
-154 443 0
554 -43 0
-154 493 0
-93 554 0
615 -154 0
-215 554 0
621 -154 0
-221 554 0
-154 507 0
554 -107 0
597 -154 0
-197 554 0
663 -154 0
-263 554 0
-154 637 0
554 -237 0
-154 677 0
554 -277 0
-747 154 -677 -443 -493 -507 -621 -663 -637 -787 -597 -615 0
221 107 43 93 277 387 197 215 -554 347 237 263 0
-155 -555 0
426 -155 0
555 -26 0
-155 523 0
555 -123 0
-155 795 0
555 -395 0
-155 479 0
555 -79 0
420 -155 0
-20 555 0
413 -155 0
-13 555 0
-155 487 0
555 -87 0
580 -155 0
555 -180 0
-420 -487 155 -795 -426 -413 -479 -523 -580 0
20 87 395 -555 13 26 79 123 180 0
-156 -556 0
-156 514 0
556 -114 0
591 -156 0
556 -191 0
415 -156 0
-15 556 0
-156 606 0
556 -206 0
-156 537 0
-137 556 0
653 -156 0
-253 556 0
663 -156 0
-263 556 0
-156 778 0
556 -378 0
-156 733 0
556 -333 0
762 -156 0
556 -362 0
156 -514 -733 -663 -778 -415 -762 -653 -606 -537 -591 0
-556 137 206 333 191 253 378 362 263 15 114 0
-157 -557 0
770 -157 0
557 -370 0
-157 781 0
557 -381 0
437 -157 0
-37 557 0
-157 406 0
-6 557 0
-157 470 0
-70 557 0
-157 507 0
-107 557 0
-157 565 0
-165 557 0
531 -157 0
-131 557 0
446 -157 0
-46 557 0
-157 760 0
557 -360 0
-157 756 0
-356 557 0
157 -756 -470 -781 -446 -406 -437 -507 -531 -565 -760 -770 0
-557 381 356 37 46 6 70 131 107 360 370 165 0
-158 -558 0
-158 702 0
558 -302 0
407 -158 0
-7 558 0
-158 488 0
-88 558 0
-158 479 0
558 -79 0
615 -158 0
-215 558 0
-158 667 0
-267 558 0
682 -158 0
-282 558 0
700 -158 0
558 -300 0
-158 618 0
558 -218 0
689 -158 0
558 -289 0
769 -158 0
558 -369 0
-700 -407 -682 158 -689 -667 -488 -702 -618 -769 -479 -615 0
300 282 7 369 -558 215 302 289 79 218 88 267 0
-159 -559 0
-159 433 0
559 -33 0
-159 439 0
-39 559 0
-159 490 0
-90 559 0
-159 791 0
559 -391 0
-159 670 0
-270 559 0
-159 528 0
-128 559 0
-159 655 0
559 -255 0
-159 575 0
559 -175 0
772 -159 0
559 -372 0
-159 714 0
559 -314 0
760 -159 0
559 -360 0
-670 -528 159 -760 -655 -439 -433 -575 -490 -772 -791 -714 0
-559 314 360 255 128 90 391 175 39 33 270 372 0
-160 -560 0
449 -160 0
-49 560 0
-160 584 0
560 -184 0
-160 454 0
-54 560 0
-160 630 0
-230 560 0
-160 655 0
560 -255 0
689 -160 0
560 -289 0
785 -160 0
-385 560 0
720 -160 0
560 -320 0
-160 760 0
560 -360 0
-160 788 0
560 -388 0
-720 -584 -655 -689 -454 -630 -788 -449 160 -760 -785 0
184 385 54 360 255 320 230 388 49 -560 289 0
-161 -561 0
-161 439 0
-39 561 0
-161 626 0
561 -226 0
779 -161 0
-379 561 0
609 -161 0
-209 561 0
-161 585 0
-185 561 0
-161 664 0
-264 561 0
-161 711 0
-311 561 0
735 -161 0
561 -335 0
-585 161 -664 -626 -711 -439 -609 -779 -735 0
-561 264 311 335 39 226 185 379 209 0
-162 -562 0
423 -162 0
-23 562 0
554 -162 0
562 -154 0
591 -162 0
-191 562 0
684 -162 0
-284 562 0
590 -162 0
-190 562 0
-162 616 0
-216 562 0
600 -162 0
562 -200 0
162 -590 -554 -684 -423 -591 -616 -600 0
-562 191 284 190 200 216 154 23 0
-163 -563 0
408 -163 0
-8 563 0
-163 797 0
-397 563 0
547 -163 0
-147 563 0
-163 554 0
563 -154 0
678 -163 0
563 -278 0
-163 687 0
563 -287 0
767 -163 0
-367 563 0
783 -163 0
-383 563 0
-163 788 0
563 -388 0
-797 -788 -783 -767 -687 -678 -554 -547 -408 163 -468 0
-563 147 8 154 278 287 367 383 388 397 68 0
-164 -564 0
513 -164 0
-113 564 0
-164 635 0
564 -235 0
-164 542 0
564 -142 0
-164 618 0
564 -218 0
-164 643 0
564 -243 0
-164 775 0
564 -375 0
-164 722 0
564 -322 0
766 -164 0
-366 564 0
-775 -766 -722 -643 -635 -618 -542 -513 164 -534 0
142 -564 113 218 235 243 322 366 375 134 0
-165 -565 0
499 -165 0
565 -99 0
-165 523 0
565 -123 0
-165 416 0
565 -16 0
-165 598 0
-198 565 0
-165 553 0
565 -153 0
-523 -598 -553 -499 -416 165 -652 0
16 -565 153 123 99 198 252 0
-166 -566 0
-166 664 0
566 -264 0
-166 471 0
-71 566 0
-166 417 0
566 -17 0
-166 620 0
566 -220 0
-166 656 0
566 -256 0
-166 453 0
-53 566 0
-166 571 0
-171 566 0
-453 166 -656 -664 -620 -417 -571 -471 0
-566 53 264 71 220 17 256 171 0
-167 -567 0
437 -167 0
-37 567 0
-167 452 0
567 -52 0
624 -167 0
-224 567 0
-167 667 0
567 -267 0
561 -167 0
-161 567 0
699 -167 0
-299 567 0
574 -167 0
-174 567 0
-167 778 0
567 -378 0
721 -167 0
-321 567 0
-721 -667 -699 -778 -624 -574 -561 -452 -437 167 -794 0
-567 52 37 161 174 224 267 299 321 378 394 0
-168 -568 0
-168 472 0
-72 568 0
581 -168 0
-181 568 0
621 -168 0
-221 568 0
688 -168 0
568 -288 0
-168 538 0
568 -138 0
634 -168 0
568 -234 0
569 -168 0
-169 568 0
-168 585 0
-185 568 0
-538 168 -569 -581 -585 -634 -472 -621 -688 0
138 -568 181 185 288 234 72 221 169 0
-169 -569 0
-169 800 0
569 -400 0
-169 632 0
569 -232 0
-169 552 0
569 -152 0
608 -169 0
569 -208 0
-169 714 0
569 -314 0
-800 -552 -632 169 -608 -714 0
208 232 -569 400 152 314 0
-170 -570 0
-170 676 0
570 -276 0
784 -170 0
-384 570 0
-170 621 0
570 -221 0
501 -170 0
-170 583 0
570 -183 0
-170 528 0
-128 570 0
-170 595 0
570 -195 0
-583 -595 -676 -528 170 -501 -784 -621 0
-570 183 195 128 384 276 221 101 0
-171 -571 0
-171 507 0
571 -107 0
560 -171 0
-160 571 0
-171 702 0
571 -302 0
780 -171 0
-380 571 0
-702 -560 -780 -507 171 -534 0
-571 160 107 302 380 134 0
-172 -572 0
440 -172 0
-40 572 0
421 -172 0
-21 572 0
-172 458 0
-58 572 0
442 -172 0
-42 572 0
-172 416 0
572 -16 0
-172 628 0
572 -228 0
-172 519 0
572 -119 0
-172 557 0
572 -157 0
-172 631 0
572 -231 0
743 -172 0
-343 572 0
-172 749 0
-349 572 0
636 -172 0
572 -236 0
-458 -557 -416 -519 172 -743 -628 -636 -631 -749 -440 -442 -421 0
16 231 42 157 40 228 119 -572 236 349 58 343 21 0
-173 -573 0
758 -173 0
573 -358 0
-173 688 0
-288 573 0
617 -173 0
573 -217 0
-173 465 0
573 -65 0
-173 657 0
573 -257 0
-173 733 0
573 -333 0
736 -173 0
-336 573 0
-657 -733 -617 173 -465 -736 -758 -688 0
358 217 288 333 65 -573 257 336 0
-174 -574 0
-174 430 0
574 -30 0
421 -174 0
-21 574 0
547 -174 0
-147 574 0
-174 584 0
574 -184 0
-174 679 0
574 -279 0
-174 445 0
574 -45 0
785 -174 0
-385 574 0
174 -445 -679 -785 -547 -430 -584 -421 0
-574 45 279 385 30 21 147 184 0
-175 -575 0
682 -175 0
575 -282 0
-175 529 0
575 -129 0
-175 549 0
-149 575 0
623 -175 0
575 -223 0
666 -175 0
-266 575 0
-175 586 0
-186 575 0
568 -175 0
575 -168 0
785 -175 0
-385 575 0
-175 761 0
-361 575 0
-785 -761 -682 -666 -623 -586 -568 -549 -529 175 -441 0
-575 129 149 168 186 223 266 282 361 385 41 0
-176 -576 0
-176 677 0
576 -277 0
595 -176 0
576 -195 0
-595 -677 176 0
-576 277 195 0
-177 -577 0
-177 789 0
-389 577 0
438 -177 0
-38 577 0
628 -177 0
577 -228 0
-177 542 0
-142 577 0
-177 616 0
577 -216 0
699 -177 0
-299 577 0
776 -177 0
-376 577 0
603 -177 0
-203 577 0
-616 177 -699 -789 -603 -628 -438 -776 -542 0
-577 228 203 299 389 216 38 376 142 0
-178 -578 0
440 -178 0
578 -40 0
489 -178 0
578 -89 0
615 -178 0
578 -215 0
451 -178 0
578 -51 0
460 -178 0
578 -60 0
650 -178 0
578 -250 0
703 -178 0
578 -303 0
712 -178 0
578 -312 0
642 -178 0
578 -242 0
765 -178 0
578 -365 0
773 -178 0
578 -373 0
178 -703 -451 -440 -460 -773 -642 -712 -650 -489 -765 -615 0
303 -578 51 373 60 250 312 242 365 215 89 40 0
-179 -579 0
-179 514 0
579 -114 0
-179 507 0
579 -107 0
-179 667 0
579 -267 0
-179 522 0
-122 579 0
-179 560 0
579 -160 0
-179 749 0
579 -349 0
-179 789 0
579 -389 0
-667 179 -514 -560 -522 -789 -749 -507 0
-579 349 107 267 389 160 122 114 0
-180 -580 0
411 -180 0
-11 580 0
572 -180 0
-172 580 0
623 -180 0
-223 580 0
741 -180 0
-341 580 0
731 -180 0
-331 580 0
733 -180 0
-333 580 0
-180 625 0
-225 580 0
-741 -731 -733 180 -625 -572 -623 -411 0
172 223 333 331 -580 341 225 11 0
-181 -581 0
-181 735 0
581 -335 0
-181 781 0
581 -381 0
-181 432 0
581 -32 0
-181 449 0
581 -49 0
-181 628 0
581 -228 0
-181 540 0
-432 -735 181 -781 -540 -449 -628 0
140 228 -581 381 49 335 32 0
-182 -582 0
-182 440 0
582 -40 0
582 -33 0
-182 520 0
582 -120 0
-182 526 0
582 -126 0
-182 584 0
582 -184 0
-182 553 0
582 -153 0
-182 650 0
582 -250 0
-182 777 0
582 -377 0
-584 -777 -440 -520 182 -433 -650 -526 -553 0
184 -582 377 153 120 126 250 33 40 0
-583 -183 0
-183 479 0
583 -79 0
-183 577 0
-177 583 0
695 -183 0
-295 583 0
776 -183 0
-376 583 0
680 -183 0
-280 583 0
694 -183 0
-294 583 0
-479 183 -680 -577 -695 -694 -776 0
-583 177 280 294 376 295 79 0
-184 -584 0
-184 768 0
584 -368 0
-184 415 0
584 -15 0
-184 684 0
584 -284 0
653 -184 0
-253 584 0
721 -184 0
-321 584 0
184 -684 -768 -415 -721 -653 0
-584 368 284 15 321 253 0
-185 -585 0
-185 493 0
-93 585 0
420 -185 0
585 -20 0
614 -185 0
-185 703 0
585 -303 0
680 -185 0
-280 585 0
-185 722 0
585 -322 0
-185 746 0
585 -346 0
-185 760 0
585 -360 0
-746 -722 -760 -703 -680 -614 -493 -420 185 -701 0
20 -585 93 214 280 303 322 346 360 301 0
-186 -586 0
-186 791 0
586 -391 0
-186 418 0
586 -18 0
-186 519 0
586 -119 0
-186 666 0
586 -266 0
721 -186 0
586 -321 0
-186 654 0
586 -254 0
-186 659 0
-259 586 0
-659 -418 -666 -654 -519 186 -791 -721 0
119 18 266 259 391 254 -586 321 0
-187 -587 0
-187 788 0
587 -388 0
-187 621 0
587 -221 0
-187 469 0
587 -69 0
-187 525 0
587 -125 0
-187 506 0
587 -106 0
-187 670 0
587 -270 0
-187 576 0
587 -176 0
-187 771 0
587 -371 0
-525 187 -469 -576 -621 -788 -670 -506 -771 0
106 176 69 270 -587 388 371 125 221 0
-188 -588 0
436 -188 0
588 -36 0
-188 484 0
588 -84 0
562 -188 0
588 -162 0
697 -188 0
-297 588 0
617 -188 0
588 -217 0
620 -188 0
588 -220 0
-188 604 0
-204 588 0
721 -188 0
-321 588 0
595 -188 0
588 -195 0
708 -188 0
588 -308 0
-708 -721 -697 -620 -617 -604 -595 -562 -484 -436 188 -701 0
-588 36 84 162 195 204 217 220 297 308 321 301 0
-189 -589 0
-189 562 0
589 -162 0
420 -189 0
589 -20 0
-189 415 0
589 -15 0
-189 510 0
589 -110 0
-189 556 0
589 -156 0
-189 737 0
589 -337 0
-189 655 0
589 -255 0
-189 723 0
589 -323 0
-189 757 0
589 -357 0
-189 751 0
589 -351 0
-589 20 15 110 156 162 255 323 337 351 357 134 0
-190 -590 0
511 -190 0
-111 590 0
-190 538 0
590 -138 0
504 -190 0
-104 590 0
-190 516 0
590 -116 0
-190 697 0
590 -297 0
-190 577 0
590 -177 0
653 -190 0
-253 590 0
-190 644 0
590 -244 0
-190 506 0
590 -106 0
-190 665 0
590 -265 0
-190 730 0
590 -330 0
-190 642 0
590 -242 0
-190 711 0
590 -311 0
-730 -516 -504 -577 190 -665 -644 -653 -511 -697 -711 -506 -538 -642 0
138 106 -590 177 297 253 330 244 116 104 311 242 265 111 0
-191 -591 0
645 -191 0
591 -245 0
642 -191 0
591 -242 0
-191 759 0
591 -359 0
-191 780 0
591 -380 0
-191 488 0
591 -88 0
-191 517 0
591 -117 0
-191 584 0
591 -184 0
688 -191 0
591 -288 0
-191 741 0
591 -341 0
-191 704 0
591 -304 0
-191 563 0
591 -163 0
736 -191 0
591 -336 0
-741 191 -780 -563 -688 -736 -584 -704 -517 -759 -645 -488 -642 0
-591 341 380 359 88 336 184 163 245 304 117 242 288 0
-192 -592 0
-192 480 0
592 -80 0
-192 798 0
-398 592 0
-192 483 0
592 -83 0
-192 466 0
592 -66 0
-192 498 0
592 -98 0
-192 614 0
592 -214 0
-192 687 0
592 -287 0
-192 575 0
592 -175 0
-192 569 0
592 -169 0
681 -192 0
592 -281 0
-498 192 -569 -614 -798 -466 -483 -575 -681 -480 -687 0
-592 66 287 214 175 98 281 83 169 398 80 0
-593 -193 0
-193 448 0
-48 593 0
628 -193 0
593 -228 0
615 -193 0
-215 593 0
601 -193 0
-201 593 0
734 -193 0
-334 593 0
618 -193 0
-218 593 0
710 -193 0
-310 593 0
725 -193 0
-325 593 0
-618 -734 -628 193 -725 -448 -710 -615 -601 0
-593 218 334 48 325 201 215 310 228 0
-194 -594 0
423 -194 0
-23 594 0
455 -194 0
-55 594 0
458 -194 0
-58 594 0
523 -194 0
-123 594 0
507 -194 0
-107 594 0
583 -194 0
-183 594 0
650 -194 0
594 -250 0
596 -194 0
594 -196 0
727 -194 0
-327 594 0
-507 -458 -423 -583 194 -523 -596 -650 -727 -455 0
327 107 -594 183 123 250 55 23 196 58 0
-195 -595 0
-195 738 0
-338 595 0
-195 575 0
595 -175 0
-195 778 0
-378 595 0
690 -195 0
-290 595 0
-195 698 0
595 -298 0
-738 -698 195 -778 -575 -690 0
-595 298 338 378 290 175 0
-596 -196 0
424 -196 0
-24 596 0
635 -196 0
-235 596 0
687 -196 0
-287 596 0
630 -196 0
-230 596 0
752 -196 0
-352 596 0
672 -196 0
-272 596 0
760 -196 0
-360 596 0
765 -196 0
-365 596 0
-752 196 -760 -424 -630 -635 -765 -687 -672 0
-596 272 365 24 352 287 235 360 230 0
-197 -597 0
762 -197 0
597 -362 0
541 -197 0
597 -141 0
-197 466 0
597 -66 0
442 -197 0
597 -42 0
624 -197 0
597 -224 0
495 -197 0
-95 597 0
457 -197 0
-57 597 0
-197 638 0
597 -238 0
-197 494 0
597 -94 0
589 -197 0
-197 626 0
-197 630 0
597 -230 0
-494 -457 197 -466 -638 -626 -589 -442 -541 -630 -762 -624 -495 0
66 42 95 141 94 238 226 189 -597 230 57 224 362 0
-198 -598 0
628 -198 0
598 -228 0
-198 535 0
598 -135 0
-198 677 0
598 -277 0
-677 -535 -628 198 0
228 277 -598 135 0
-199 -599 0
437 -199 0
599 -37 0
-199 443 0
599 -43 0
-199 429 0
599 -29 0
457 -199 0
-57 599 0
-199 738 0
599 -338 0
-199 670 0
599 -270 0
-199 616 0
599 -216 0
686 -199 0
-286 599 0
746 -199 0
599 -346 0
-616 -429 -443 -686 -746 -437 -670 199 -738 -457 0
346 286 29 43 57 -599 216 338 37 270 0
-200 -600 0
-200 401 0
600 -1 0
566 -200 0
-166 600 0
481 -200 0
-81 600 0
573 -200 0
-173 600 0
469 -200 0
-69 600 0
-200 507 0
-107 600 0
-200 631 0
-231 600 0
618 -200 0
-218 600 0
-200 629 0
-229 600 0
-200 668 0
-268 600 0
790 -200 0
-390 600 0
-790 -618 200 -401 -507 -469 -566 -629 -631 -481 -573 -668 0
268 231 1 107 390 -600 69 81 218 229 166 173 0
-201 -601 0
-201 520 0
601 -120 0
544 -201 0
-144 601 0
-201 566 0
601 -166 0
-201 485 0
601 -85 0
-201 656 0
601 -256 0
750 -201 0
601 -350 0
-201 494 0
-94 601 0
-201 704 0
601 -304 0
-201 678 0
601 -278 0
-201 733 0
601 -333 0
-201 695 0
601 -295 0
256 304 333 278 295 -601 350 85 166 120 94 144 0
-202 -602 0
768 -202 0
602 -368 0
-202 466 0
602 -66 0
-202 460 0
602 -60 0
624 -202 0
-224 602 0
-202 529 0
602 -129 0
779 -202 0
-379 602 0
-624 -768 -779 -529 -466 -460 202 -683 0
66 129 60 -602 224 368 379 283 0
-203 -603 0
-203 406 0
-6 603 0
-203 507 0
603 -107 0
-203 557 0
603 -157 0
-203 555 0
603 -155 0
-203 716 0
603 -316 0
659 -203 0
-259 603 0
-507 203 -557 -406 -659 -555 -716 0
-603 316 155 107 157 6 259 0
-204 -604 0
505 -204 0
-105 604 0
-204 530 0
604 -130 0
-204 446 0
604 -46 0
-204 616 0
604 -216 0
-204 626 0
604 -226 0
-204 711 0
604 -311 0
-616 -711 -626 -530 -505 -446 204 -745 0
216 -604 105 130 46 226 311 345 0
-205 -605 0
-205 766 0
605 -366 0
-205 781 0
605 -381 0
-205 790 0
605 -390 0
-205 505 0
605 -105 0
-205 516 0
605 -116 0
-205 572 0
605 -172 0
-205 601 0
605 -201 0
-205 656 0
605 -256 0
-205 696 0
605 -296 0
-205 704 0
605 -304 0
-205 717 0
605 -317 0
381 116 -605 390 105 317 201 296 366 256 304 172 0
-206 -606 0
-206 725 0
-325 606 0
764 -206 0
-364 606 0
-206 406 0
-6 606 0
-206 452 0
-52 606 0
573 -206 0
-173 606 0
-206 602 0
-202 606 0
-206 600 0
606 -200 0
-206 642 0
606 -242 0
-452 -602 206 -406 -573 -764 -642 -600 -725 0
242 52 173 -606 364 6 325 200 202 0
-207 -607 0
-207 536 0
-136 607 0
472 -207 0
-72 607 0
-207 425 0
-25 607 0
598 -207 0
-198 607 0
560 -207 0
-160 607 0
691 -207 0
-291 607 0
-536 -598 -560 -691 -472 -425 207 -745 0
-607 72 136 25 160 198 291 345 0
-608 -208 0
440 -208 0
-40 608 0
581 -208 0
-181 608 0
-208 522 0
-122 608 0
515 -208 0
-115 608 0
-208 670 0
-270 608 0
582 -208 0
-182 608 0
560 -208 0
-160 608 0
556 -208 0
-156 608 0
657 -208 0
-257 608 0
574 -208 0
-174 608 0
603 -208 0
-203 608 0
736 -208 0
-336 608 0
-208 629 0
-229 608 0
-208 711 0
-311 608 0
182 229 203 40 181 336 -608 257 115 311 156 122 174 160 270 0
-209 -609 0
-209 577 0
609 -177 0
-209 453 0
-53 609 0
674 -209 0
-274 609 0
599 -209 0
-199 609 0
-209 723 0
609 -323 0
642 -209 0
609 -242 0
-209 702 0
609 -302 0
-723 -702 209 -642 -674 -453 -577 -599 0
177 -609 302 242 323 274 199 53 0
-210 -610 0
-210 470 0
-70 610 0
-210 627 0
-227 610 0
-210 622 0
610 -222 0
710 -210 0
-310 610 0
-210 732 0
610 -332 0
735 -210 0
610 -335 0
781 -210 0
610 -381 0
-732 -470 210 -627 -781 -710 -735 -622 0
381 332 227 310 -610 222 70 335 0
-211 -611 0
757 -211 0
-357 611 0
482 -211 0
-82 611 0
-211 430 0
611 -30 0
517 -211 0
-117 611 0
499 -211 0
-99 611 0
-211 458 0
-58 611 0
-211 530 0
-130 611 0
-211 598 0
-198 611 0
-211 602 0
-202 611 0
-211 525 0
611 -125 0
776 -211 0
-376 611 0
-525 -482 -757 -530 211 -602 -499 -598 -430 -776 -458 -517 0
58 -611 125 357 202 117 198 130 82 376 30 99 0
-212 -612 0
-212 479 0
612 -79 0
621 -212 0
-221 612 0
-212 644 0
-244 612 0
-212 497 0
612 -97 0
-212 453 0
-53 612 0
785 -212 0
-385 612 0
609 -212 0
-209 612 0
633 -212 0
612 -233 0
-212 754 0
612 -354 0
-497 -453 -633 212 -785 -754 -644 -621 -609 -479 0
53 -612 97 221 233 385 354 244 79 209 0
-213 -613 0
-213 493 0
-93 613 0
-213 530 0
613 -130 0
-213 552 0
613 -152 0
-213 596 0
613 -196 0
762 -213 0
-362 613 0
-552 -493 213 -596 -762 -530 0
93 152 130 -613 196 362 0
-214 -614 0
-214 431 0
614 -31 0
-214 611 0
614 -211 0
-214 420 0
614 -20 0
-214 462 0
614 -62 0
-214 743 0
614 -343 0
-214 531 0
614 -131 0
-214 600 0
614 -200 0
-214 733 0
614 -333 0
-214 772 0
614 -372 0
676 -214 0
614 -276 0
-214 698 0
614 -298 0
-214 729 0
614 -329 0
31 -614 333 20 343 131 372 298 211 329 205 200 62 276 0
-215 -615 0
449 -215 0
-49 615 0
-215 800 0
615 -400 0
413 -215 0
-13 615 0
415 -215 0
-15 615 0
-215 594 0
615 -194 0
-215 606 0
615 -206 0
-215 418 0
615 -18 0
621 -215 0
-221 615 0
-215 457 0
-57 615 0
-215 529 0
615 -129 0
-800 -418 -606 -621 -413 -415 -594 215 -449 -529 -457 0
18 -615 206 129 15 400 57 221 13 194 49 0
-216 -616 0
496 -216 0
616 -96 0
-216 791 0
616 -391 0
-216 451 0
616 -51 0
-216 555 0
616 -155 0
-216 782 0
616 -382 0
-555 -791 -782 -496 -451 216 -521 0
-616 96 51 155 382 391 121 0
-217 -617 0
-217 469 0
617 -69 0
-217 627 0
-227 617 0
618 -217 0
617 -218 0
723 -217 0
617 -323 0
-217 718 0
617 -318 0
-217 654 0
617 -254 0
681 -217 0
-281 617 0
759 -217 0
617 -359 0
-469 -618 -759 217 -627 -654 -681 -718 -723 0
254 218 69 -617 281 227 359 318 323 0
-218 -618 0
583 -218 0
-183 618 0
678 -218 0
-278 618 0
612 -218 0
-212 618 0
672 -218 0
-272 618 0
-678 -672 -612 218 -583 0
278 212 272 -618 183 0
-219 -619 0
-219 446 0
619 -46 0
634 -219 0
619 -234 0
-219 612 0
619 -212 0
-219 607 0
619 -207 0
646 -219 0
-246 619 0
726 -219 0
-326 619 0
-634 -607 -612 -646 -726 -446 219 0
234 207 326 212 246 46 -619 0
-220 -620 0
435 -220 0
-35 620 0
481 -220 0
-81 620 0
513 -220 0
-113 620 0
-220 647 0
620 -247 0
618 -220 0
-218 620 0
599 -220 0
-199 620 0
-220 629 0
-229 620 0
220 -629 -481 -647 -435 -513 -618 -599 0
229 199 81 -620 218 35 247 113 0
-221 -621 0
-221 725 0
-325 621 0
505 -221 0
-105 621 0
520 -221 0
-120 621 0
-221 632 0
621 -232 0
-221 627 0
621 -227 0
-520 221 -725 -505 -632 -627 0
120 -621 105 227 232 325 0
-222 -622 0
530 -222 0
-130 622 0
-222 620 0
622 -220 0
-222 503 0
622 -103 0
630 -222 0
-230 622 0
613 -222 0
-213 622 0
-222 730 0
622 -330 0
-222 585 0
-185 622 0
710 -222 0
-310 622 0
-710 -730 -630 -620 -613 -585 -530 -503 222 -683 0
185 -622 130 103 213 220 230 310 330 283 0
-223 -623 0
-223 480 0
-80 623 0
420 -223 0
-20 623 0
572 -223 0
-172 623 0
-223 593 0
623 -193 0
-223 600 0
623 -200 0
708 -223 0
623 -308 0
-593 -708 -480 -420 223 -572 -600 0
308 -623 172 80 200 193 20 0
-224 -624 0
-224 751 0
624 -351 0
-224 746 0
624 -346 0
-224 436 0
624 -36 0
-224 473 0
624 -73 0
-224 693 0
624 -293 0
-224 465 0
624 -65 0
-224 734 0
624 -334 0
-224 563 0
624 -163 0
-224 775 0
624 -375 0
-775 -751 -473 -436 224 -746 -563 -465 -693 -576 -734 0
375 351 65 163 346 -624 73 334 36 293 176 0
-225 -625 0
438 -225 0
-38 625 0
-225 476 0
625 -76 0
-225 467 0
625 -67 0
513 -225 0
-113 625 0
678 -225 0
625 -278 0
579 -225 0
-179 625 0
-225 691 0
625 -291 0
-225 730 0
625 -330 0
-225 773 0
625 -373 0
-773 -730 -691 -678 -579 -513 -476 -467 -438 225 -652 0
-625 38 67 76 113 179 278 291 330 373 252 0
-226 -626 0
550 -226 0
-150 626 0
516 -226 0
626 -116 0
532 -226 0
626 -132 0
-226 503 0
626 -103 0
634 -226 0
626 -234 0
736 -226 0
626 -336 0
673 -226 0
-273 626 0
659 -226 0
626 -259 0
-736 -659 -673 -634 -550 -532 -516 -503 226 -543 0
116 -626 132 103 150 234 259 273 336 143 0
-227 -627 0
773 -227 0
-373 627 0
-227 506 0
627 -106 0
-227 730 0
-330 627 0
-227 571 0
-171 627 0
659 -227 0
-259 627 0
-659 -506 -773 227 -571 -730 0
330 -627 373 106 171 259 0
-628 -228 0
520 -228 0
-120 628 0
606 -228 0
628 -206 0
516 -228 0
628 -116 0
647 -228 0
628 -247 0
772 -228 0
-372 628 0
228 -516 -606 -647 -772 -520 0
120 116 -628 206 247 372 0
-229 -629 0
437 -229 0
-37 629 0
-229 623 0
629 -223 0
700 -229 0
629 -300 0
689 -229 0
629 -289 0
770 -229 0
629 -370 0
-623 -770 -700 -689 -437 229 -468 0
37 -629 223 289 300 370 68 0
-230 -630 0
499 -230 0
-99 630 0
-230 584 0
630 -184 0
661 -230 0
-261 630 0
-230 704 0
630 -304 0
-230 564 0
-164 630 0
-230 595 0
630 -195 0
-584 -564 230 -595 -661 -704 -499 0
261 184 195 -630 304 99 164 0
-231 -631 0
-231 406 0
-6 631 0
-231 611 0
631 -211 0
-231 741 0
631 -341 0
-231 670 0
631 -270 0
-670 -611 -741 -406 231 -745 0
-631 211 6 270 341 345 0
-232 -632 0
-232 654 0
-254 632 0
615 -232 0
-215 632 0
-232 738 0
632 -338 0
-615 -654 232 -738 0
254 -632 215 338 0
-633 -233 0
477 -233 0
-77 633 0
565 -233 0
-165 633 0
695 -233 0
-295 633 0
673 -233 0
-273 633 0
609 -233 0
-209 633 0
-233 719 0
633 -319 0
746 -233 0
-346 633 0
-719 -609 -477 233 -673 -565 -746 -695 0
346 -633 77 209 273 319 295 165 0
-234 -634 0
502 -234 0
-102 634 0
618 -234 0
-218 634 0
556 -234 0
-156 634 0
640 -234 0
-240 634 0
-234 571 0
-171 634 0
768 -234 0
634 -368 0
-640 -571 -618 -556 234 -502 -768 0
218 171 240 368 -634 102 156 0
-235 -635 0
770 -235 0
-370 635 0
-235 431 0
635 -31 0
-235 429 0
-29 635 0
-235 714 0
635 -314 0
-235 610 0
635 -210 0
-770 -714 -610 -431 -429 235 -534 0
31 29 -635 210 314 370 134 0
-236 -636 0
-236 448 0
-48 636 0
614 -236 0
-214 636 0
537 -236 0
-137 636 0
-236 600 0
636 -200 0
733 -236 0
-333 636 0
645 -236 0
-245 636 0
766 -236 0
-366 636 0
767 -236 0
-367 636 0
-614 -448 236 -537 -767 -600 -733 -645 -766 0
366 214 333 48 137 367 245 -636 200 0
-637 -237 0
486 -237 0
-86 637 0
-237 485 0
637 -85 0
-237 594 0
637 -194 0
-237 492 0
637 -92 0
-237 580 0
637 -180 0
-237 643 0
-243 637 0
742 -237 0
-342 637 0
720 -237 0
637 -320 0
-237 788 0
637 -388 0
237 -788 -485 -486 -594 -580 -492 -720 -742 -643 0
-637 388 92 342 180 86 320 194 85 243 0
-238 -638 0
423 -238 0
-23 638 0
-238 479 0
638 -79 0
535 -238 0
638 -135 0
-238 565 0
638 -165 0
650 -238 0
638 -250 0
552 -238 0
638 -152 0
-423 -535 238 -552 -479 -565 -650 0
23 135 -638 79 165 152 250 0
-239 -639 0
566 -239 0
-166 639 0
-239 422 0
-22 639 0
-239 557 0
-157 639 0
577 -239 0
-177 639 0
-239 515 0
639 -115 0
-239 509 0
639 -109 0
-239 633 0
639 -233 0
-239 648 0
639 -248 0
-509 -633 -557 -577 -515 239 -566 -648 -422 0
177 109 233 248 115 157 -639 22 166 0
-240 -640 0
-240 490 0
-90 640 0
530 -240 0
-130 640 0
449 -240 0
-49 640 0
-240 598 0
-198 640 0
684 -240 0
-284 640 0
556 -240 0
-156 640 0
639 -240 0
-239 640 0
-556 240 -490 -684 -530 -598 -449 -639 0
-640 198 284 239 90 156 130 49 0
-241 -641 0
787 -241 0
-387 641 0
-241 788 0
641 -388 0
-241 797 0
-397 641 0
-241 570 0
641 -170 0
-241 466 0
641 -66 0
653 -241 0
-253 641 0
-241 556 0
641 -156 0
-241 677 0
641 -277 0
-241 708 0
641 -308 0
-241 712 0
641 -312 0
156 66 170 -641 253 277 308 312 387 388 397 68 0
-242 -642 0
562 -242 0
-162 642 0
628 -242 0
642 -228 0
593 -242 0
-193 642 0
630 -242 0
-230 642 0
782 -242 0
-382 642 0
-562 -782 -628 242 -630 -593 0
162 228 193 -642 230 382 0
-243 -643 0
-243 403 0
-3 643 0
-243 482 0
-82 643 0
-243 682 0
-282 643 0
-243 658 0
-258 643 0
-243 579 0
-179 643 0
-243 728 0
643 -328 0
-243 703 0
643 -303 0
-243 727 0
-327 643 0
-727 -703 -728 -682 -658 -579 -482 -403 243 -745 -652 0
-643 179 82 3 258 282 303 327 328 252 345 0
-244 -644 0
-244 485 0
644 -85 0
-244 635 0
644 -235 0
-244 723 0
644 -323 0
-244 563 0
644 -163 0
-244 555 0
644 -155 0
-723 -563 -635 -555 -485 244 -652 0
-644 235 85 163 155 323 252 0
-245 -645 0
-245 484 0
645 -84 0
-245 426 0
645 -26 0
-245 514 0
645 -114 0
-245 771 0
-371 645 0
706 -245 0
645 -306 0
-245 651 0
645 -251 0
766 -245 0
-366 645 0
-245 764 0
645 -364 0
784 -245 0
-384 645 0
-426 -766 -784 245 -706 -771 -764 -651 -484 -514 0
306 366 114 364 -645 384 26 251 371 84 0
-246 -646 0
-246 405 0
646 -5 0
-246 489 0
646 -89 0
-246 522 0
-122 646 0
-246 691 0
-291 646 0
710 -246 0
-310 646 0
-246 724 0
646 -324 0
-522 -405 -691 246 -710 -489 -724 0
89 5 324 -646 310 291 122 0
-247 -647 0
431 -247 0
-31 647 0
471 -247 0
-71 647 0
423 -247 0
-23 647 0
570 -247 0
-170 647 0
-247 602 0
-202 647 0
463 -247 0
-63 647 0
658 -247 0
-258 647 0
-247 670 0
-270 647 0
586 -247 0
-186 647 0
-247 654 0
647 -254 0
724 -247 0
-324 647 0
-658 -670 -724 -654 -602 -586 -570 -471 -463 -431 -423 247 -533 0
31 23 -647 63 71 170 186 202 254 258 270 324 133 0
-648 -248 0
483 -248 0
-83 648 0
548 -248 0
-148 648 0
666 -248 0
-266 648 0
645 -248 0
-245 648 0
651 -248 0
-251 648 0
735 -248 0
-335 648 0
758 -248 0
-358 648 0
248 -483 -651 -645 -666 -758 -735 -548 0
-648 335 266 251 148 83 358 245 0
-249 -649 0
438 -249 0
649 -38 0
-249 530 0
649 -130 0
-249 523 0
649 -123 0
-249 487 0
649 -87 0
-249 583 0
649 -183 0
-249 656 0
649 -256 0
-249 446 0
649 -46 0
699 -249 0
649 -299 0
-249 636 0
649 -236 0
-249 681 0
649 -281 0
-583 -446 -656 -636 -681 -699 249 -487 -438 -530 -523 0
256 -649 130 46 236 87 281 299 38 183 123 0
-650 -250 0
407 -250 0
-7 650 0
402 -250 0
-2 650 0
455 -250 0
-55 650 0
-250 546 0
-146 650 0
653 -250 0
-253 650 0
564 -250 0
-164 650 0
717 -250 0
-317 650 0
569 -250 0
-169 650 0
612 -250 0
-212 650 0
-407 -546 -612 -717 -653 -402 -455 250 -569 -564 0
212 -650 146 317 7 169 2 253 55 164 0
-251 -651 0
-251 488 0
651 -88 0
423 -251 0
-23 651 0
511 -251 0
-111 651 0
-251 800 0
651 -400 0
743 -251 0
-343 651 0
665 -251 0
651 -265 0
-251 575 0
651 -175 0
685 -251 0
-285 651 0
-251 732 0
651 -332 0
-575 -743 -488 -732 -423 251 -800 -685 -665 -511 0
332 23 -651 88 343 175 265 111 285 400 0
31 39 12 48 64 182 189 289 305 309 346 381 -652 0
-653 -253 0
763 -253 0
653 -363 0
-253 611 0
653 -211 0
-253 442 0
653 -42 0
-253 678 0
653 -278 0
506 -253 0
653 -106 0
-253 741 0
653 -341 0
777 -253 0
653 -377 0
567 -253 0
653 -167 0
-253 725 0
653 -325 0
-678 -741 -442 -725 -611 -506 -763 -567 253 -777 0
363 341 106 211 42 325 167 278 377 -653 0
-654 -254 0
424 -254 0
-24 654 0
496 -254 0
-96 654 0
449 -254 0
-49 654 0
594 -254 0
-194 654 0
628 -254 0
-228 654 0
513 -254 0
-113 654 0
687 -254 0
-287 654 0
704 -254 0
-304 654 0
646 -254 0
-246 654 0
784 -254 0
-384 654 0
-784 254 -424 -646 -449 -496 -687 -513 -628 -704 -594 0
-654 24 304 228 246 287 194 384 49 96 113 0
-255 -655 0
-255 484 0
-84 655 0
-255 461 0
-61 655 0
-255 800 0
-400 655 0
513 -255 0
-113 655 0
-255 623 0
-223 655 0
-255 528 0
-128 655 0
674 -255 0
-274 655 0
599 -255 0
-199 655 0
-255 786 0
-386 655 0
-800 255 -484 -513 -599 -528 -461 -674 -786 -623 0
-655 386 400 223 274 113 128 61 84 199 0
-256 -656 0
763 -256 0
656 -363 0
440 -256 0
-40 656 0
410 -256 0
-10 656 0
753 -256 0
-353 656 0
-256 563 0
-163 656 0
256 -563 -440 -753 -410 -763 0
40 -656 163 363 10 353 0
-657 -257 0
439 -257 0
-39 657 0
-257 478 0
-78 657 0
-257 799 0
-399 657 0
-257 580 0
657 -180 0
459 -257 0
-59 657 0
586 -257 0
-186 657 0
-257 643 0
-243 657 0
574 -257 0
-174 657 0
569 -257 0
-169 657 0
736 -257 0
-336 657 0
739 -257 0
-339 657 0
773 -257 0
-373 657 0
-773 -799 257 -643 -478 -574 -736 -580 -439 -586 -569 -459 -739 0
78 399 339 373 -657 243 39 186 180 336 174 169 59 0
-258 -658 0
-258 482 0
658 -82 0
-258 419 0
658 -19 0
-258 424 0
658 -24 0
-258 415 0
658 -15 0
-258 559 0
658 -159 0
736 -258 0
-336 658 0
-258 709 0
658 -309 0
258 -424 -559 -482 -415 -736 -419 -709 0
309 82 15 24 -658 19 336 159 0
-259 -659 0
-259 558 0
659 -158 0
-259 598 0
659 -198 0
510 -259 0
-110 659 0
-259 684 0
659 -284 0
-259 616 0
659 -216 0
721 -259 0
659 -321 0
-259 740 0
659 -340 0
-259 756 0
659 -356 0
-259 762 0
659 -362 0
-259 765 0
659 -365 0
-616 -740 -598 -765 -762 -721 -684 259 -756 -558 -510 0
216 198 340 365 356 284 -659 362 321 110 158 0
-260 -660 0
-260 471 0
-71 660 0
414 -260 0
-14 660 0
-260 430 0
660 -30 0
-260 485 0
660 -85 0
454 -260 0
-54 660 0
-260 626 0
660 -226 0
-260 585 0
-185 660 0
-260 639 0
660 -239 0
260 -430 -414 -626 -471 -485 -454 -639 -585 0
-660 30 14 226 85 71 54 185 239 0
-261 -661 0
-261 761 0
661 -361 0
-261 407 0
661 -7 0
-261 412 0
661 -12 0
-261 483 0
661 -83 0
-261 505 0
661 -105 0
-261 520 0
661 -120 0
-261 535 0
661 -135 0
-261 462 0
661 -62 0
-261 512 0
661 -112 0
-261 651 0
661 -251 0
-261 722 0
661 -322 0
135 112 251 120 -661 105 83 7 361 322 12 62 0
-262 -662 0
433 -262 0
-33 662 0
-262 798 0
-398 662 0
558 -262 0
-158 662 0
638 -262 0
662 -238 0
-262 509 0
662 -109 0
692 -262 0
-292 662 0
646 -262 0
-246 662 0
-262 668 0
-268 662 0
759 -262 0
662 -359 0
789 -262 0
-389 662 0
-692 -509 262 -558 -646 -789 -798 -638 -759 -668 -433 0
-662 389 246 292 158 359 109 398 268 238 33 0
-263 -663 0
-263 797 0
-397 663 0
-263 573 0
-173 663 0
-263 538 0
663 -138 0
-263 583 0
663 -183 0
-263 561 0
663 -161 0
-263 620 0
663 -220 0
-263 444 0
663 -44 0
-263 739 0
663 -339 0
-583 -797 -573 -620 263 -561 -739 -538 -444 0
183 397 161 -663 173 339 44 220 138 0
-264 -664 0
511 -264 0
-111 664 0
537 -264 0
-137 664 0
-264 515 0
664 -115 0
-264 778 0
-378 664 0
690 -264 0
-290 664 0
720 -264 0
664 -320 0
-264 786 0
-386 664 0
-720 -786 -511 -515 -778 -537 264 -690 0
115 137 -664 111 320 290 378 386 0
-665 -265 0
632 -265 0
-232 665 0
510 -265 0
-110 665 0
627 -265 0
-227 665 0
-265 503 0
665 -103 0
622 -265 0
-222 665 0
-627 -632 265 -622 -503 -510 0
110 232 -665 222 227 103 0
-266 -666 0
467 -266 0
666 -67 0
-266 523 0
666 -123 0
578 -266 0
666 -178 0
-266 731 0
666 -331 0
721 -266 0
-321 666 0
-721 -523 266 -467 -578 -731 0
321 -666 331 67 123 178 0
-267 -667 0
645 -267 0
-245 667 0
-267 789 0
667 -389 0
-267 488 0
667 -88 0
-267 541 0
667 -141 0
753 -267 0
-353 667 0
-267 703 0
667 -303 0
-703 -645 267 -541 -488 -789 -753 0
-667 141 389 303 245 88 353 0
-268 -668 0
-268 427 0
-27 668 0
-268 623 0
-223 668 0
559 -268 0
-159 668 0
-268 651 0
-251 668 0
-623 -651 -559 -427 268 -521 0
-668 27 159 223 251 121 0
-269 -669 0
-269 431 0
669 -31 0
-269 573 0
-173 669 0
-269 416 0
669 -16 0
-269 623 0
669 -223 0
-269 582 0
669 -182 0
-269 579 0
669 -179 0
-269 622 0
669 -222 0
-269 604 0
669 -204 0
-269 699 0
669 -299 0
787 -269 0
-387 669 0
-623 -431 -622 -416 -573 -604 -787 -699 -582 -579 269 0
-669 31 204 299 16 173 387 222 223 179 182 0
-270 -670 0
-270 420 0
670 -20 0
-270 498 0
670 -98 0
597 -270 0
670 -197 0
-270 687 0
670 -287 0
-270 731 0
670 -331 0
-270 673 0
670 -273 0
-731 -673 -687 -597 -498 -420 270 -468 0
-670 20 98 197 273 287 331 68 0
-271 -671 0
694 -271 0
-294 671 0
-271 722 0
-322 671 0
-271 431 0
-31 671 0
-271 792 0
-392 671 0
413 -271 0
671 -13 0
540 -271 0
-140 671 0
653 -271 0
-253 671 0
-271 657 0
671 -257 0
551 -271 0
-151 671 0
-657 -792 271 -431 -653 -694 -722 -540 -551 -413 0
257 -671 151 31 392 322 140 253 13 294 0
-672 -272 0
-272 452 0
672 -52 0
-272 671 0
672 -271 0
500 -272 0
-100 672 0
-272 634 0
672 -234 0
659 -272 0
-259 672 0
-634 -452 272 -671 -500 -659 0
259 52 -672 271 234 100 0
-273 -673 0
-273 536 0
673 -136 0
-273 795 0
673 -395 0
-273 489 0
673 -89 0
-273 615 0
673 -215 0
-273 606 0
673 -206 0
-273 492 0
673 -92 0
-273 684 0
673 -284 0
-273 653 0
673 -253 0
-273 687 0
673 -287 0
-273 508 0
673 -108 0
-273 664 0
673 -264 0
-684 -795 -606 -492 -489 -664 -508 -653 -687 -536 273 -615 0
92 206 395 284 89 215 253 264 136 108 287 -673 0
-274 -674 0
-274 473 0
674 -73 0
-274 529 0
674 -129 0
-274 682 0
-282 674 0
-274 640 0
674 -240 0
-640 -473 -529 -682 274 0
73 129 282 240 -674 0
-275 -675 0
-275 478 0
675 -78 0
-275 792 0
-392 675 0
-275 679 0
675 -279 0
-275 638 0
675 -238 0
518 -275 0
675 -118 0
-275 567 0
675 -167 0
-478 -638 -679 275 -567 -792 -518 0
167 78 -675 279 238 118 392 0
-276 -676 0
-276 409 0
676 -9 0
-276 490 0
-90 676 0
-276 594 0
676 -194 0
-276 429 0
676 -29 0
-276 549 0
-149 676 0
750 -276 0
676 -350 0
-276 648 0
676 -248 0
-276 668 0
-268 676 0
672 -276 0
-272 676 0
762 -276 0
676 -362 0
-409 -429 276 -490 -594 -672 -549 -750 -648 -668 -762 0
9 29 -676 350 248 362 194 149 90 268 272 0
-277 -677 0
775 -277 0
-375 677 0
-775 277 -468 0
375 -677 68 0
-278 -678 0
404 -278 0
678 -4 0
471 -278 0
-71 678 0
421 -278 0
-21 678 0
-278 635 0
678 -235 0
537 -278 0
-137 678 0
704 -278 0
678 -304 0
740 -278 0
678 -340 0
278 -404 -635 -537 -704 -421 -471 -740 0
-678 137 4 235 340 304 71 21 0
-279 -679 0
-279 651 0
679 -251 0
-279 414 0
679 -14 0
-279 638 0
679 -238 0
696 -279 0
679 -296 0
-279 776 0
679 -376 0
-776 -638 -651 -696 -414 279 -441 0
-679 251 238 14 296 376 41 0
-280 -680 0
-280 404 0
680 -4 0
-280 472 0
680 -72 0
-280 532 0
680 -132 0
-280 453 0
680 -53 0
-280 753 0
680 -353 0
-280 654 0
680 -254 0
-280 690 0
680 -290 0
-280 702 0
680 -302 0
-280 782 0
680 -382 0
-453 -404 280 -472 -690 -532 -702 -782 -753 -654 0
53 353 132 4 382 -680 302 254 72 290 0
-281 -681 0
432 -281 0
-32 681 0
-281 594 0
681 -194 0
413 -281 0
681 -13 0
-281 522 0
-122 681 0
-281 553 0
681 -153 0
-281 515 0
681 -115 0
-281 755 0
-355 681 0
-281 608 0
681 -208 0
707 -281 0
-307 681 0
-281 713 0
681 -313 0
-432 -515 -755 281 -713 -707 -553 -608 -522 -594 -413 0
32 313 153 355 194 -681 208 13 122 115 307 0
-282 -682 0
-282 642 0
682 -242 0
-282 654 0
682 -254 0
-282 484 0
682 -84 0
-282 472 0
682 -72 0
554 -282 0
682 -154 0
566 -282 0
682 -166 0
-282 429 0
682 -29 0
460 -282 0
682 -60 0
742 -282 0
682 -342 0
-566 -429 -472 282 -554 -484 -654 -642 -742 -460 0
242 29 -682 60 84 166 154 72 342 254 0
20 5 24 79 130 200 274 295 -683 0
-284 -684 0
476 -284 0
-76 684 0
-284 536 0
-136 684 0
544 -284 0
-144 684 0
550 -284 0
-150 684 0
450 -284 0
-50 684 0
551 -284 0
-151 684 0
-284 774 0
-374 684 0
-476 -774 -450 284 -544 -551 -536 -550 0
-684 144 374 76 150 136 50 151 0
-285 -685 0
-285 464 0
685 -64 0
-285 580 0
685 -180 0
-285 572 0
685 -172 0
700 -285 0
685 -300 0
-285 643 0
685 -243 0
-285 727 0
685 -327 0
744 -285 0
685 -344 0
-285 733 0
685 -333 0
-285 757 0
685 -357 0
-285 759 0
685 -359 0
-727 -744 -733 -572 -700 -580 -643 -759 -757 -464 285 0
327 172 333 -685 180 359 64 357 243 300 344 0
-286 -686 0
-286 488 0
686 -88 0
-286 477 0
686 -77 0
454 -286 0
-54 686 0
-286 682 0
686 -282 0
-286 561 0
686 -161 0
-286 750 0
686 -350 0
574 -286 0
686 -174 0
742 -286 0
686 -342 0
-286 727 0
686 -327 0
-286 754 0
686 -354 0
327 -686 54 282 354 88 350 161 342 174 77 0
-287 -687 0
-287 425 0
-25 687 0
621 -287 0
687 -221 0
456 -287 0
-56 687 0
640 -287 0
-240 687 0
727 -287 0
-327 687 0
705 -287 0
687 -305 0
-705 -640 -727 -621 -456 -425 287 -533 0
25 221 56 -687 240 305 327 133 0
-288 -688 0
645 -288 0
-245 688 0
-288 747 0
688 -347 0
762 -288 0
688 -362 0
-288 439 0
-39 688 0
-288 488 0
688 -88 0
-288 489 0
688 -89 0
581 -288 0
-181 688 0
697 -288 0
-297 688 0
-288 462 0
-62 688 0
-288 604 0
688 -204 0
749 -288 0
-349 688 0
-747 -604 -489 -462 -645 -439 -762 288 -488 -749 -697 -581 0
39 88 347 204 245 -688 89 181 297 62 362 349 0
-289 -689 0
431 -289 0
-31 689 0
520 -289 0
-120 689 0
-289 470 0
-70 689 0
475 -289 0
-75 689 0
-289 569 0
689 -169 0
-289 730 0
689 -330 0
785 -289 0
689 -385 0
-431 -730 289 -475 -569 -470 -520 -785 0
75 31 385 -689 70 330 169 120 0
-290 -690 0
-290 530 0
690 -130 0
-290 485 0
690 -85 0
-290 422 0
690 -22 0
-290 448 0
690 -48 0
442 -290 0
-42 690 0
-290 667 0
690 -267 0
-290 497 0
690 -97 0
-290 665 0
690 -265 0
-497 -448 -665 -442 -530 -422 290 -667 -485 0
42 97 265 -690 48 267 130 22 85 0
-291 -691 0
-291 427 0
691 -27 0
-291 418 0
691 -18 0
-291 457 0
-57 691 0
-291 465 0
691 -65 0
-291 447 0
691 -47 0
-291 677 0
691 -277 0
-291 676 0
691 -276 0
-291 707 0
-307 691 0
-291 768 0
691 -368 0
-418 291 -676 -677 -447 -457 -427 -707 -768 -465 0
47 57 18 65 277 368 276 307 27 -691 0
-292 -692 0
482 -292 0
-82 692 0
-292 530 0
692 -130 0
590 -292 0
-190 692 0
-292 647 0
692 -247 0
-292 637 0
692 -237 0
-637 -530 -647 -482 292 -590 0
-692 82 247 237 130 190 0
-293 -693 0
-293 625 0
-225 693 0
720 -293 0
693 -320 0
-293 795 0
693 -395 0
675 -293 0
-275 693 0
-293 453 0
-53 693 0
559 -293 0
-159 693 0
771 -293 0
-371 693 0
-625 293 -675 -795 -559 -771 -453 -720 0
-693 320 395 225 159 275 53 371 0
-294 -694 0
-294 405 0
694 -5 0
-294 620 0
694 -220 0
-294 571 0
694 -171 0
-294 607 0
694 -207 0
-607 -620 -405 294 -571 0
220 207 -694 5 171 0
-295 -695 0
-295 439 0
-39 695 0
-295 403 0
695 -3 0
471 -295 0
-71 695 0
-295 566 0
695 -166 0
621 -295 0
-221 695 0
-295 549 0
-149 695 0
-295 459 0
695 -59 0
-295 677 0
695 -277 0
-295 689 0
695 -289 0
-295 648 0
695 -248 0
-295 754 0
695 -354 0
-403 -459 295 -677 -566 -648 -471 -549 -621 -439 -689 -754 0
289 248 3 277 166 39 354 59 149 221 71 -695 0
-696 -296 0
467 -296 0
-67 696 0
413 -296 0
-13 696 0
675 -296 0
-275 696 0
451 -296 0
-51 696 0
469 -296 0
696 -69 0
462 -296 0
-62 696 0
-296 714 0
696 -314 0
629 -296 0
-229 696 0
654 -296 0
696 -254 0
690 -296 0
-290 696 0
-469 -714 296 -451 -413 -675 -629 -654 -690 -467 -462 0
51 314 -696 69 254 62 13 229 275 67 290 0
-297 -697 0
-297 642 0
697 -242 0
735 -297 0
697 -335 0
407 -297 0
-7 697 0
464 -297 0
697 -64 0
621 -297 0
-221 697 0
-297 422 0
697 -22 0
-297 684 0
697 -284 0
-297 571 0
-171 697 0
-464 297 -642 -407 -422 -684 -621 -571 -735 0
242 171 64 -697 7 335 284 221 22 0
-298 -698 0
402 -298 0
-2 698 0
562 -298 0
-162 698 0
624 -298 0
-224 698 0
553 -298 0
-153 698 0
-298 497 0
698 -97 0
681 -298 0
-281 698 0
-681 -562 -624 -553 -497 -402 298 -701 0
-698 153 2 97 162 224 281 301 0
-299 -699 0
-299 478 0
699 -78 0
-299 519 0
699 -119 0
-299 445 0
699 -45 0
-299 626 0
706 -299 0
-306 699 0
-299 717 0
699 -317 0
707 -299 0
-307 699 0
-445 -706 299 -478 -519 -707 -626 -717 0
119 45 -699 78 306 317 226 307 0
-300 -700 0
-300 480 0
-80 700 0
423 -300 0
-23 700 0
-300 594 0
700 -194 0
684 -300 0
-284 700 0
583 -300 0
-183 700 0
494 -300 0
-94 700 0
678 -300 0
-278 700 0
619 -300 0
-219 700 0
569 -300 0
-169 700 0
-300 575 0
700 -175 0
-583 -678 300 -494 -569 -684 -423 -594 -575 -619 -480 0
278 -700 80 94 183 219 194 23 284 175 169 0
-301 -701 0
701 -393 0
-302 -702 0
407 -302 0
-7 702 0
502 -302 0
-102 702 0
-302 497 0
702 -97 0
-302 643 0
-243 702 0
705 -302 0
702 -305 0
764 -302 0
-364 702 0
-705 -643 -497 -407 302 -764 -502 0
305 -702 364 97 243 102 7 0
-303 -703 0
-303 480 0
-80 703 0
472 -303 0
-72 703 0
-303 487 0
-87 703 0
-303 594 0
703 -194 0
675 -303 0
-275 703 0
-303 448 0
-48 703 0
-303 627 0
-227 703 0
527 -303 0
-127 703 0
634 -303 0
-234 703 0
-634 303 -627 -594 -448 -472 -675 -527 -480 -487 0
234 -703 48 227 87 127 72 275 194 80 0
-304 -704 0
-304 452 0
704 -52 0
-304 479 0
704 -79 0
-304 613 0
704 -213 0
-304 668 0
704 -268 0
-479 -613 304 -452 -668 0
268 52 213 79 -704 0
-305 -705 0
-305 477 0
-77 705 0
-305 647 0
705 -247 0
658 -305 0
-258 705 0
-305 670 0
705 -270 0
619 -305 0
-219 705 0
-305 608 0
705 -208 0
-305 713 0
705 -313 0
-305 732 0
705 -332 0
-305 780 0
705 -380 0
-608 -477 -780 -647 -658 305 -732 -619 -670 -713 0
-705 313 247 77 270 332 208 380 219 258 0
-306 -706 0
-306 478 0
706 -78 0
-306 621 0
706 -221 0
-306 795 0
706 -395 0
-306 510 0
706 -110 0
-306 456 0
706 -56 0
450 -306 0
-50 706 0
-306 703 0
706 -303 0
721 -306 0
-321 706 0
-306 736 0
706 -336 0
-306 642 0
706 -242 0
-306 776 0
706 -376 0
709 -306 0
-309 706 0
-306 763 0
706 -363 0
-706 303 110 376 309 363 395 50 321 221 78 336 56 242 0
-307 -707 0
-307 484 0
707 -84 0
-307 473 0
707 -73 0
-307 541 0
707 -141 0
-307 483 0
707 -83 0
-307 554 0
707 -154 0
-307 466 0
707 -66 0
-307 734 0
707 -334 0
-307 640 0
707 -240 0
-307 636 0
707 -236 0
-307 751 0
707 -351 0
-640 -541 -554 -636 -473 -483 -484 -734 307 -751 -466 0
154 73 236 66 240 334 141 -707 84 351 83 0
-708 -308 0
460 -308 0
708 -60 0
-308 451 0
708 -51 0
644 -308 0
-244 708 0
-308 687 0
708 -287 0
710 -308 0
-310 708 0
-308 777 0
708 -377 0
-777 -687 -451 -460 -644 308 -710 0
-708 377 51 60 244 287 310 0
-309 -709 0
-309 408 0
-8 709 0
-309 536 0
-136 709 0
-309 474 0
709 -74 0
457 -309 0
-57 709 0
-309 519 0
709 -119 0
510 -309 0
709 -110 0
-309 616 0
709 -216 0
-309 515 0
709 -115 0
-309 600 0
709 -200 0
663 -309 0
-263 709 0
309 -515 -474 -616 -519 -600 -457 -536 -408 -510 -663 0
-709 216 74 115 57 8 119 136 200 263 110 0
-310 -710 0
408 -310 0
710 -8 0
-310 602 0
710 -202 0
495 -310 0
710 -95 0
-310 524 0
710 -124 0
-310 618 0
710 -218 0
649 -310 0
710 -249 0
-310 749 0
710 -349 0
-310 775 0
710 -375 0
-310 672 0
710 -272 0
-775 310 -602 -618 -672 -749 -649 -495 -408 -524 0
375 -710 249 8 218 95 349 202 272 124 0
-311 -711 0
476 -311 0
-76 711 0
-311 754 0
711 -354 0
-311 773 0
711 -373 0
-773 -476 -754 311 0
-711 354 76 373 0
-312 -712 0
-312 526 0
712 -126 0
-312 469 0
712 -69 0
-312 700 0
712 -300 0
619 -312 0
-219 712 0
663 -312 0
-263 712 0
776 -312 0
-376 712 0
735 -312 0
712 -335 0
-312 757 0
712 -357 0
-469 -757 -619 312 -700 -663 -735 -776 -526 0
335 357 69 126 -712 300 219 263 376 0
-313 -713 0
-313 655 0
713 -255 0
785 -313 0
-385 713 0
-313 725 0
-325 713 0
-313 729 0
-329 713 0
762 -313 0
-362 713 0
-785 -762 -729 -725 -655 313 -652 0
-713 255 329 325 362 385 252 0
-714 -314 0
417 -314 0
-17 714 0
451 -314 0
-51 714 0
527 -314 0
-127 714 0
500 -314 0
-100 714 0
699 -314 0
-299 714 0
755 -314 0
-355 714 0
694 -314 0
-294 714 0
725 -314 0
-325 714 0
780 -314 0
-380 714 0
314 -417 -451 -780 -725 -694 -755 -527 -699 -500 0
380 -714 299 51 127 325 17 294 100 355 0
-315 -715 0
715 -393 0
-316 -716 0
467 -316 0
716 -67 0
-316 799 0
-399 716 0
-316 465 0
716 -65 0
-316 718 0
716 -318 0
-316 730 0
716 -330 0
-316 771 0
-371 716 0
-316 763 0
716 -363 0
-730 -465 316 -467 -771 -718 -799 -763 0
330 -716 65 363 318 399 371 67 0
-317 -717 0
-317 414 0
-14 717 0
-317 606 0
717 -206 0
671 -317 0
-271 717 0
-317 734 0
717 -334 0
-317 736 0
717 -336 0
681 -317 0
717 -281 0
-317 747 0
717 -347 0
-747 -736 -734 -681 -671 -606 -414 317 -533 0
-717 206 14 271 281 334 336 347 133 0
-318 -718 0
-318 632 0
-232 718 0
-318 799 0
-399 718 0
562 -318 0
-162 718 0
-318 580 0
718 -180 0
-318 548 0
718 -148 0
-318 444 0
-44 718 0
-318 604 0
-204 718 0
-318 713 0
-313 718 0
-318 786 0
-386 718 0
-799 -713 -786 -632 -604 -580 -562 -548 -444 318 -796 0
-718 162 44 148 180 204 232 313 386 399 396 0
-719 -319 0
406 -319 0
-6 719 0
490 -319 0
-90 719 0
606 -319 0
719 -206 0
558 -319 0
-158 719 0
549 -319 0
-149 719 0
551 -319 0
-151 719 0
610 -319 0
-210 719 0
725 -319 0
-325 719 0
-606 319 -551 -406 -725 -610 -490 -549 -558 0
-719 158 151 206 210 6 325 90 149 0
-720 -320 0
404 -320 0
720 -4 0
403 -320 0
720 -3 0
-320 406 0
720 -6 0
667 -320 0
720 -267 0
613 -320 0
720 -213 0
-320 600 0
720 -200 0
-667 -403 -404 320 -613 -406 -600 0
213 4 267 6 3 -720 200 0
-321 -721 0
-321 558 0
721 -158 0
-321 799 0
721 -399 0
-321 795 0
721 -395 0
-321 487 0
721 -87 0
-321 697 0
721 -297 0
-321 638 0
721 -238 0
-321 700 0
721 -300 0
-321 518 0
721 -118 0
-321 494 0
721 -94 0
-321 662 0
721 -262 0
-662 -697 -558 -494 321 -518 -487 -799 -795 -638 -700 0
94 297 262 395 238 118 158 399 -721 87 300 0
-322 -722 0
-322 409 0
722 -9 0
-322 419 0
722 -19 0
420 -322 0
-20 722 0
-322 546 0
722 -146 0
537 -322 0
-137 722 0
-322 459 0
722 -59 0
-322 713 0
722 -313 0
-322 770 0
722 -370 0
-322 773 0
722 -373 0
-322 768 0
722 -368 0
784 -322 0
-384 722 0
-773 -770 -784 -768 -713 -546 -537 -459 -420 -419 -409 322 -715 0
20 9 19 -722 59 137 146 313 368 370 373 384 315 0
-323 -723 0
-323 480 0
-80 723 0
-323 594 0
723 -194 0
658 -323 0
-258 723 0
-323 580 0
723 -180 0
-323 718 0
723 -318 0
599 -323 0
-199 723 0
747 -323 0
-347 723 0
-747 -658 323 -480 -718 -580 -594 -599 0
-723 258 347 180 80 199 318 194 0
-324 -724 0
572 -324 0
-172 724 0
-324 665 0
724 -265 0
-324 575 0
-175 724 0
694 -324 0
-294 724 0
-324 729 0
-329 724 0
732 -324 0
-332 724 0
-572 324 -694 -665 -732 -575 -729 0
175 332 -724 172 294 265 329 0
-325 -725 0
-325 401 0
725 -1 0
628 -325 0
725 -228 0
-325 682 0
-282 725 0
663 -325 0
-263 725 0
767 -325 0
-367 725 0
-401 -767 325 -682 -628 -663 0
282 228 -725 1 263 367 0
-326 -726 0
-326 401 0
726 -1 0
-326 492 0
726 -92 0
-326 575 0
726 -175 0
-326 735 0
726 -335 0
-326 739 0
726 -339 0
-401 -492 -739 -735 326 -575 0
175 1 339 -726 92 335 0
-327 -727 0
584 -327 0
-184 727 0
678 -327 0
-278 727 0
-327 564 0
-164 727 0
672 -327 0
-272 727 0
-584 327 -678 -672 -564 0
184 -727 278 272 164 0
-328 -728 0
486 -328 0
-86 728 0
-328 549 0
-149 728 0
-328 522 0
-122 728 0
671 -328 0
728 -271 0
684 -328 0
728 -284 0
590 -328 0
728 -190 0
-328 738 0
728 -338 0
743 -328 0
-343 728 0
-328 755 0
728 -355 0
-328 654 0
728 -254 0
-328 777 0
728 -377 0
732 -328 0
728 -332 0
-328 754 0
728 -354 0
-777 -754 -755 -743 -738 -732 -684 -671 -654 -590 -549 -522 -486 328 -543 0
122 254 86 149 190 -728 271 284 332 338 343 354 355 377 143 0
-329 -729 0
-329 530 0
-130 729 0
505 -329 0
-105 729 0
697 -329 0
-297 729 0
590 -329 0
-190 729 0
-329 723 0
-323 729 0
569 -329 0
-169 729 0
609 -329 0
-209 729 0
676 -329 0
-276 729 0
720 -329 0
-320 729 0
-723 -697 -569 329 -720 -609 -530 -590 -676 -505 0
320 -729 130 105 297 323 276 209 190 169 0
-330 -730 0
-330 525 0
730 -125 0
518 -330 0
-118 730 0
-330 755 0
-355 730 0
-330 636 0
730 -236 0
-525 -518 330 -755 -636 0
118 -730 125 236 355 0
-331 -731 0
-331 798 0
-398 731 0
734 -331 0
-334 731 0
637 -331 0
731 -237 0
-331 639 0
-239 731 0
-637 -734 331 -639 -798 0
-731 334 398 239 237 0
-332 -732 0
435 -332 0
-35 732 0
434 -332 0
-34 732 0
-332 488 0
-88 732 0
499 -332 0
-99 732 0
-332 627 0
732 -227 0
504 -332 0
-104 732 0
459 -332 0
-59 732 0
500 -332 0
-100 732 0
779 -332 0
-379 732 0
-332 729 0
732 -329 0
735 -332 0
732 -335 0
759 -332 0
-359 732 0
332 -779 -435 -488 -627 -500 -499 -729 -735 -759 -459 -434 -504 0
-732 379 88 35 359 59 99 227 34 335 100 104 329 0
-333 -733 0
428 -333 0
-28 733 0
663 -333 0
-263 733 0
749 -333 0
-349 733 0
-333 633 0
733 -233 0
-663 -749 333 -633 -428 0
28 349 233 -733 263 0
-334 -734 0
547 -334 0
-147 734 0
-334 604 0
-204 734 0
-334 634 0
734 -234 0
603 -334 0
734 -203 0
-334 732 0
734 -332 0
-732 -604 334 -634 -603 -547 0
-734 203 204 234 332 147 0
-335 -735 0
606 -335 0
735 -206 0
558 -335 0
735 -158 0
456 -335 0
-56 735 0
733 -335 0
735 -333 0
676 -335 0
735 -276 0
768 -335 0
735 -368 0
-768 -733 -606 -456 -676 335 -558 0
-735 276 333 56 206 368 158 0
-336 -736 0
463 -336 0
-63 736 0
-336 577 0
736 -177 0
-336 506 0
736 -106 0
-336 634 0
736 -234 0
-336 655 0
736 -255 0
-336 718 0
736 -318 0
-336 740 0
736 -340 0
-336 748 0
-348 736 0
-336 747 0
736 -347 0
-747 -748 -740 -634 336 -655 -506 -463 -718 -577 0
177 348 347 234 255 106 340 318 63 -736 0
-337 -737 0
573 -337 0
-173 737 0
427 -337 0
-27 737 0
682 -337 0
-282 737 0
454 -337 0
-54 737 0
557 -337 0
-157 737 0
716 -337 0
-316 737 0
645 -337 0
-245 737 0
774 -337 0
-374 737 0
702 -337 0
-302 737 0
760 -337 0
-360 737 0
337 -702 -645 -557 -573 -427 -682 -454 -716 -760 -774 0
-737 282 360 173 27 374 157 54 302 316 245 0
-338 -738 0
486 -338 0
-86 738 0
430 -338 0
738 -30 0
-338 479 0
738 -79 0
-338 469 0
738 -69 0
682 -338 0
-282 738 0
572 -338 0
-172 738 0
753 -338 0
-353 738 0
742 -338 0
-342 738 0
-338 668 0
-268 738 0
-338 711 0
-311 738 0
-742 -711 -753 -682 -668 -572 -486 -479 -469 -430 338 -745 0
-738 30 69 79 86 172 268 282 311 342 353 345 0
-339 -739 0
437 -339 0
-37 739 0
532 -339 0
-132 739 0
750 -339 0
-350 739 0
-339 655 0
739 -255 0
-655 -750 339 -532 -437 0
37 350 255 132 -739 0
-340 -740 0
-340 566 0
-166 740 0
-340 529 0
-129 740 0
-340 660 0
-260 740 0
-340 730 0
740 -330 0
-340 774 0
-374 740 0
-340 786 0
740 -386 0
-566 -529 340 -786 -730 -660 -774 0
260 129 -740 386 330 374 166 0
-341 -741 0
475 -341 0
-75 741 0
-341 635 0
-235 741 0
-341 731 0
741 -331 0
-341 738 0
-338 741 0
-341 749 0
-349 741 0
785 -341 0
-385 741 0
341 -749 -635 -738 -731 -475 -785 0
75 -741 331 235 349 338 385 0
-342 -742 0
-342 566 0
742 -166 0
621 -342 0
742 -221 0
495 -342 0
-95 742 0
-342 670 0
742 -270 0
-342 692 0
-292 742 0
589 -342 0
-189 742 0
689 -342 0
742 -289 0
646 -342 0
-246 742 0
746 -342 0
742 -346 0
-342 788 0
742 -388 0
342 -670 -746 -566 -692 -788 -646 -589 -495 -689 -621 0
189 388 246 289 346 -742 292 166 270 95 221 0
-343 -743 0
-343 436 0
743 -36 0
544 -343 0
743 -144 0
-343 526 0
743 -126 0
-343 514 0
743 -114 0
-343 511 0
415 -343 0
743 -15 0
-343 553 0
743 -153 0
456 -343 0
-56 743 0
560 -343 0
743 -160 0
-343 750 0
743 -350 0
-343 677 0
743 -277 0
-456 -526 -677 343 -553 -750 -415 -560 -514 -436 -511 -544 0
-743 126 114 350 153 277 15 56 144 160 36 111 0
-344 -744 0
-344 424 0
744 -24 0
-344 422 0
744 -22 0
-344 679 0
744 -279 0
510 -344 0
-110 744 0
-344 696 0
744 -296 0
-344 552 0
744 -152 0
740 -344 0
-340 744 0
-344 755 0
744 -355 0
-344 722 0
-322 744 0
-344 770 0
744 -370 0
-552 -770 344 -424 -422 -696 -722 -755 -510 -679 -740 0
152 -744 24 296 110 355 322 22 279 370 340 0
-345 -745 0
745 -393 0
-346 -746 0
-346 439 0
-39 746 0
-346 724 0
746 -324 0
-346 739 0
746 -339 0
-346 747 0
746 -347 0
758 -346 0
746 -358 0
-747 -439 -758 -739 346 -724 0
-746 39 324 347 358 339 0
-347 -747 0
-347 461 0
-61 747 0
-347 487 0
747 -87 0
-347 798 0
-398 747 0
525 -347 0
-125 747 0
531 -347 0
-131 747 0
716 -347 0
-316 747 0
726 -347 0
-326 747 0
-347 751 0
747 -351 0
-525 -751 347 -461 -716 -487 -531 -726 -798 0
-747 351 125 316 326 61 87 398 131 0
-348 -748 0
-348 606 0
748 -206 0
-348 594 0
748 -194 0
-348 517 0
748 -117 0
-348 688 0
748 -288 0
-348 622 0
748 -222 0
-348 731 0
748 -331 0
-348 702 0
748 -302 0
-688 -731 -702 -622 -606 -594 -517 348 -701 0
-748 117 194 206 222 288 302 331 301 0
-349 -749 0
438 -349 0
-38 749 0
-349 606 0
749 -206 0
-349 635 0
-235 749 0
-349 692 0
749 -292 0
-349 660 0
-260 749 0
-349 718 0
749 -318 0
-349 727 0
-327 749 0
-349 725 0
749 -325 0
-727 -606 -635 -725 349 -438 -692 -660 -718 0
327 -749 206 292 318 325 260 38 235 0
-350 -750 0
467 -350 0
750 -67 0
443 -350 0
-43 750 0
615 -350 0
-215 750 0
-350 448 0
-48 750 0
650 -350 0
750 -250 0
641 -350 0
750 -241 0
753 -350 0
-353 750 0
691 -350 0
-291 750 0
771 -350 0
-371 750 0
756 -350 0
-356 750 0
-753 -448 350 -443 -641 -691 -650 -467 -756 -771 -615 0
-750 43 48 353 241 215 371 250 291 67 356 0
-351 -751 0
412 -351 0
-12 751 0
-351 429 0
751 -29 0
466 -351 0
-66 751 0
-351 548 0
-148 751 0
-351 722 0
-322 751 0
724 -351 0
-324 751 0
-412 351 -724 -429 -722 -466 -548 0
-751 66 29 12 324 148 322 0
-352 -752 0
-352 588 0
752 -188 0
-352 479 0
752 -79 0
460 -352 0
752 -60 0
495 -352 0
-95 752 0
769 -352 0
752 -369 0
-352 739 0
752 -339 0
764 -352 0
-364 752 0
-764 -739 -769 -588 -495 -479 -460 352 -543 0
364 79 -752 95 188 339 60 369 143 0
-353 -753 0
-353 536 0
753 -136 0
-353 514 0
753 -114 0
601 -353 0
-201 753 0
-353 647 0
753 -247 0
-353 619 0
753 -219 0
-353 731 0
753 -331 0
-353 740 0
753 -340 0
-353 664 0
753 -264 0
-353 771 0
753 -371 0
-731 -514 -664 -619 353 -771 -740 -647 -536 -601 0
264 340 331 114 219 371 -753 201 247 136 0
-354 -754 0
-354 401 0
754 -1 0
436 -354 0
-36 754 0
443 -354 0
-43 754 0
-354 620 0
754 -220 0
601 -354 0
-201 754 0
-354 444 0
-44 754 0
777 -354 0
754 -377 0
751 -354 0
754 -351 0
-620 -751 -777 -601 -444 -443 -436 -401 354 -441 0
-754 36 1 43 44 201 220 351 377 41 0
-355 -755 0
-355 800 0
755 -400 0
-355 638 0
755 -238 0
-355 708 0
755 -308 0
-355 733 0
755 -333 0
-708 -800 -733 -638 355 -652 0
308 -755 238 333 400 252 0
-356 -756 0
-356 470 0
756 -70 0
-356 481 0
756 -81 0
457 -356 0
-57 756 0
545 -356 0
-145 756 0
660 -356 0
-260 756 0
592 -356 0
-192 756 0
-356 729 0
-329 756 0
-660 -592 -729 -545 -481 -470 -457 356 -468 0
57 -756 70 81 145 192 260 329 68 0
-357 -757 0
-357 693 0
-293 757 0
-357 644 0
757 -244 0
710 -357 0
757 -310 0
-357 646 0
757 -246 0
-357 719 0
757 -319 0
-719 -646 357 -693 -710 -644 0
293 319 -757 246 244 310 0
-758 -358 0
473 -358 0
758 -73 0
615 -358 0
758 -215 0
572 -358 0
758 -172 0
704 -358 0
758 -304 0
528 -358 0
758 -128 0
644 -358 0
758 -244 0
626 -358 0
758 -226 0
731 -358 0
758 -331 0
-572 -473 358 -528 -731 -626 -615 -644 -704 0
226 -758 331 73 128 215 172 244 304 0
-359 -759 0
-359 401 0
759 -1 0
-359 644 0
759 -244 0
-359 719 0
759 -319 0
-359 746 0
759 -346 0
-719 -401 359 -644 -746 0
244 319 -759 1 346 0
-360 -760 0
414 -360 0
-14 760 0
419 -360 0
-19 760 0
426 -360 0
-26 760 0
570 -360 0
-170 760 0
519 -360 0
-119 760 0
524 -360 0
-124 760 0
691 -360 0
-291 760 0
569 -360 0
-169 760 0
610 -360 0
760 -210 0
762 -360 0
-362 760 0
-426 360 -610 -419 -519 -414 -691 -569 -524 -570 -762 0
170 -760 14 124 26 169 19 119 291 210 362 0
-361 -761 0
-361 471 0
-71 761 0
-361 418 0
-18 761 0
-361 584 0
761 -184 0
-361 542 0
-142 761 0
-361 656 0
761 -256 0
-361 612 0
761 -212 0
-361 633 0
761 -233 0
-361 763 0
761 -363 0
-361 770 0
761 -370 0
-763 -656 -770 -633 -612 -584 -542 -471 -418 361 -441 0
71 18 -761 142 184 212 233 256 363 370 41 0
-362 -762 0
-362 401 0
762 -1 0
734 -362 0
762 -334 0
-362 506 0
762 -106 0
-362 669 0
762 -269 0
-362 733 0
762 -333 0
-362 636 0
762 -236 0
362 -401 -734 -636 -506 -669 -733 0
269 -762 333 1 236 334 106 0
-763 -363 0
514 -363 0
-114 763 0
491 -363 0
-91 763 0
588 -363 0
-188 763 0
469 -363 0
-69 763 0
597 -363 0
-197 763 0
626 -363 0
-226 763 0
552 -363 0
-152 763 0
762 -363 0
-362 763 0
768 -363 0
-368 763 0
-552 363 -762 -514 -597 -626 -768 -469 -588 -491 0
-763 114 91 152 188 362 226 368 197 69 0
-364 -764 0
-364 480 0
764 -80 0
-364 627 0
764 -227 0
-364 656 0
764 -256 0
-364 653 0
764 -253 0
-364 737 0
764 -337 0
-364 629 0
764 -229 0
-364 759 0
-359 764 0
364 -656 -480 -629 -653 -627 -737 -759 0
256 229 -764 80 227 253 359 337 0
-765 -365 0
433 -365 0
-33 765 0
443 -365 0
765 -43 0
602 -365 0
765 -202 0
598 -365 0
765 -198 0
511 -365 0
765 -111 0
463 -365 0
-63 765 0
469 -365 0
765 -69 0
494 -365 0
765 -94 0
564 -365 0
765 -164 0
552 -365 0
765 -152 0
636 -365 0
765 -236 0
779 -365 0
-379 765 0
664 -365 0
765 -264 0
729 -365 0
765 -329 0
739 -365 0
765 -339 0
761 -365 0
-361 765 0
-366 -766 0
-366 484 0
766 -84 0
-366 418 0
766 -18 0
-366 493 0
766 -93 0
-366 453 0
766 -53 0
-366 737 0
766 -337 0
-366 776 0
766 -376 0
-776 -453 -418 -493 366 -484 -737 0
-766 53 18 93 376 337 84 0
-367 -767 0
-367 401 0
767 -1 0
-367 417 0
767 -17 0
-367 536 0
767 -136 0
-367 529 0
767 -129 0
-367 457 0
767 -57 0
-367 450 0
767 -50 0
579 -367 0
767 -179 0
-367 718 0
767 -318 0
-367 711 0
767 -311 0
-367 735 0
767 -335 0
759 -367 0
-359 767 0
-457 -401 -735 -536 367 -759 -711 -718 -579 -450 -417 -529 0
129 57 311 1 335 -767 318 359 179 17 136 50 0
-368 -768 0
445 -368 0
-45 768 0
-368 564 0
-164 768 0
662 -368 0
768 -262 0
762 -368 0
-362 768 0
767 -368 0
-367 768 0
-662 368 -445 -762 -767 -564 0
-768 45 362 164 262 367 0
-369 -769 0
547 -369 0
-147 769 0
570 -369 0
-170 769 0
620 -369 0
-220 769 0
510 -369 0
-110 769 0
721 -369 0
-321 769 0
694 -369 0
-294 769 0
720 -369 0
-320 769 0
-369 719 0
769 -319 0
-620 -547 369 -510 -719 -570 -721 -694 -720 0
321 320 -769 319 170 110 294 147 220 0
-370 -770 0
414 -370 0
770 -14 0
632 -370 0
770 -232 0
442 -370 0
-42 770 0
-370 698 0
770 -298 0
762 -370 0
-362 770 0
-370 763 0
770 -363 0
-698 370 -632 -442 -763 -762 -414 0
-770 42 232 363 298 14 362 0
-371 -771 0
-371 480 0
771 -80 0
-371 478 0
771 -78 0
-371 461 0
771 -61 0
-371 487 0
-87 771 0
-371 457 0
-57 771 0
-371 597 0
771 -197 0
-371 542 0
-142 771 0
-371 674 0
771 -274 0
-371 634 0
771 -234 0
-371 655 0
771 -255 0
-371 776 0
771 -376 0
-371 668 0
771 -268 0
-371 672 0
-272 771 0
-371 763 0
771 -363 0
-597 371 -542 -672 -457 -634 -763 -655 -668 -487 -776 -674 -461 -478 -480 0
376 234 57 78 274 255 268 -771 142 87 272 80 197 363 61 0
-372 -772 0
-372 404 0
772 -4 0
-372 439 0
-39 772 0
-372 526 0
772 -126 0
-372 799 0
-399 772 0
562 -372 0
772 -162 0
-372 619 0
772 -219 0
-372 578 0
772 -178 0
-372 592 0
772 -192 0
-372 775 0
772 -375 0
-372 776 0
772 -376 0
680 -372 0
-280 772 0
-562 -775 -592 372 -578 -680 -526 -619 -776 -439 -404 -799 0
376 375 126 -772 280 192 4 178 39 399 219 162 0
-373 -773 0
-373 480 0
773 -80 0
440 -373 0
-40 773 0
-373 594 0
773 -194 0
-373 798 0
-398 773 0
674 -373 0
-274 773 0
446 -373 0
-46 773 0
618 -373 0
-218 773 0
-373 782 0
-382 773 0
-440 -480 373 -782 -618 -798 -446 -594 -674 0
-773 382 46 194 80 398 274 218 40 0
-374 -774 0
-374 471 0
-71 774 0
428 -374 0
-28 774 0
-374 452 0
774 -52 0
-374 693 0
774 -293 0
-374 631 0
774 -231 0
-374 613 0
774 -213 0
-374 665 0
774 -265 0
-374 642 0
774 -242 0
-693 -613 374 -428 -452 -631 -642 -471 -665 0
71 52 -774 213 293 231 28 265 242 0
-375 -775 0
438 -375 0
-38 775 0
644 -375 0
-244 775 0
673 -375 0
-273 775 0
717 -375 0
-317 775 0
736 -375 0
-336 775 0
-644 375 -717 -673 -736 -438 0
-775 244 317 336 38 273 0
-376 -776 0
437 -376 0
-37 776 0
-376 459 0
776 -59 0
-376 556 0
776 -156 0
-376 723 0
776 -323 0
-376 555 0
776 -155 0
-376 608 0
776 -208 0
709 -376 0
776 -309 0
764 -376 0
-364 776 0
376 -459 -764 -709 -555 -556 -723 -437 -608 0
59 156 364 323 37 309 -776 155 208 0
-377 -777 0
475 -377 0
-75 777 0
674 -377 0
-274 777 0
512 -377 0
-112 777 0
-377 731 0
-331 777 0
771 -377 0
-371 777 0
-377 668 0
-268 777 0
-377 698 0
-298 777 0
-377 748 0
-348 777 0
746 -377 0
-346 777 0
-512 -771 377 -668 -731 -475 -746 -698 -748 -674 0
-777 371 331 298 75 274 348 112 346 268 0
-378 -778 0
482 -378 0
-82 778 0
-378 632 0
-232 778 0
-378 797 0
-397 778 0
-378 522 0
-122 778 0
-378 714 0
778 -314 0
-378 571 0
-171 778 0
785 -378 0
-385 778 0
-785 -797 -714 -632 -571 -522 -482 378 -701 0
171 82 -778 122 232 314 385 397 301 0
-379 -779 0
-379 424 0
779 -24 0
-379 483 0
779 -83 0
-379 688 0
779 -288 0
-379 524 0
779 -124 0
-379 666 0
779 -266 0
-379 508 0
779 -108 0
-379 699 0
779 -299 0
-379 575 0
779 -175 0
-379 772 0
779 -372 0
-379 774 0
779 -374 0
-379 762 0
779 -362 0
-666 -774 -699 -424 -575 -508 -762 379 -483 -772 -688 -524 0
83 374 266 24 124 175 108 372 -779 362 299 288 0
-380 -780 0
-380 439 0
-39 780 0
-380 679 0
-279 780 0
-380 444 0
-44 780 0
-380 557 0
-157 780 0
695 -380 0
-295 780 0
-380 698 0
780 -298 0
-679 -557 380 -439 -698 -695 -444 0
44 279 -780 157 39 298 295 0
-781 -381 0
449 -381 0
-49 781 0
621 -381 0
-221 781 0
554 -381 0
-154 781 0
638 -381 0
781 -238 0
-381 503 0
781 -103 0
737 -381 0
781 -337 0
556 -381 0
-156 781 0
551 -381 0
-151 781 0
752 -381 0
781 -352 0
764 -381 0
-364 781 0
-556 381 -638 -752 -737 -554 -621 -764 -449 -503 -551 0
156 154 -781 221 352 238 364 103 151 49 337 0
-382 -782 0
-382 485 0
782 -85 0
-382 792 0
-392 782 0
-382 558 0
-158 782 0
-382 696 0
782 -296 0
678 -382 0
782 -278 0
-382 657 0
782 -257 0
-657 -792 382 -696 -485 -558 -678 0
392 -782 85 296 158 257 278 0
-383 -783 0
-383 430 0
783 -30 0
558 -383 0
783 -158 0
-383 573 0
-173 783 0
-383 507 0
783 -107 0
-383 723 0
783 -323 0
-383 778 0
-378 783 0
-383 748 0
783 -348 0
-723 -430 -573 -778 383 -507 -558 -748 0
30 173 323 378 107 -783 158 348 0
-384 -784 0
-384 526 0
784 -126 0
-384 455 0
784 -55 0
-384 483 0
784 -83 0
-384 631 0
784 -231 0
-384 638 0
784 -238 0
-384 583 0
784 -183 0
-384 556 0
784 -156 0
-384 782 0
784 -382 0
-526 -638 -782 384 -583 -483 -556 -631 -455 0
55 -784 238 83 183 126 382 156 231 0
-385 -785 0
-385 409 0
785 -9 0
-385 679 0
785 -279 0
-385 557 0
785 -157 0
-385 777 0
785 -377 0
676 -385 0
-276 785 0
-385 711 0
785 -311 0
759 -385 0
-359 785 0
-711 -409 -676 385 -777 -557 -759 -679 0
9 279 377 276 359 311 157 -785 0
-386 -786 0
413 -386 0
-13 786 0
-386 632 0
786 -232 0
-386 656 0
786 -256 0
-656 -413 -632 386 -796 0
256 -786 232 13 396 0
-387 -787 0
-387 484 0
787 -84 0
-387 416 0
787 -16 0
-387 487 0
787 -87 0
-387 454 0
787 -54 0
601 -387 0
787 -201 0
-387 450 0
787 -50 0
-387 465 0
787 -65 0
753 -387 0
787 -353 0
-387 695 0
787 -295 0
-387 608 0
787 -208 0
-387 729 0
787 -329 0
-387 784 0
787 -384 0
295 -787 329 384 84 208 16 201 353 87 50 54 65 0
-388 -788 0
481 -388 0
788 -81 0
674 -388 0
-274 788 0
527 -388 0
-127 788 0
-388 737 0
788 -337 0
709 -388 0
-309 788 0
782 -388 0
-382 788 0
-737 -709 -782 -674 -527 -481 388 -468 0
-788 81 127 274 309 337 382 68 0
-389 -789 0
-389 459 0
789 -59 0
-389 509 0
789 -109 0
-389 556 0
-156 789 0
-389 576 0
789 -176 0
589 -389 0
-189 789 0
-389 723 0
789 -323 0
-389 642 0
789 -242 0
645 -389 0
-245 789 0
-389 676 0
-276 789 0
-389 782 0
789 -382 0
-389 786 0
-386 789 0
-576 -642 -782 -676 -645 -459 389 -589 -786 -509 -556 -723 0
242 176 382 276 -789 156 59 386 189 323 109 245 0
-790 -390 0
-390 526 0
-126 790 0
-390 425 0
-25 790 0
505 -390 0
-105 790 0
671 -390 0
-271 790 0
510 -390 0
-110 790 0
674 -390 0
-274 790 0
739 -390 0
-339 790 0
-390 786 0
790 -386 0
-671 -425 -510 390 -674 -786 -526 -505 -739 0
-790 274 271 110 339 126 25 386 105 0
-391 -791 0
-391 693 0
-293 791 0
-391 576 0
-176 791 0
511 -391 0
-111 791 0
-391 514 0
-114 791 0
-391 795 0
-395 791 0
-795 -693 391 -514 -576 -511 0
-791 114 395 293 176 111 0
-392 -792 0
-392 684 0
-284 792 0
-392 568 0
-168 792 0
-392 609 0
-209 792 0
767 -392 0
-367 792 0
-392 406 0
-6 792 0
-684 -609 -767 -568 -406 392 -794 0
-792 168 6 209 284 367 394 0
-793 -393 0
683 -393 0
-283 793 0
468 -393 0
-68 793 0
652 -393 0
-252 793 0
441 -393 0
-41 793 0
-394 793 0
794 -393 0
-395 -795 0
611 -395 0
-211 795 0
446 -395 0
-46 795 0
-395 571 0
-171 795 0
690 -395 0
-290 795 0
486 -395 0
-86 795 0
-395 427 0
-27 795 0
-486 -427 395 -571 -690 -446 -611 0
-795 171 27 86 46 211 290 0
-396 793 0
796 -393 0
-397 -797 0
-397 606 0
-206 797 0
-397 532 0
-132 797 0
-397 692 0
-292 797 0
-397 646 0
-246 797 0
-397 729 0
-329 797 0
-729 -532 -606 -646 -692 397 0
206 -797 132 329 246 292 0
-398 -798 0
-398 448 0
-48 798 0
-398 469 0
-69 798 0
688 -398 0
-288 798 0
-398 666 0
-266 798 0
-398 565 0
-165 798 0
-398 733 0
-333 798 0
-398 595 0
-195 798 0
681 -398 0
-281 798 0
408 -398 0
-8 798 0
-398 795 0
-395 798 0
-595 398 -733 -565 -469 -681 -795 -408 -688 -448 -666 0
-798 395 266 8 48 333 69 288 281 195 165 0
-399 -799 0
-399 445 0
799 -45 0
-399 747 0
799 -347 0
759 -399 0
799 -359 0
-399 458 0
799 -58 0
-399 792 0
799 -392 0
-399 797 0
-397 799 0
-399 530 0
799 -130 0
-792 -797 -759 -747 -530 -458 -445 399 -794 0
-799 58 45 130 347 359 392 397 394 0
-400 -800 0
-400 465 0
-65 800 0
-400 627 0
-227 800 0
-400 548 0
-148 800 0
436 -400 0
-36 800 0
-465 -548 400 -436 -627 0
-800 36 65 148 227 0
393 0
