p cnf 900 6872 
-301 -258 0
597 -98 0
108 -411 0
487 -7 0
-272 -308 -491 -490 -353 100 -439 503 210 -404 -297 0
309 -258 0
403 -124 0
-359 -239 0
40 301 0
381 -258 0
301 -319 0
175 -539 0
228 -250 0
-138 -258 0
301 -107 0
538 -181 0
301 -87 0
222 -467 0
301 -596 0
277 584 0
-231 296 0
-247 487 0
-2 300 0
-511 302 0
510 -2 0
-426 -510 -554 461 -487 -518 150 -329 -599 4 -429 572 -422 -492 -498 -47 -553 0
-16 576 0
-167 302 0
-2 365 0
-79 302 0
-2 391 0
-16 331 0
-2 392 0
-365 -79 0
-206 306 0
-152 302 0
-468 -310 0
-372 84 -469 -557 -357 -570 -579 -547 -380 -125 -448 -588 0
-2 -198 0
-294 508 531 -67 139 236 -257 -203 242 245 223 -95 -142 44 260 -123 0
2 -497 198 -377 -392 -510 -349 -579 -365 -391 -300 0
-558 315 0
521 -124 0
528 -84 0
-573 300 0
-511 357 0
-508 300 0
557 -89 0
300 -493 0
-511 -481 0
298 300 0
-511 330 0
-335 -35 0
-511 336 0
300 -483 0
-252 416 0
-73 -162 0
-511 570 0
300 367 0
-511 346 0
-26 1 0
213 472 0
300 -105 0
-39 -84 0
-401 -389 0
-511 168 0
-25 466 0
-511 -4 0
159 300 0
-511 378 0
-138 -289 0
-581 541 0
-368 300 0
-378 -168 -330 -357 -570 -133 -352 4 511 481 -346 -336 -405 210 340 -528 -553 0
361 -232 0
-304 -146 0
-262 496 0
479 -3 0
442 -146 0
566 -71 0
224 -146 0
304 -58 0
324 -161 0
-150 439 0
-463 449 0
374 -64 0
302 -539 0
304 -45 0
175 -172 0
304 428 0
-291 -345 0
399 -90 0
363 -146 0
364 -74 0
213 -39 0
304 217 0
476 -56 0
-471 314 0
-5 -305 0
-234 -386 0
-157 527 0
-266 408 0
305 277 0
353 -460 0
564 -143 0
-5 405 0
498 -171 0
330 -20 0
404 -16 0
-5 156 0
564 115 0
-375 363 0
-252 549 0
-5 392 0
305 -539 0
462 -107 0
305 -110 0
-5 -401 0
31 563 0
495 -62 0
552 305 0
-517 572 0
558 185 124 -132 244 539 -552 105 259 -305 110 -277 0
-66 597 0
68 -6 0
-225 457 0
280 -6 0
-252 306 0
108 -5 0
306 -46 0
304 -6 0
306 -146 0
513 -6 0
-183 306 0
-325 -6 0
-25 306 0
168 -247 0
-33 306 0
557 -6 0
-225 599 0
353 -6 0
417 -96 0
545 -6 0
482 -334 0
526 -6 0
228 -28 0
21 -243 200 107 -379 400 190 539 303 8 70 242 164 29 71 0
305 -310 0
-510 -7 0
284 -293 0
-234 510 0
453 -7 0
510 -242 0
314 -7 0
510 -559 0
-465 -586 0
-313 -268 0
-285 534 0
510 -193 0
496 -7 0
22 41 0
497 -7 0
-152 510 0
-28 -39 0
-144 510 0
356 -7 0
-24 315 0
418 -7 0
-375 510 0
555 -430 0
498 -117 0
-8 -308 0
-57 -310 0
-309 -9 0
544 -9 0
-214 201 0
284 243 0
292 -572 0
-340 -9 0
216 -245 0
324 -9 0
-265 309 0
315 -9 0
132 477 0
-219 -481 0
-105 309 0
-210 -9 0
-107 -572 0
490 -9 0
378 -72 0
169 -207 0
-122 309 0
-83 376 0
-465 309 0
9 -324 -315 -308 -343 -544 -490 577 -337 359 -405 210 -536 340 -447 0
122 37 98 285 265 190 77 -309 -40 8 88 105 43 15 465 0
410 -239 0
-10 -586 0
22 575 0
-10 567 0
22 60 0
-10 464 0
393 -281 0
-10 565 0
22 -24 0
-10 -210 0
519 -207 0
378 -172 0
22 -239 0
-68 -168 -538 -125 355 13 -435 342 -564 0
-301 -484 -510 -304 -544 -496 -417 411 -439 -108 -590 -397 320 -495 -528 0
-10 149 0
22 -148 0
-234 68 0
22 -74 0
305 -183 0
22 -86 0
-10 484 0
-451 474 0
-456 -10 0
-150 22 0
-324 -168 -446 -510 -249 -379 -306 -547 -103 -369 -533 -521 -532 -404 406 -553 0
-206 22 0
453 -274 0
22 95 0
543 -10 0
402 -260 0
222 -171 0
2 120 225 250 97 80 236 -60 164 270 18 20 368 158 229 0
-225 -169 0
-225 386 0
-130 542 0
-225 409 0
169 -260 0
-144 306 0
169 -214 0
-268 306 0
-516 599 0
-225 534 0
501 115 0
-194 429 0
-285 474 0
-240 -359 0
571 -262 0
-243 -479 299 -568 3 265 170 74 72 223 237 29 253 127 193 172 0
169 -134 0
-273 -483 0
536 -9 0
543 -225 0
169 243 0
-372 -541 225 -386 -543 -599 -409 -534 -429 -434 -457 0
-243 207 214 134 -169 234 72 237 239 445 260 0
313 -13 0
68 -13 0
180 -170 0
-368 591 0
163 -313 0
125 -13 0
86 -597 -594 -366 -436 -387 -443 -450 -589 454 -514 191 -418 -590 -405 0
-342 -13 0
-313 -177 0
346 -225 0
-494 -194 0
247 78 124 278 195 264 170 8 281 -156 -113 0
-48 -321 0
-254 501 0
-152 366 0
-13 -355 0
-208 504 0
241 -185 0
313 238 268 75 411 -163 177 193 179 0
-98 331 0
-559 -572 0
571 -87 0
-559 578 0
-278 314 0
-186 426 0
-295 356 0
108 -559 0
507 397 0
-559 496 0
-50 103 0
180 -223 0
220 186 285 92 35 -256 10 253 -322 455 -115 0
-402 -500 -224 -543 -591 -119 -518 -496 -458 -534 -369 239 -545 -532 0
515 -247 0
422 -559 0
314 -236 0
358 -559 0
37 264 307 55 11 223 161 438 162 0
-167 358 0
109 384 0
-315 -15 0
-15 -572 0
-517 315 0
521 -58 0
315 -266 0
-15 314 0
-219 541 0
366 -15 0
501 178 0
-244 416 0
415 -556 0
570 -84 0
-34 -17 0
-15 216 0
290 -499 0
-503 -310 0
315 -244 0
-15 474 0
315 -174 0
-28 -230 0
-143 315 0
473 -15 0
315 -173 0
526 -15 0
226 315 0
-473 -361 -216 -366 -443 401 -314 -526 -474 4 572 -337 -485 15 -566 0
-574 -274 0
-161 -1 0
68 -161 0
-268 1 0
305 -161 0
-5 1 0
-302 152 147 49 82 539 167 511 79 7 556 0
-18 1 0
-118 -577 0
1 367 0
-161 326 0
-265 133 0
-327 -146 0
-265 1 0
316 -575 144 42 75 271 69 -599 139 87 17 -184 105 248 50 48 -298 -113 0
-121 351 0
-161 -342 0
122 225 451 396 -213 252 463 106 334 -592 50 0
-121 525 0
1 -148 0
-437 -216 -569 -541 -205 -377 -227 -565 -145 -450 -490 -519 274 321 -593 -482 -332 -521 0
-78 394 0
-59 -96 0
-264 1 0
-161 205 0
-196 1 0
-161 374 0
552 397 0
407 580 0
-581 590 0
-217 185 101 -249 3 287 36 -317 -509 -298 32 211 0
-18 -318 0
-18 554 0
-254 318 0
81 -483 0
-20 318 0
53 413 208 240 -119 -552 375 223 287 581 15 556 0
272 -573 0
-18 365 0
407 329 0
-18 -431 0
-389 496 0
-324 -265 0
-465 362 0
-104 398 0
318 -29 0
-18 -325 0
-25 318 0
-18 585 0
91 143 -159 96 400 8 -142 -47 -277 -507 12 0
-18 284 0
-208 318 0
-464 -554 -365 -103 -284 -364 -585 325 18 431 320 0
433 -281 0
-4 -15 0
509 464 0
292 -197 0
579 -23 0
554 -414 0
480 -23 0
505 494 0
402 -23 0
-102 -197 0
477 -7 0
360 -74 0
417 -319 0
-197 -164 0
564 -23 0
329 -174 0
531 -563 164 161 58 248 127 212 0
-197 -88 0
422 163 0
-341 -92 0
423 -194 0
-197 -107 0
543 -23 0
-197 243 0
-402 -224 138 -464 -175 -579 -543 -502 23 -588 -480 210 -564 0
-177 151 0
-20 320 0
510 -20 0
-177 342 0
-20 -321 0
-320 -21 0
73 204 0
-320 -232 0
-20 567 0
476 -30 0
228 -20 0
502 -245 0
-94 565 0
529 -235 0
-20 125 0
-193 -320 0
-220 473 0
-320 -62 0
153 -20 0
-320 -83 0
-38 -338 0
-320 67 0
279 -220 0
-194 408 0
-143 279 0
213 -320 0
-302 -567 -362 -477 -341 -387 -560 35 -466 -318 273 -418 0
216 -42 0
145 -157 0
-206 -320 0
-100 362 0
-220 -320 0
-416 -324 -541 -542 124 -543 -374 -399 342 572 -326 73 438 -108 -521 0
-104 341 0
21 120 220 206 -213 83 307 -67 -60 421 232 7 432 62 516 320 193 455 -115 0
321 -21 0
544 -21 0
-573 353 0
439 -100 0
-186 553 0
-21 426 0
-261 -321 0
599 -21 0
520 -13 0
-4 -3 0
521 -3 0
534 -58 0
-224 -587 -330 -306 -547 -538 -440 270 -468 -439 340 0
366 -21 0
-527 -83 0
149 -238 0
557 -84 0
224 221 0
-10 374 0
-21 435 0
-411 -321 0
-244 576 0
-465 457 0
-273 -21 0
-160 -321 0
-527 -21 0
-157 -321 0
297 -310 0
98 214 157 6 160 23 261 321 411 30 421 232 16 7 253 0
-118 -322 0
-161 570 0
-406 -90 0
-118 329 0
256 322 0
267 -294 220 -575 254 121 -382 -40 72 161 0
-310 590 0
330 -452 0
-273 -141 0
-159 -192 214 254 -132 493 -256 236 452 261 517 456 7 -187 445 263 -126 0
322 -35 0
-215 595 0
-253 322 0
-131 506 0
-92 322 0
415 -118 0
322 115 0
-18 579 0
-186 322 0
-118 520 0
-220 322 0
-341 -415 -520 -376 577 -335 -222 118 -329 -218 -22 0
-281 314 0
568 479 0
547 19 0
437 115 0
548 367 0
323 -254 0
563 19 0
453 65 0
574 19 0
132 -4 0
420 185 -308 -547 -598 -360 -458 -592 39 -201 -578 0
-69 323 0
336 19 0
323 -483 0
302 19 0
98 157 493 117 199 -221 -546 141 282 -226 0
-57 19 0
323 -388 0
-535 397 0
-225 323 0
346 -236 0
-34 -56 0
502 19 0
323 -176 0
201 19 0
417 -97 0
356 19 0
-56 323 0
387 19 0
-87 323 0
474 19 0
323 -174 0
-406 19 0
128 323 0
424 19 0
450 -244 0
19 541 0
547 249 0
247 2 207 225 396 254 483 56 -323 69 176 174 87 274 223 388 16 -128 29 -113 0
-565 -24 0
-191 -24 0
-316 565 0
-24 369 0
336 -295 0
564 -24 0
163 565 0
394 -24 0
-20 376 0
510 -56 0
-15 565 0
-24 -461 0
-438 -124 0
-24 322 0
-57 -291 0
-24 515 0
521 -269 0
-24 151 0
154 565 0
-48 593 0
272 -455 0
-24 595 0
-122 296 0
-24 545 0
403 -413 0
323 -207 0
40 416 0
-24 -355 0
565 -179 0
-72 370 0
565 -207 0
41 534 0
-573 565 0
-478 -541 -315 461 -394 355 -374 24 191 -151 -369 -595 -515 -600 -545 -564 -322 -528 0
241 -539 0
305 -558 0
280 -25 0
-252 -325 0
361 -236 0
-139 -325 0
571 -25 0
-325 -93 0
-313 -25 0
-325 -13 0
169 -25 0
372 -181 0
-352 52 0
534 -239 0
-503 -25 0
385 -282 0
238 271 -518 5 24 137 581 36 -115 465 179 94 0
-325 -471 0
-75 300 0
126 495 0
301 -289 0
531 225 93 389 13 118 252 303 139 471 325 0
-26 -326 0
-146 -345 0
326 249 0
280 -26 0
-453 -242 0
484 -158 0
-138 -246 0
443 -106 0
-183 326 0
-180 328 -363 461 -589 -472 -323 170 4 425 0
326 -465 0
-26 397 0
54 326 0
339 -93 0
-249 252 -326 -142 432 465 -54 183 0
327 -36 0
226 546 0
-327 19 0
296 -36 0
272 -88 0
-36 376 0
-327 -455 0
385 -36 0
-581 -327 0
393 -36 0
64 208 254 25 -318 164 -41 79 131 29 20 0
-270 -340 0
412 -493 0
333 -36 0
-106 -279 0
540 -240 0
-12 85 0
-390 -36 0
-327 -90 0
398 -36 0
-327 -100 0
-116 -355 0
-121 454 0
554 -291 0
509 -327 0
519 -36 0
-219 -327 0
-333 -449 420 -385 -398 -376 -323 390 -519 -296 36 -393 -339 -499 0
462 -83 0
-214 351 0
525 115 0
-320 115 0
226 306 0
-328 -516 0
54 412 0
-328 277 0
353 -171 0
-328 -467 0
-243 -416 206 38 42 251 252 100 209 -407 445 127 158 179 102 0
-328 -6 0
145 -28 0
-328 -158 0
-28 -461 0
-425 -21 0
-325 -28 0
-328 -25 0
221 528 0
-328 -130 0
-273 -28 0
-449 -477 -153 -145 461 -488 -585 -374 -474 -417 232 -545 -564 0
-28 416 0
-342 109 0
277 47 0
-328 -312 0
-121 448 0
-373 -205 -453 -520 -379 -472 -584 -458 425 503 94 0
399 178 0
116 328 6 467 25 160 130 -60 312 263 516 -277 158 211 0
-103 -29 0
453 -29 0
-191 -51 0
301 -29 0
81 155 0
166 -29 0
-161 318 0
228 -29 0
-516 103 0
-29 322 0
402 -254 0
-285 1 0
-24 103 0
404 -29 0
-104 103 0
448 -29 0
-204 246 215 69 252 70 414 345 0
358 -29 0
155 103 0
587 -29 0
-45 551 0
477 -29 0
103 -42 0
-301 -358 -228 -587 -477 -453 -565 -448 -166 29 -404 -322 0
-196 497 0
279 -264 0
-30 329 0
-14 -263 0
-320 -30 0
-368 -438 0
166 -30 0
330 -32 0
-30 369 0
582 -310 0
-420 -30 0
330 -124 0
-30 351 0
-271 563 0
484 -254 0
497 154 0
557 -7 0
-196 330 0
478 -30 0
580 -15 0
518 -30 0
-445 499 0
-61 420 -351 -478 -205 -349 -518 -329 -166 30 -369 320 0
-178 -330 124 49 251 271 -256 196 452 17 20 32 0
31 -331 0
-449 -541 -542 -175 -119 -526 390 -417 456 57 58 -576 -397 -564 -279 -322 -525 -129 0
-265 446 0
31 314 0
156 -195 0
544 -316 0
-18 331 0
31 326 0
-26 331 0
31 394 0
-556 297 0
324 163 0
-88 331 0
31 168 0
-75 331 0
31 448 0
-50 331 0
598 31 0
40 468 0
31 587 0
-86 331 0
-21 348 0
331 -561 0
482 31 0
-182 331 0
31 495 0
331 -55 0
477 -232 0
415 -263 0
-130 166 0
-120 300 0
-563 -168 -587 -349 -314 -544 -119 -284 -598 -394 -448 80 -318 -326 -482 210 -317 -447 -495 -31 -350 0
-94 518 0
-148 590 0
-219 562 0
166 -517 0
-82 576 0
-275 443 0
300 -32 0
-511 166 0
339 -27 0
166 -96 0
498 -32 0
166 126 0
169 -32 0
-225 166 0
224 -32 0
166 -58 0
-461 -32 0
166 -263 0
-390 -32 0
-333 -361 -402 -497 -224 -542 230 -387 486 -487 -585 -588 -422 -546 -339 0
398 -32 0
-451 408 0
109 216 0
159 166 0
504 123 0
31 544 0
453 -141 0
166 -389 0
418 -32 0
453 -94 0
-100 416 0
430 152 84 78 215 -249 66 42 -213 13 452 237 288 16 -482 0
598 -186 0
-159 225 96 389 517 242 130 -166 511 100 90 375 58 263 -509 -126 0
-333 -33 0
-33 578 0
333 -278 0
-33 553 0
333 -493 0
545 -267 0
-511 333 0
-33 382 0
560 -177 0
587 178 0
333 -15 0
109 -586 0
333 -48 0
54 224 0
333 -539 0
-173 322 0
-191 -250 0
-33 387 0
333 -87 0
364 -311 0
-375 333 0
433 -232 0
-333 91 278 493 539 87 511 375 -155 15 48 0
-570 367 0
502 -21 0
284 277 0
85 505 0
-559 570 0
326 367 0
570 -26 0
367 567 0
570 60 0
480 367 0
279 213 0
-197 367 0
482 -42 0
379 -141 0
385 -183 0
284 -220 0
-161 443 0
377 -179 0
-33 570 0
-291 446 0
394 -220 0
348 367 0
-276 374 0
356 367 0
464 -181 0
592 -334 0
-140 597 0
-333 -302 -567 -381 -362 -548 -348 -314 -480 -326 -367 -536 -356 197 0
2 122 559 -570 56 319 26 23 33 -60 89 248 48 62 0
-275 412 0
318 -35 0
-18 335 0
-35 567 0
335 60 0
498 -55 0
-454 -106 0
362 -35 0
-62 335 0
-18 103 0
418 -561 0
113 576 0
-160 335 0
387 -35 0
-87 335 0
-517 -355 0
335 -42 0
560 -35 0
109 335 0
-35 466 0
-389 335 0
418 -35 0
-375 335 0
417 -105 0
2 92 42 389 -335 -109 160 87 375 -60 18 62 0
-336 -483 0
402 -259 0
-266 584 0
437 -171 0
-275 336 0
-301 -361 -377 -227 -548 -352 -533 -498 179 406 -459 0
336 -430 0
506 505 0
-53 496 0
491 -483 0
-138 60 0
151 -483 0
566 217 0
-140 412 0
-51 365 0
-483 541 0
-373 -506 -386 -59 -394 -409 -524 89 -286 -404 -317 -279 -528 0
519 -483 0
-260 203 0
-270 357 0
482 -535 0
384 395 0
-106 -401 0
338 -283 0
-470 -339 0
-470 175 0
292 339 0
-470 574 0
339 -274 0
202 -470 0
-37 583 0
-500 -594 -575 -560 -241 401 -365 -472 -424 -434 0
-83 -586 0
587 -259 0
339 -88 0
-470 354 0
339 -97 0
-470 534 0
339 -237 0
-470 466 0
339 -389 0
-470 489 0
339 -189 0
-470 332 0
-596 339 0
284 -470 0
59 -219 0
-242 585 0
-573 339 0
470 -175 -349 -408 -202 -574 -284 -466 -489 -534 -354 -332 210 -528 0
562 -285 0
40 340 0
301 -98 0
-282 -340 0
40 510 0
-340 -7 0
40 -371 0
-71 -340 0
562 -165 0
-325 -72 0
40 424 0
-340 -223 0
-78 156 0
-157 -340 0
552 521 0
116 157 223 7 71 340 282 0
-116 296 0
450 178 0
-267 341 0
22 -92 0
-10 341 0
-295 591 0
341 -58 0
-92 296 0
-139 341 0
433 -92 0
-471 341 0
-235 314 0
358 -596 0
-456 -452 0
341 -334 0
-92 156 0
341 -185 0
-92 404 0
-470 522 0
473 204 0
363 -177 0
437 -92 0
-137 341 0
-73 -92 0
341 204 0
534 -158 0
-150 341 0
-437 -372 -224 -338 92 -85 -203 -588 -433 -524 456 73 -22 -156 -296 -404 0
542 -74 0
442 277 0
81 -177 0
385 -414 0
488 -122 0
9 91 535 254 26 5 235 -257 245 137 -553 0
-177 -572 0
-517 -342 0
366 -177 0
-342 -232 0
302 -269 0
-556 119 0
457 -177 0
-342 -239 0
-177 -441 0
-342 -141 0
-420 -207 0
-50 484 0
152 194 -510 559 144 400 56 234 242 11 375 -52 193 0
552 -342 0
357 -55 0
136 84 37 295 400 493 -552 517 -52 342 232 141 239 0
-343 -43 0
-173 318 0
226 387 0
-287 468 0
-45 345 0
482 -274 0
-69 -345 0
-535 -359 0
-252 -345 0
213 538 0
-375 597 0
515 -45 0
-345 -215 0
-73 -45 0
112 -295 0
462 -45 0
-345 -246 0
530 -114 0
314 -400 0
-346 -46 0
-46 203 0
346 -267 0
-116 -340 0
-270 346 0
372 290 0
346 -232 0
450 -91 0
346 -89 0
-263 563 0
-260 567 0
169 -46 0
168 -13 0
-197 -46 0
346 -23 0
-46 335 0
346 -35 0
112 -46 0
519 -2 0
403 -46 0
498 -90 0
377 -46 0
-102 81 0
163 386 0
464 -83 0
372 -83 0
346 109 0
-366 -377 -565 -349 -560 46 -403 -472 -335 -169 -203 -480 -112 -297 197 0
267 225 101 147 49 35 -109 23 24 -346 232 89 270 172 231 0
529 243 0
-375 587 0
-291 347 0
305 -259 0
-4 -223 0
300 395 0
280 -96 0
597 -269 0
-183 347 0
-57 395 0
522 -117 0
487 395 0
187 347 0
502 395 0
347 -176 0
537 -170 0
-144 347 0
435 395 0
-411 347 0
448 395 0
-245 551 0
598 395 0
347 -195 0
-196 547 0
-75 599 0
-183 591 0
554 -311 0
477 178 0
515 -182 0
-469 -557 -547 -591 -487 -502 -598 -448 -435 -515 57 -513 -300 -395 -578 0
247 215 278 195 144 176 511 291 411 312 388 -187 50 -347 183 0
-130 549 0
542 -486 0
-293 348 0
-191 -48 0
-342 204 0
-313 -238 0
598 -118 0
175 76 0
224 509 0
-48 335 0
-35 348 0
-325 -48 0
-25 348 0
-264 169 0
-62 348 0
360 -48 0
-281 348 0
566 -293 0
497 -104 0
-48 474 0
-174 348 0
598 -452 0
128 348 0
-358 -594 -362 -227 -360 -335 191 -474 321 -593 325 -571 48 -447 406 0
21 -294 93 316 -348 35 77 25 174 70 293 -155 281 -128 62 0
68 -56 0
-18 526 0
-50 326 0
-248 -355 0
184 -129 0
448 -455 0
385 -50 0
128 175 0
-50 356 0
448 -56 0
-50 -34 0
113 579 0
440 -312 0
443 -15 0
-455 119 0
-150 498 0
418 -245 0
448 -27 0
-50 495 0
448 -55 0
85 249 0
448 568 0
-486 585 0
448 -220 0
418 -23 0
-220 491 0
-351 -17 0
582 -17 0
-230 217 0
-340 -17 0
-167 524 0
-17 501 0
213 -479 0
213 429 0
-62 -359 0
-258 551 0
-441 -27 0
353 -17 0
-413 405 0
-33 450 0
-231 351 0
457 -90 0
-57 -72 0
222 -17 0
-186 351 0
402 154 0
111 53 -351 186 146 -67 -40 581 -76 282 212 231 0
-25 322 0
116 451 266 -408 66 493 -256 312 -184 102 183 0
-53 -353 0
-53 357 0
-508 353 0
-53 513 0
-558 314 0
301 -9 0
-313 -56 0
-53 592 0
407 -406 0
-148 387 0
489 -29 0
-53 477 0
513 395 0
418 -86 0
-253 578 0
-53 439 0
-216 -554 461 -59 -501 -584 -514 -318 -151 -498 -322 102 0
-53 -438 0
353 -413 0
-53 528 0
-244 466 0
53 -446 -477 -392 -227 -357 -496 -592 -513 438 -439 -528 0
374 -460 0
-354 -97 0
175 -97 0
532 -220 0
309 -97 0
-5 525 0
318 -64 0
554 -91 0
480 -97 0
-78 554 0
-516 405 0
509 354 0
-263 457 0
442 -460 0
-245 565 0
-104 354 0
-87 302 0
-107 354 0
216 -97 0
-235 354 0
538 -97 0
354 -238 0
302 60 0
-72 354 0
-496 -400 0
-389 354 0
544 -97 0
-98 354 0
-216 -372 -168 138 -175 -538 -544 -466 97 -309 -166 -433 -550 -480 -404 0
-186 520 0
-598 -195 0
329 -195 0
256 598 0
366 -195 0
301 -260 0
-168 -479 -560 -538 -314 -529 -394 355 -514 235 -595 -600 -576 -459 0
-190 -191 0
-197 -195 0
-12 457 0
-195 322 0
168 257 0
-73 -311 0
598 -33 0
-195 362 0
-438 257 0
392 -195 0
598 -539 0
354 -195 0
598 -97 0
222 -195 0
536 -146 0
518 -195 0
-559 542 0
-333 -366 -362 -392 195 -382 -518 -222 -329 -354 -322 197 0
91 186 -598 97 118 -256 539 452 23 33 232 62 0
435 -55 0
-224 -227 -272 -145 146 -363 327 80 -504 -442 -337 345 -536 -339 0
507 356 0
393 -56 0
386 -7 0
585 -207 0
356 -13 0
-56 490 0
-199 351 0
-56 537 0
356 -475 0
-236 203 0
-2 434 0
385 -200 0
543 -196 0
-56 429 0
437 -86 0
-275 -210 0
83 190 13 -67 475 414 421 445 -507 -356 0
-584 -430 0
-72 501 0
226 584 0
549 -430 0
-10 322 0
-430 578 0
-278 584 0
566 -430 0
336 -64 0
326 -430 0
-26 584 0
496 -316 0
-14 -64 0
571 -430 0
-62 501 0
-220 -577 0
584 -35 0
404 -430 0
-104 584 0
358 -430 0
498 507 0
9 53 143 84 101 78 -178 -249 66 -384 35 -65 199 252 160 90 -187 177 -395 289 -123 -113 0
372 -177 0
-358 155 0
-258 103 0
358 -295 0
472 -181 0
358 -316 0
155 579 0
-358 559 -360 -496 -318 572 -422 -515 -108 -578 0
-327 -414 0
358 -6 0
478 155 0
358 178 0
155 332 0
-130 341 0
155 548 0
358 -248 0
-478 -548 -308 -579 -306 -81 191 -550 -155 -332 -129 0
-358 -178 316 6 295 596 167 8 -184 248 229 0
-465 359 0
574 -293 0
280 -83 0
-191 -465 0
548 -214 0
-465 300 0
-511 -359 0
-164 318 0
-581 351 0
-253 -321 0
-455 153 0
-390 -465 0
-359 -90 0
-197 507 0
-51 -359 0
324 -124 0
280 -45 0
-282 370 0
-231 391 0
-465 446 0
546 204 0
153 -36 0
-199 -359 0
462 -465 0
-359 -246 0
-294 165 91 122 413 268 285 28 -213 -538 255 310 539 421 148 -407 445 -31 383 0
535 246 316 -575 121 199 511 90 11 239 359 62 51 460 0
-150 553 0
272 -117 0
360 -259 0
399 -281 0
360 99 0
22 -164 0
360 -414 0
-281 379 0
472 290 0
301 -455 0
360 -88 0
543 -116 0
360 -471 0
-281 356 0
473 -83 0
-281 216 0
569 -194 0
-255 589 0
-233 578 0
-216 34 -379 -450 -399 -433 281 210 -393 -356 0
-99 56 -360 -65 235 -67 471 414 88 259 0
-361 -114 0
-114 521 0
-438 -55 0
-551 -462 -227 -280 45 -515 73 -393 0
361 -3 0
-234 522 0
361 -32 0
532 -285 0
-88 380 0
366 -114 0
573 508 -159 46 483 493 75 -40 181 88 -52 30 105 -300 -367 -298 368 0
-114 555 0
361 123 0
560 -467 0
422 -389 0
-114 -345 0
361 -45 0
218 -114 0
361 -253 0
-45 591 0
361 213 0
-114 347 0
361 395 0
549 -182 0
-25 296 0
377 -114 0
361 -147 0
504 -114 0
361 428 0
31 466 0
-361 -294 147 275 -213 3 236 45 -221 232 -428 7 253 -395 32 -123 212 0
-362 -62 0
-481 -62 0
476 -93 0
326 -62 0
-26 362 0
510 -62 0
-7 362 0
526 -58 0
-242 362 0
402 -62 0
-102 362 0
584 -93 0
-252 153 0
-14 -71 0
-20 520 0
-62 459 0
-66 362 0
-195 296 0
-596 362 0
522 -62 0
-486 362 0
442 -26 0
-362 66 486 596 26 242 100 7 209 -76 -298 102 0
116 220 413 470 451 140 -40 281 -41 276 29 -505 260 -350 0
-264 280 0
367 590 0
280 -63 0
-5 521 0
-63 309 0
384 -9 0
-420 -231 0
123 384 0
-63 335 0
384 -35 0
-63 -342 0
384 -177 0
-14 -88 0
-237 -577 0
-390 -63 0
-379 65 0
-63 112 0
384 -101 0
-66 145 0
-78 384 0
-254 382 0
-253 479 0
353 -63 0
-53 384 0
339 -3 0
262 208 3 82 83 -65 118 87 375 281 219 -337 253 -277 455 282 12 0
-20 149 0
305 -173 0
363 -63 0
384 -84 0
-63 487 0
187 384 0
478 -63 0
384 178 0
443 -63 0
-143 384 0
-63 459 0
-66 384 0
500 -63 0
-327 -139 0
-63 549 0
569 -259 0
207 64 430 275 13 463 160 219 -154 -336 0
-364 -64 0
450 -64 0
538 41 0
500 -465 0
329 -7 0
300 -64 0
571 428 0
584 -64 0
364 -430 0
-64 382 0
-91 364 0
555 -64 0
-162 544 0
145 -64 0
-34 -122 0
335 -64 0
502 -23 0
429 568 0
-334 364 0
-39 -64 0
364 -170 0
-425 -110 0
-174 364 0
-198 -64 0
-556 364 0
-262 380 0
364 -134 0
-273 -259 0
364 -561 0
64 198 -145 -382 -119 -1 -450 -335 -584 -474 -524 -434 39 -300 -555 0
91 430 -364 35 134 170 174 511 334 161 259 556 158 561 -123 0
384 -90 0
65 590 0
379 -200 0
-16 323 0
-32 188 0
65 -321 0
126 -481 0
510 -21 0
379 -71 0
65 103 0
379 -29 0
-122 525 0
379 -164 0
65 496 0
379 -400 0
-98 -406 0
379 -107 0
65 392 0
379 -539 0
65 490 0
429 -388 0
543 65 0
379 243 0
-392 -227 138 -453 -308 -464 -543 -103 -490 -65 -496 321 -600 371 -590 0
-208 410 0
-366 -232 0
417 -232 0
366 -117 0
-232 -461 0
-94 216 0
145 -232 0
366 -158 0
564 -232 0
-234 399 0
442 -141 0
512 366 0
-186 380 0
366 -245 0
-232 585 0
366 41 0
-196 449 0
366 -83 0
374 -232 0
366 -74 0
-287 125 0
366 -174 0
31 284 0
366 -42 0
376 217 0
366 509 0
-328 -160 0
-104 522 0
34 67 0
385 67 0
-214 405 0
296 67 0
-34 -139 0
513 67 0
-183 -34 0
554 -475 0
373 -89 0
292 417 0
-33 315 0
353 67 0
-53 -34 0
397 67 0
464 -16 0
-540 67 0
-34 -240 0
-14 67 0
-34 95 0
-381 14 -385 540 -353 -67 -513 -296 -397 -536 0
53 122 34 240 319 139 581 -95 -54 183 0
-97 466 0
453 -74 0
256 496 0
-431 -90 0
333 -195 0
-400 318 0
-18 496 0
562 -400 0
496 277 0
-400 348 0
363 367 0
-28 576 0
324 -101 0
526 505 0
-104 496 0
205 -400 0
-196 496 0
538 -400 0
-282 -4 0
-572 95 0
598 -291 0
440 -400 0
-140 496 0
-205 -330 -149 -348 -538 400 -329 -318 -440 -492 -112 -404 -562 0
238 104 101 -192 140 -256 -496 196 30 148 18 48 -277 0
-14 -285 0
-91 47 0
-167 576 0
113 473 0
-79 369 0
-455 473 0
-106 369 0
-581 -385 0
-276 314 0
394 -172 0
-194 369 0
-437 -68 -362 461 -501 -380 -595 -533 -592 -115 0
154 369 0
402 -116 0
-144 369 0
353 -251 0
-53 369 0
-251 374 0
-74 369 0
-251 592 0
-264 369 0
-251 489 0
-189 369 0
-361 -494 -557 -365 251 -353 -374 -489 -151 -592 431 -279 0
53 194 264 144 74 106 114 -369 189 79 -154 131 0
502 -291 0
-71 371 0
-71 450 0
166 -100 0
54 525 0
-371 -30 0
-166 -32 0
304 -411 0
399 -71 0
-371 99 0
417 -71 0
-371 -117 0
569 -71 0
587 -137 0
-71 404 0
440 -231 0
-71 468 0
-511 -300 0
-71 474 0
-371 -174 0
-71 446 0
-371 -460 0
462 163 0
-516 384 0
-372 -72 0
-72 409 0
372 -260 0
-371 -72 0
386 -319 0
-88 286 0
372 76 0
-49 583 0
-281 -210 0
-289 590 0
372 -25 0
266 -548 147 56 49 291 -184 276 -154 270 311 0
415 507 0
280 -93 0
372 -388 0
-210 204 0
9 238 104 107 98 75 389 235 -292 -354 471 72 89 32 229 0
153 -72 0
-191 -13 0
-56 357 0
398 243 0
-427 -188 -153 -501 -409 72 342 57 325 371 -397 -564 0
-372 83 25 -163 388 177 71 -76 127 51 260 -54 0
-403 -314 -380 -448 -518 80 342 276 325 -397 -279 406 0
309 -467 0
-208 526 0
323 -467 0
373 19 0
-467 376 0
-455 373 0
542 -265 0
175 -173 0
205 -285 0
-389 331 0
360 -467 0
-281 373 0
-467 524 0
-281 450 0
-401 -316 0
373 154 0
437 -467 0
224 -92 0
-258 332 0
-75 -168 0
313 -437 -594 -315 -376 467 -360 -222 -323 -309 -151 -550 -524 -533 0
-294 9 -19 186 -373 13 334 281 137 -154 209 15 455 229 0
-150 554 0
-131 369 0
-242 374 0
280 -74 0
-252 374 0
304 -84 0
-470 304 0
202 -74 0
-262 374 0
-74 103 0
497 -238 0
-197 -58 0
-281 374 0
458 -74 0
-78 374 0
354 -74 0
374 -97 0
415 -74 0
374 115 0
566 76 0
-137 374 0
546 -74 0
-270 -4 0
128 562 0
226 374 0
267 -204 104 185 -341 38 150 139 130 471 72 334 10 137 288 58 0
-342 -295 0
-437 -542 -453 -415 -343 -349 -202 -280 -526 -103 -364 -360 -514 -458 74 -354 -588 -546 0
64 262 78 299 49 97 252 -374 242 281 137 276 288 43 162 29 -115 -226 0
373 -186 0
-75 81 0
-4 -170 0
-75 180 0
-287 168 0
-75 386 0
-68 -324 -205 -149 -570 -318 -374 342 -326 -592 161 -492 -305 503 -447 -129 197 0
-75 -444 0
41 318 0
418 -56 0
168 367 0
324 -75 0
215 124 396 250 -568 251 160 45 471 -595 388 -41 211 0
395 -347 0
-225 168 0
-75 496 0
168 -400 0
-75 416 0
168 -116 0
-75 429 0
-445 168 0
-75 532 0
175 -316 0
-48 362 0
-196 -205 0
-416 -427 -324 -180 444 -570 -386 -547 75 -169 -496 -81 -429 -532 0
247 116 225 -168 -568 295 400 265 234 -257 287 445 -367 127 0
-413 595 0
-455 -540 0
267 208 -132 251 77 -60 164 273 259 162 27 44 0
-455 578 0
-278 376 0
507 -577 0
-258 376 0
305 -455 0
-5 376 0
-130 521 0
502 568 0
-455 365 0
-79 376 0
-78 61 0
-470 376 0
403 -82 0
-104 376 0
-50 449 0
-368 557 0
424 -455 0
-2 335 0
-237 479 0
423 -289 0
-455 439 0
-171 376 0
532 -455 0
-121 279 0
68 -260 0
569 -186 0
-301 -473 -324 -272 540 -365 -119 -424 80 -439 -305 -532 -404 455 -578 -339 0
-217 470 104 240 278 171 -568 258 -376 265 5 173 11 223 79 561 0
-147 -377 0
-147 426 0
-198 -493 0
-147 -371 0
132 576 0
-147 391 0
377 -82 0
-147 365 0
-371 -388 0
433 -559 0
377 -58 0
-147 -390 0
-559 331 0
-56 472 0
377 -74 0
-147 380 0
-508 -357 0
-147 153 0
-254 380 0
-181 -572 0
-264 377 0
-93 541 0
-255 81 0
-426 -224 -153 147 -520 -365 -380 -391 390 -374 -592 371 0
220 -377 264 82 83 74 261 90 79 58 71 311 0
-78 -458 0
354 -89 0
458 -254 0
568 376 0
-16 458 0
-291 398 0
-71 458 0
-78 498 0
126 458 0
113 -201 0
424 507 0
-78 565 0
-53 446 0
-78 348 0
228 512 0
543 -130 0
424 213 0
-216 -478 328 -464 -510 -554 42 540 -504 -433 -429 -592 -600 73 -47 0
-294 262 214 -329 174 11 -163 237 7 -407 0
-78 370 0
-165 458 0
-567 -563 78 -565 -348 -554 -370 -424 -151 -498 371 0
543 -271 0
218 -173 0
-79 61 0
112 -84 0
538 -539 0
-160 336 0
524 -207 0
-121 365 0
126 491 0
-66 365 0
81 -278 0
-596 365 0
-61 -188 454 79 -332 -459 0
-63 347 0
91 -192 268 -575 -153 77 24 511 30 36 -367 455 0
297 -311 0
-270 380 0
-96 -321 0
380 -64 0
-311 369 0
-51 119 0
302 -311 0
-2 380 0
-311 296 0
68 -182 0
-311 -359 0
-465 380 0
498 -12 0
155 380 0
-206 489 0
510 204 0
448 221 0
-75 216 0
528 -311 0
473 -259 0
-302 -358 -227 -364 -369 73 -337 -296 359 -439 -297 311 -528 0
500 -334 0
-253 -218 0
346 -6 0
330 507 0
-444 -493 0
221 546 0
-253 565 0
580 -242 0
166 257 0
218 -63 0
-253 -441 0
218 -141 0
-253 341 0
-276 -406 0
-195 382 0
218 -72 0
440 -253 0
-140 218 0
122 508 215 250 83 527 5 539 25 160 334 141 158 -31 183 0
-78 457 0
523 -253 0
-258 -572 0
-473 -427 -372 -523 -341 -565 -384 -417 -440 441 253 -578 -350 0
-231 435 0
-382 -91 0
-91 -586 0
575 382 0
-91 203 0
-333 -416 -402 -569 -478 -379 401 -382 -529 -472 -480 259 359 -521 0
-196 394 0
564 -539 0
298 473 0
-161 382 0
524 -89 0
-283 349 0
372 -91 0
-72 382 0
597 -259 0
-121 382 0
-91 520 0
-220 382 0
-24 541 0
-118 376 0
-153 -83 0
-12 297 0
153 575 0
300 -83 0
-511 153 0
-425 -148 0
-554 -254 0
330 -83 0
-285 391 0
451 -377 -149 -349 -491 -85 -314 -574 -537 -151 -417 321 -600 -571 -468 -108 -410 0
153 367 0
-83 382 0
153 -91 0
-358 -315 -392 -387 -348 -382 33 -418 -300 -578 -553 0
-5 410 0
-271 404 0
280 -110 0
61 -214 0
1 -64 0
-68 -330 -565 -570 -376 327 -382 586 83 -492 -300 -447 0
-380 -311 0
-363 -84 0
552 555 0
-508 363 0
-23 197 0
582 154 0
125 -84 0
-497 122 238 147 28 258 196 167 11 411 232 0
-84 579 0
-481 -310 0
-83 565 0
-144 363 0
555 -388 0
-50 363 0
442 226 0
-11 583 0
-96 309 0
402 -96 0
469 -84 0
363 -312 0
547 -84 0
-247 363 0
-247 205 0
429 154 0
-595 -307 0
-307 369 0
-19 470 124 327 139 100 90 414 33 219 581 -290 -509 455 0
-420 -307 0
595 -124 0
256 532 0
548 -311 0
-57 -307 0
595 -388 0
302 367 0
-471 595 0
529 -307 0
76 286 0
-470 484 0
41 595 0
-131 -138 0
-160 595 0
515 -307 0
-451 491 0
-307 -230 0
-211 595 0
532 -307 0
476 -247 0
420 230 -529 307 -585 -433 -369 273 -515 57 345 -532 -350 0
-161 -577 0
-587 -86 0
-86 590 0
587 -200 0
41 47 0
-234 -342 0
-86 589 0
-302 -378 101 -363 -364 -335 345 -404 0
297 -58 0
-116 369 0
-86 450 0
542 277 0
-87 -431 0
587 -232 0
-86 405 0
587 -105 0
-86 387 0
587 -87 0
397 217 0
-121 587 0
40 309 0
-197 -89 0
443 -86 0
372 213 0
-28 306 0
542 -117 0
-387 -87 0
280 -87 0
-252 387 0
-270 398 0
-114 387 0
373 -87 0
-156 -185 0
394 -87 0
-94 387 0
279 -87 0
-106 387 0
366 -86 0
-131 387 0
-138 -97 0
-2 387 0
-130 571 0
-23 387 0
306 249 0
-63 387 0
-87 472 0
-470 -210 0
-206 284 0
-120 353 0
-302 -361 -373 -280 -384 -526 -394 -472 87 431 -279 197 0
378 -266 0
-88 210 0
81 -88 0
-210 -295 0
202 256 0
-161 -210 0
364 -88 0
-210 -64 0
500 -239 0
-210 -82 0
-15 309 0
-63 -210 0
458 -88 0
-78 -210 0
247 111 285 49 310 23 223 30 281 -476 -298 -115 231 0
-210 -311 0
-275 532 0
-72 188 0
-88 370 0
-199 446 0
598 -23 0
402 -486 0
379 -63 0
571 -558 0
292 224 0
-469 527 90 -434 -513 -498 -476 431 -457 -447 -578 0
-480 -89 0
417 -253 0
-148 47 0
386 -89 0
-234 480 0
409 -89 0
372 -92 0
286 -89 0
-275 480 0
-34 -319 0
480 -467 0
108 -82 0
-94 480 0
324 -467 0
480 -96 0
505 553 0
126 -355 0
404 -89 0
399 19 0
-340 -91 0
-319 458 0
506 -89 0
-573 363 0
-264 -592 0
573 104 206 96 275 467 234 106 334 -480 260 94 212 0
-161 459 0
145 -274 0
404 -100 0
-252 -406 0
-390 507 0
330 -400 0
-131 -390 0
346 -231 0
-144 -345 0
-120 -4 0
305 -452 0
-426 -362 -153 -175 -387 -579 -59 -549 -526 -450 80 -318 173 -593 73 -22 -439 -305 -201 -322 0
-390 -239 0
434 -90 0
-390 -134 0
-91 1 0
473 -87 0
216 -240 0
-157 -390 0
571 -252 0
216 -238 0
-391 -82 0
-82 -577 0
153 -30 0
521 -259 0
-414 391 0
580 -237 0
-193 391 0
497 -82 0
272 -167 0
-82 347 0
168 -295 0
-73 -82 0
453 -62 0
-82 370 0
422 -183 0
-82 484 0
-454 -535 0
482 -82 0
-182 391 0
-484 -497 -349 -370 82 -125 577 73 -482 -393 -347 -129 0
-204 165 152 182 285 49 -391 414 -184 27 193 -395 0
63 195 251 -256 -95 239 20 62 -495 -126 231 0
591 -239 0
-291 457 0
-239 369 0
-251 457 0
-333 -416 -376 586 -103 -394 191 -151 -336 -476 438 -439 -332 -412 -525 -54 0
-102 457 0
224 -239 0
457 -58 0
363 -72 0
457 -400 0
297 -46 0
549 -26 0
545 -239 0
457 -245 0
385 407 0
-107 567 0
119 -239 0
457 -561 0
-251 416 0
277 490 0
518 -239 0
-427 -224 -548 -464 -1 16 503 -317 0
532 -239 0
457 568 0
543 -239 0
457 243 0
515 -559 0
-243 78 -568 400 251 199 452 291 245 237 58 -457 561 102 0
-61 -271 0
330 -17 0
61 -16 0
-271 369 0
-251 61 0
-271 584 0
-535 440 0
145 -271 0
61 -158 0
-66 408 0
-183 412 0
-271 -342 0
-475 459 0
-444 41 0
61 -62 0
-91 585 0
450 -158 0
462 226 0
54 542 0
-321 -23 0
-134 -586 0
-271 397 0
54 61 0
-144 442 0
61 -460 0
562 -246 0
526 -430 0
-563 -338 -362 -446 -145 -202 271 -584 -458 -369 342 -397 -404 -457 -495 0
564 -266 0
-94 -394 0
532 -189 0
394 -242 0
-94 584 0
394 -430 0
-94 373 0
580 -261 0
108 -451 0
394 65 0
377 -2 0
1 -531 0
-425 -94 0
-451 394 0
528 217 0
394 -531 0
205 -94 0
112 -64 0
-94 472 0
-74 565 0
-94 520 0
570 -62 0
-328 -211 0
430 220 531 78 451 467 -394 -65 196 242 172 0
132 -47 0
582 -134 0
393 -170 0
132 562 0
469 -28 0
132 382 0
-149 -148 0
132 59 0
-96 47 0
132 476 0
507 47 0
132 442 0
142 47 0
443 -167 0
-400 47 0
323 -274 0
159 47 0
132 443 0
-143 47 0
385 -452 0
-501 76 0
-161 592 0
549 -96 0
462 -295 0
123 -481 0
59 575 0
574 -96 0
-162 -546 0
-84 380 0
392 -7 0
362 367 0
-86 -572 0
-96 408 0
59 505 0
241 187 0
-540 -531 0
241 -96 0
59 -233 0
59 -9 0
519 -278 0
519 -96 0
-208 339 0
-358 -478 -408 -241 96 -574 586 -549 -309 -519 321 0
21 233 9 -178 -575 -249 -59 274 -155 219 -505 0
54 -397 0
580 -239 0
575 397 0
554 -12 0
397 -316 0
54 336 0
397 -483 0
-444 -100 0
-94 397 0
304 -158 0
442 -148 0
-234 301 0
397 -29 0
54 476 0
-233 499 0
-340 -310 0
-596 286 0
-420 -139 0
397 154 0
562 -28 0
-26 -359 0
54 416 0
-116 397 0
54 439 0
397 -171 0
54 332 0
535 -99 -386 258 486 493 467 69 55 -163 177 432 0
249 369 0
-413 397 0
-190 309 0
415 163 0
-375 474 0
116 413 535 316 -575 171 483 596 -552 33 -154 29 -397 455 -507 94 0
-398 -100 0
304 -17 0
-209 -533 0
491 -100 0
-463 398 0
381 -252 0
398 -88 0
-120 -523 0
402 -239 0
59 249 0
-190 398 0
119 178 0
-12 47 0
-20 362 0
-53 398 0
448 -26 0
398 -171 0
-208 484 0
-190 379 0
-200 -441 0
53 -217 531 104 171 -398 190 463 8 88 270 0
99 -399 0
2 63 -387 467 252 23 106 114 131 172 94 -226 0
407 399 0
510 99 0
-191 -181 0
-251 -431 0
399 -26 0
450 -173 0
-104 480 0
99 501 0
399 76 0
323 204 0
304 -122 0
99 -210 0
128 284 0
353 99 0
-53 399 0
-104 125 0
399 109 0
99 546 0
194 185 -575 96 -213 389 167 471 164 -442 288 141 -509 0
-597 -510 -99 -343 -560 -501 -323 -353 390 -352 -546 -326 210 0
53 -19 26 -109 -399 90 88 -52 7 43 162 -407 -76 0
401 -244 0
394 -334 0
-511 528 0
-131 332 0
-559 -401 0
-244 -431 0
-131 -401 0
339 -486 0
-401 -110 0
358 -244 0
155 -401 0
537 -244 0
-401 -475 0
-425 126 0
300 -88 0
-244 397 0
54 -401 0
520 568 0
-535 -401 0
361 -15 0
-116 -401 0
207 -224 150 117 118 -292 -552 106 90 -163 -184 388 276 -509 561 -54 383 -226 0
-401 -383 0
469 -244 0
-401 -312 0
522 -244 0
-401 -486 0
298 567 0
116 535 285 559 401 486 389 475 312 -155 421 131 110 -54 383 0
-112 -101 0
364 -101 0
165 -372 -548 -408 -582 -1 -329 -433 572 -422 -22 -405 -562 0
-340 -258 0
314 367 0
335 -101 0
112 -35 0
-345 -101 0
112 -45 0
404 -101 0
-104 112 0
363 -101 0
-253 -230 0
378 -101 0
112 -181 0
587 -289 0
2 64 84 104 35 181 45 -112 0
-402 -102 0
40 -527 0
-327 -475 0
-313 -200 0
-334 579 0
547 257 0
402 -430 0
442 -194 0
-143 286 0
453 -25 0
423 -596 0
-102 501 0
515 -170 0
-102 -461 0
-263 402 0
-102 322 0
-118 402 0
-102 151 0
598 178 0
-102 216 0
-463 593 0
373 -28 0
-402 430 299 254 96 118 235 -154 18 263 -76 -126 0
353 -539 0
-556 553 0
-508 203 0
-328 -556 0
-198 -28 0
-56 -356 0
-250 595 0
-556 286 0
336 -245 0
-556 351 0
-198 -17 0
108 -556 0
-78 149 0
-413 1 0
-198 -231 0
478 -556 0
502 -72 0
442 -167 0
495 95 0
305 -185 0
-198 115 0
-68 -597 238 -594 -479 -392 328 -149 -370 -382 577 -331 -429 -423 438 -468 -485 -576 -536 0
-198 -134 0
-556 541 0
-198 -207 0
462 -556 0
-198 -246 0
595 115 0
-208 418 0
-104 -404 0
305 -104 0
-5 404 0
482 -78 0
366 -20 0
207 573 -178 215 316 -565 251 307 118 303 74 245 -163 -154 15 263 179 94 0
-196 404 0
497 -122 0
592 -106 0
-104 356 0
404 -56 0
394 -158 0
-220 404 0
-232 -321 0
-569 -563 -228 -168 -377 -548 -272 -202 -443 -574 -589 -518 167 -318 -524 -576 -201 0
-497 -563 104 -594 -205 -522 -520 80 -337 -305 -344 419 -356 0
435 -117 0
-105 -405 0
-105 -438 0
-53 351 0
-105 522 0
328 -28 0
187 149 0
-291 405 0
59 -105 0
145 -146 0
571 -105 0
405 -93 0
536 -157 0
168 -97 0
216 -274 0
-17 405 0
-390 -105 0
405 -90 0
156 -124 0
405 -170 0
-29 565 0
477 204 0
424 -105 0
405 -223 0
-522 -486 0
279 -251 0
518 -105 0
-452 405 0
256 474 0
-342 -493 0
128 406 0
128 597 0
-454 395 0
329 -55 0
-390 126 0
133 -291 0
-114 -406 0
128 -313 0
218 -21 0
81 187 0
277 -406 0
128 398 0
-100 -406 0
-368 -210 0
-239 -406 0
128 -390 0
-285 322 0
128 -39 0
-406 -170 0
381 367 0
-406 67 0
128 477 0
-406 -42 0
128 133 0
-368 -406 0
313 -361 -597 34 -477 -398 -280 -133 390 -128 39 -457 -562 0
530 -310 0
138 -107 0
478 -310 0
313 -280 -466 -169 25 -433 -600 -571 -296 503 -322 0
-581 423 0
-12 -580 0
543 -250 0
336 -463 0
488 -107 0
512 -138 0
-313 -179 0
-138 -110 0
151 -107 0
207 120 165 -19 220 299 140 559 275 493 -222 23 261 388 270 269 311 231 0
341 -107 0
-92 -138 0
472 -107 0
-138 -172 0
478 -107 0
378 -238 0
333 -91 0
-138 -195 0
-107 499 0
256 -329 0
521 -107 0
221 -138 0
-508 297 0
142 -586 0
68 249 0
246 -178 138 195 92 69 -221 -60 288 -154 -290 -512 110 172 289 0
-408 505 0
279 -89 0
-493 408 0
329 505 0
133 -214 0
566 505 0
562 -5 0
402 505 0
-102 408 0
513 505 0
-183 408 0
-425 505 0
-371 -259 0
505 416 0
480 -260 0
505 459 0
149 290 0
469 505 0
408 -312 0
-416 -402 -469 -329 -513 425 -505 -459 -566 -129 -553 0
-283 352 0
-320 -411 0
109 357 0
-508 560 0
313 -497 -563 182 -479 -477 -363 -549 -518 -584 -458 -534 -588 -515 -459 0
-114 286 0
145 109 0
560 -158 0
-197 -186 0
336 154 0
-53 188 0
372 -253 0
448 -200 0
-238 382 0
156 109 0
560 -185 0
298 555 0
560 -531 0
-167 518 0
-511 -340 0
315 -467 0
560 -207 0
-541 -373 -436 -385 -145 -357 -384 -109 342 -156 503 -459 0
-518 -452 0
-594 -330 -487 -365 -574 -360 -580 -585 242 -423 325 -482 0
-24 153 0
-252 410 0
166 -110 0
-32 410 0
220 -582 3 310 134 139 581 -142 -154 20 -76 311 0
40 410 0
462 -196 0
-242 410 0
530 -268 0
-91 410 0
393 -110 0
-414 410 0
279 -110 0
-106 410 0
111 122 208 310 -292 137 57 -128 71 0
-281 156 0
457 -110 0
-10 -22 0
477 -28 0
-333 -68 -557 -343 6 -280 -304 -526 -353 -346 325 -513 -545 0
525 -110 0
552 410 0
-567 -436 -453 -280 -382 -284 -166 110 -279 -393 340 -457 -525 0
91 136 208 252 -40 -552 106 242 414 -60 239 32 -410 0
220 -575 265 49 82 26 181 414 -52 27 432 289 135 0
-535 -412 0
-375 -420 0
412 -96 0
213 374 0
-370 -256 236 517 471 72 10 161 105 248 -505 -277 282 0
202 -535 0
308 -283 0
-535 -39 0
-454 -79 0
168 -535 0
-75 412 0
513 -535 0
412 -170 0
592 -535 0
-264 412 0
-10 506 0
412 -87 0
61 -430 0
-225 541 0
-358 430 -549 -526 -335 -346 -326 -571 -404 -578 -566 0
412 -182 0
535 -168 -387 -202 -59 -440 -592 -22 -513 39 -482 419 0
262 182 140 264 96 75 170 87 10 432 -412 183 0
528 -170 0
113 -327 0
-542 -377 -349 -591 -380 -151 248 -297 -566 -356 -129 0
113 379 0
-451 571 0
113 360 0
113 -4 0
113 498 0
126 201 0
113 -197 0
201 -23 0
536 113 0
133 -200 0
113 149 0
201 -148 0
-120 -406 0
433 -274 0
113 449 0
509 201 0
113 434 0
201 -134 0
-181 553 0
201 -383 0
113 519 0
-24 528 0
-449 34 -149 -379 327 -360 80 -519 -352 -434 -498 -576 -536 197 -113 0
122 134 -65 -67 23 11 -52 281 219 148 36 -201 -509 383 -126 0
-414 -393 0
-527 -414 0
-168 -103 -518 481 -326 425 -476 -447 -322 -410 -126 0
-414 549 0
393 249 0
-197 -167 0
393 -254 0
570 -414 0
393 367 0
361 -414 0
385 -561 0
-414 -461 0
393 -263 0
570 -48 0
-581 393 0
-414 -39 0
547 -319 0
-414 397 0
564 -247 0
-157 -230 0
123 -555 0
133 -414 0
403 -596 0
-361 -385 -570 -554 461 -133 -529 -549 527 414 -600 39 -397 0
-162 -438 0
-245 203 0
68 115 0
-148 496 0
-461 115 0
-208 331 0
362 115 0
415 -62 0
218 -250 0
415 76 0
592 115 0
-264 415 0
380 115 0
31 -527 0
-20 479 0
415 -307 0
-275 469 0
415 -137 0
-152 435 0
268 -415 264 307 137 209 263 62 -76 311 0
-416 -116 0
597 -116 0
-283 427 0
280 -116 0
-147 548 0
587 -316 0
224 -383 0
-275 -286 0
-102 416 0
480 -46 0
-158 416 0
-271 495 0
-451 574 0
-486 387 0
416 -42 0
-116 429 0
-445 416 0
-36 499 0
-282 357 0
484 -83 0
-206 416 0
155 306 0
243 416 0
-196 351 0
-193 -313 0
-417 -117 0
347 -388 0
-573 309 0
-294 143 136 200 -587 316 299 121 87 375 232 105 259 -407 289 0
417 -276 0
-263 589 0
536 67 0
-69 -138 0
159 392 0
40 300 0
-427 -372 -324 -213 -543 -103 -125 -472 -514 -424 -374 -218 -534 -530 39 -532 0
405 -117 0
-444 99 0
324 -117 0
417 -265 0
381 -117 0
-248 563 0
525 -177 0
417 126 0
354 -117 0
120 3 5 236 -40 24 100 90 33 334 287 79 -468 27 50 -395 -298 0
-301 -324 -381 -542 -175 -522 -59 117 -354 -498 -405 0
258 96 486 265 319 97 -292 -417 276 105 -126 0
-375 -418 0
59 -535 0
507 -461 0
-375 -197 0
-425 -274 0
-375 464 0
418 -164 0
-375 -345 0
-235 576 0
228 -105 0
497 -411 0
-375 545 0
496 -101 0
-172 -586 0
-58 322 0
-4 -32 0
418 -174 0
292 68 0
418 -244 0
403 -556 0
418 -134 0
-375 284 0
324 -55 0
-268 409 0
84 208 124 56 244 134 77 23 174 45 245 164 -418 0
-244 494 0
-140 408 0
512 408 0
-420 -413 0
-371 -310 0
-420 221 0
509 205 0
-2 570 0
543 -124 0
-420 243 0
326 -124 0
-420 -26 0
-572 -124 0
-278 405 0
399 -124 0
-82 489 0
-27 410 0
-420 -265 0
-342 -124 0
-420 -177 0
108 -124 0
-420 -558 0
240 -249 96 -280 83 8 -155 -95 79 0
-420 -74 0
-124 416 0
-66 537 0
-73 -124 0
-420 204 0
-355 -246 0
339 505 0
-324 -462 -415 -510 -443 80 -352 -163 210 0
482 -215 0
-327 290 0
-596 576 0
-191 -244 0
582 -121 0
-454 -282 0
-121 -191 0
-244 578 0
-214 387 0
-454 -17 0
-271 458 0
-454 -185 0
241 -87 0
-264 353 0
-121 372 0
384 -88 0
-121 -401 0
-454 -244 0
-121 412 0
169 -200 0
-121 418 0
-375 -454 0
-121 133 0
394 -467 0
-121 522 0
-454 -486 0
-351 -372 -522 -582 121 401 -133 -203 191 -418 -156 -412 -347 -350 0
267 535 185 316 396 486 454 244 72 375 17 -395 368 282 0
-122 -536 0
-371 -122 0
-253 449 0
-307 565 0
536 -139 0
-177 553 0
536 512 0
377 -122 0
536 -147 0
-122 487 0
536 187 0
545 -122 0
536 -245 0
464 65 0
552 536 0
-122 547 0
536 -247 0
-12 523 0
-471 354 0
163 -210 0
-444 163 0
-140 297 0
-96 -586 0
-62 332 0
123 584 0
-437 -137 0
339 123 0
-470 555 0
123 -431 0
-131 555 0
379 123 0
65 555 0
123 491 0
-463 555 0
-57 123 0
448 -84 0
498 123 0
126 555 0
385 123 0
-581 555 0
156 123 0
555 -185 0
123 524 0
-334 555 0
85 -32 0
68 -3 0
424 123 0
-264 -425 0
123 434 0
-134 555 0
532 123 0
555 568 0
-511 502 0
430 470 185 -568 134 -65 463 -552 70 223 334 388 581 -428 131 -555 -298 -126 0
-424 -223 0
-572 -223 0
424 -517 0
354 -223 0
424 -97 0
418 -223 0
-425 -558 0
459 -223 0
-66 424 0
-517 592 0
-191 -86 0
-451 425 0
-451 -321 0
564 256 0
449 -32 0
-484 -449 -385 34 -343 -520 -376 454 -326 50 -532 -495 419 -356 0
-451 314 0
-425 -559 0
-451 417 0
-425 -117 0
-491 -463 0
-425 -93 0
218 -118 0
-425 -463 0
132 149 0
-183 353 0
-451 410 0
474 -64 0
-451 85 0
-77 -447 0
-451 151 0
-425 154 0
-451 468 0
-425 -310 0
-451 537 0
-50 376 0
-451 149 0
68 -83 0
377 -451 0
-425 -147 0
570 -83 0
-511 426 0
507 -476 0
507 547 0
568 595 0
507 -481 0
119 -245 0
-408 -520 -363 -284 80 -318 -550 -442 -515 -492 -447 -297 -226 -553 0
476 -285 0
218 -278 0
-320 60 0
360 507 0
476 -281 0
-465 188 0
476 -23 0
507 468 0
476 -310 0
104 93 278 266 -249 46 35 26 -584 -155 -226 0
476 115 0
469 -266 0
476 -223 0
403 507 0
-165 405 0
515 226 0
-250 362 0
233 120 -427 98 295 161 48 193 -395 179 460 0
536 -238 0
459 -179 0
-408 -202 -554 -59 -370 -574 -103 355 -329 -391 189 -336 -532 0
-464 -164 0
279 -265 0
336 -207 0
279 65 0
381 -106 0
279 -319 0
-167 363 0
279 -78 0
-106 479 0
267 -301 9 107 185 299 319 596 -40 87 289 0
-225 -481 0
279 -244 0
-106 397 0
423 -242 0
187 362 0
-78 563 0
-106 520 0
-20 595 0
284 -388 0
220 78 121 -213 265 319 244 -65 5 -52 -279 -54 0
-445 -429 0
-445 175 0
292 429 0
153 -173 0
429 19 0
-527 -141 0
-310 365 0
-445 -57 0
398 217 0
536 -445 0
-122 429 0
529 -120 0
-152 429 0
458 154 0
-266 501 0
-445 585 0
429 41 0
-4 -10 0
429 -176 0
-445 489 0
-189 429 0
-413 538 0
-206 429 0
-445 520 0
306 -245 0
-313 -467 0
429 -98 0
143 -159 37 -315 266 559 244 235 173 517 174 114 421 232 -226 0
-19 220 152 122 206 98 -213 49 117 -292 176 11 388 -429 -41 189 212 0
-130 -85 0
-12 315 0
85 -293 0
437 -452 0
-69 -481 0
515 67 0
-287 554 0
-225 -325 0
85 -93 0
-130 362 0
85 -62 0
-130 169 0
-225 85 0
-130 497 0
-152 85 0
439 568 0
372 -51 0
-130 440 0
-140 85 0
-130 484 0
85 -27 0
-348 -48 0
-50 532 0
-234 169 0
-276 85 0
-21 563 0
85 243 0
-254 553 0
-235 -355 0
-283 344 0
-435 -411 0
-285 -431 0
-131 322 0
405 -9 0
-131 286 0
537 154 0
-131 108 0
-558 -431 0
-131 112 0
-469 -312 0
-273 -307 0
-431 -107 0
-244 314 0
-143 418 0
-118 341 0
-206 -431 0
-506 138 577 -533 -286 131 -332 -108 -112 -322 -350 0
-401 -278 0
-119 -561 0
-79 318 0
-74 357 0
315 -561 0
-137 574 0
-264 448 0
-581 119 0
353 -561 0
-527 -215 0
-198 -561 0
-342 -400 0
-295 487 0
-375 119 0
424 -561 0
-255 538 0
284 -561 0
-208 119 0
-438 -561 0
-413 119 0
525 -561 0
552 119 0
267 64 194 299 258 295 121 42 493 70 -423 36 289 0
-240 119 0
198 -180 -385 -315 540 -284 -424 -353 -418 438 -525 561 0
-18 364 0
-445 494 0
-471 589 0
-511 364 0
326 -471 0
433 -26 0
506 -16 0
433 -21 0
574 -471 0
496 -239 0
366 -471 0
-359 -9 0
409 -531 0
-147 224 0
491 -471 0
433 -463 0
-197 -471 0
361 -251 0
-471 398 0
433 -100 0
-200 335 0
433 -101 0
597 76 0
433 -389 0
504 -471 0
433 428 0
469 -471 0
-172 585 0
-366 -469 -398 -491 -314 -574 -589 -466 -504 471 321 -326 -112 197 0
21 101 559 389 26 463 23 274 100 -433 312 232 -428 289 0
-134 -434 0
394 -134 0
-94 434 0
-138 178 0
356 67 0
378 -134 0
434 -181 0
448 -134 0
-50 434 0
546 -134 0
-120 530 0
-73 -134 0
434 204 0
-173 426 0
434 -27 0
-302 -484 -378 -394 134 -448 -546 73 0
2 -204 181 -434 162 27 50 94 0
-2 579 0
-411 590 0
-200 435 0
-560 109 0
-20 435 0
510 -411 0
-27 416 0
-455 -320 0
-258 435 0
417 -411 0
433 -207 0
578 -185 0
435 -146 0
-411 496 0
226 530 0
301 -267 0
498 -452 0
-411 397 0
54 435 0
109 459 0
-171 435 0
495 -411 0
-144 81 0
484 -411 0
435 -27 0
528 -411 0
-199 524 0
-411 544 0
-98 435 0
-451 22 0
415 -139 0
-19 -192 -436 42 56 75 170 463 25 88 16 209 62 311 0
-497 -494 -453 -557 -386 -314 -125 -496 80 -352 -418 7 -356 0
-137 593 0
428 -504 0
-137 409 0
437 -260 0
-137 364 0
437 -64 0
-26 490 0
437 -194 0
537 -254 0
428 477 0
-137 595 0
437 -307 0
151 -467 0
437 109 0
-137 119 0
437 -561 0
-137 439 0
286 -483 0
532 -137 0
566 -253 0
-427 -587 -494 -308 -560 -119 -364 -409 -595 -593 -533 137 -439 -532 0
64 86 -437 194 171 -568 307 -109 8 293 209 127 561 260 0
423 159 0
-244 -577 0
-94 524 0
562 -276 0
168 -214 0
-122 201 0
-319 524 0
-260 499 0
524 -388 0
-140 -440 0
224 -246 0
-334 149 0
442 575 0
504 -334 0
580 -96 0
478 -181 0
-182 524 0
-334 541 0
-262 61 0
-220 405 0
533 -283 0
-7 435 0
207 220 104 37 182 319 13 -524 388 -428 148 94 0
-139 -296 0
-139 526 0
226 296 0
-301 -272 -408 -466 69 -352 4 425 -322 -410 0
296 -124 0
496 -238 0
-45 296 0
-294 182 -453 255 25 274 30 281 -41 79 -187 12 0
-503 109 0
-139 -39 0
145 187 0
402 76 0
-307 296 0
546 -246 0
296 115 0
-139 416 0
-197 -176 0
-139 397 0
54 296 0
-416 420 -415 -526 -598 139 -595 39 345 -397 0
116 124 195 307 170 45 -296 -115 -54 -226 0
404 -334 0
-140 599 0
440 -214 0
-122 570 0
-581 156 0
-140 391 0
-150 422 0
420 -124 0
560 -63 0
-130 580 0
571 -158 0
-140 464 0
440 -164 0
-140 -345 0
301 -211 0
-140 403 0
-371 -104 0
-140 188 0
440 -51 0
-140 528 0
-573 440 0
-597 -594 -188 140 -464 -408 -403 -599 -391 -286 345 -528 0
573 -294 214 275 82 45 -440 164 -407 -505 51 231 0
524 -64 0
-141 590 0
-463 522 0
-32 466 0
-242 -441 0
-141 391 0
-82 -441 0
113 593 0
65 -441 0
108 -141 0
462 277 0
-425 -141 0
-451 -441 0
417 -287 0
-451 228 0
557 -141 0
477 -240 0
497 -141 0
-152 -441 0
584 249 0
498 -26 0
437 -141 0
-137 -441 0
543 -141 0
-441 243 0
-437 -497 -453 -557 -349 -379 -543 -391 -435 273 -600 141 425 -108 -590 0
-243 152 200 558 451 144 49 82 -65 303 160 242 411 441 137 0
142 -442 0
510 -194 0
-148 524 0
59 142 0
442 -96 0
579 142 0
-454 -556 0
464 142 0
442 -164 0
142 494 0
-102 59 0
433 142 0
442 -471 0
364 -158 0
482 -16 0
156 142 0
442 -185 0
-511 553 0
442 -389 0
142 479 0
213 442 0
142 449 0
509 442 0
314 -215 0
449 -245 0
-143 -443 0
-143 203 0
443 -267 0
-143 357 0
-508 443 0
-143 599 0
443 -214 0
-143 1 0
300 -46 0
538 -28 0
450 -172 0
-143 497 0
-152 443 0
-143 372 0
443 -72 0
-117 567 0
-375 443 0
-143 437 0
443 -137 0
-143 -14 0
443 95 0
-143 542 0
22 243 0
-437 -497 143 -372 -542 14 -357 -1 -599 -203 -418 -279 0
499 -55 0
-144 -557 0
-167 563 0
557 -295 0
-144 580 0
-416 -358 -469 -522 -314 577 -466 244 -537 -485 -576 -397 431 -412 -410 0
-144 59 0
-141 435 0
323 -223 0
-214 348 0
569 -274 0
557 395 0
-271 446 0
-51 332 0
476 -90 0
557 -45 0
-144 524 0
-233 -586 0
-144 472 0
557 -172 0
-144 518 0
-247 323 0
-436 144 -59 -580 -472 -518 -514 -81 -524 -480 -442 -476 345 0
136 299 -557 295 96 452 45 334 89 -142 172 -507 12 0
-425 -475 0
-283 129 0
-446 -460 0
364 -35 0
-274 -321 0
384 -460 0
-150 47 0
522 -58 0
446 -90 0
573 508 413 171 264 42 400 -353 539 70 460 183 0
-74 541 0
443 -460 0
487 60 0
543 -460 0
446 243 0
-540 -460 0
-471 466 0
14 -384 -370 -1 -364 -380 -458 -391 -81 -588 88 73 -332 0
-208 -284 0
-265 489 0
-243 143 -446 240 63 299 74 90 421 276 -142 0
-425 -130 0
447 -283 0
-261 473 0
497 -486 0
-449 509 0
509 1 0
-161 449 0
509 491 0
-139 499 0
218 509 0
536 -71 0
128 -57 0
153 -232 0
-75 354 0
449 -97 0
509 374 0
-497 -479 -506 -175 -349 -520 -544 -502 -585 -323 80 -489 -417 57 445 -317 -536 0
509 459 0
-376 -455 0
509 222 0
277 -359 0
224 -158 0
-449 186 66 97 74 196 463 161 253 0
-467 387 0
-371 -274 0
156 -278 0
500 -162 0
347 -215 0
360 -185 0
410 60 0
458 -185 0
-102 554 0
119 -223 0
113 156 0
385 -12 0
377 -90 0
-39 -185 0
156 -170 0
592 -185 0
-264 156 0
547 -185 0
530 -233 0
491 -295 0
-282 468 0
-193 -125 0
-193 526 0
-130 515 0
-193 180 0
-275 440 0
423 -193 0
-255 125 0
-4 -7 0
336 217 0
-193 404 0
560 99 0
-294 146 254 295 96 3 -580 88 -95 -142 270 239 15 -126 0
-160 125 0
-193 119 0
125 -561 0
-193 449 0
509 125 0
324 -195 0
104 255 -125 251 160 -184 287 -509 561 -226 0
54 521 0
-328 -152 0
497 -28 0
-152 301 0
497 -258 0
-313 -411 0
497 -232 0
-152 579 0
-167 497 0
536 -152 0
180 -561 0
403 -319 0
221 330 0
-152 205 0
132 -456 0
-152 538 0
-316 -359 0
377 -152 0
-147 497 0
-301 152 -366 -205 -377 328 -579 -538 80 -435 -536 0
-193 363 0
-576 -383 0
-328 -383 0
522 41 0
-340 -383 0
40 576 0
-261 563 0
409 -124 0
391 -383 0
-301 -351 -426 -541 268 -175 -386 -582 -549 -125 -409 -482 -457 -356 0
202 -27 0
99 576 0
-390 -383 0
576 -90 0
-383 47 0
-452 -540 0
404 -383 0
-104 576 0
479 -383 0
-152 404 0
-383 595 0
-307 576 0
429 -383 0
-445 576 0
439 -383 0
-171 576 0
473 -383 0
576 -173 0
-383 332 0
-121 203 0
482 -383 0
-530 -3 0
-473 -563 -479 328 -391 390 -399 -595 -429 -47 -482 -439 -332 -404 340 383 0
104 182 171 -99 28 -132 -213 82 307 596 -40 173 90 16 -576 445 0
-151 154 0
-191 154 0
61 -266 0
301 154 0
-258 151 0
187 286 0
-569 -436 -446 -330 -574 -450 -399 -474 -588 -417 -468 71 -404 0
302 154 0
-2 151 0
228 154 0
-516 151 0
-342 154 0
-243 107 -292 176 167 88 -163 164 89 288 58 102 197 0
536 -388 0
151 -185 0
-500 -362 -188 -446 -462 586 454 80 390 191 -300 -457 -412 465 0
-152 151 0
341 154 0
-92 151 0
472 154 0
-573 499 0
409 60 0
41 151 0
247 508 144 -363 167 72 312 288 50 -367 193 311 0
-445 151 0
154 489 0
-189 151 0
-301 -302 -497 -228 -341 -365 -472 -585 -489 191 342 -429 -156 -154 0
2 152 185 316 92 258 -151 -41 189 79 177 445 516 172 0
-224 -58 0
391 204 0
224 226 0
525 -58 0
552 224 0
-275 501 0
298 423 0
175 -58 0
542 -460 0
-69 322 0
-96 405 0
417 -58 0
224 -117 0
410 95 0
224 163 0
-193 369 0
224 -118 0
-470 528 0
224 -388 0
-390 -58 0
224 -90 0
397 -58 0
-33 392 0
119 -58 0
224 -561 0
449 -58 0
348 -93 0
-58 576 0
391 -88 0
-456 -58 0
-150 224 0
-58 541 0
224 -207 0
305 -244 0
-13 -406 0
-4 -139 0
366 -263 0
302 -260 0
528 -89 0
510 -539 0
478 -96 0
584 -483 0
-232 392 0
-313 -539 0
498 -110 0
462 -271 0
392 -23 0
-63 201 0
528 257 0
-539 286 0
-275 392 0
-4 -539 0
417 -258 0
216 -539 0
-194 -401 0
149 -539 0
-208 499 0
205 -104 0
-92 525 0
313 -216 -366 -149 -510 -241 577 539 4 -286 -564 197 0
233 -159 -392 285 275 13 235 23 -163 232 148 7 0
-145 -158 0
542 -158 0
145 -276 0
-481 -158 0
298 145 0
-274 489 0
145 -259 0
-455 404 0
-454 -72 0
-371 -158 0
-150 525 0
-271 457 0
145 -94 0
464 -13 0
313 -541 -491 483 -364 -584 -519 -151 273 -286 0
41 382 0
553 249 0
-427 -354 223 572 -418 -459 0
145 -58 0
226 553 0
-75 145 0
-456 -92 0
145 -237 0
487 -158 0
-69 408 0
434 -158 0
145 -134 0
459 -158 0
-452 579 0
-402 -453 -510 -398 -522 -501 481 -533 -326 -332 62 -459 0
145 -27 0
-484 -567 -563 -224 -542 -168 -487 -450 -394 -534 481 -434 -571 371 158 -459 0
93 -145 66 75 134 -60 237 276 16 58 -187 259 27 71 -298 94 0
-66 -459 0
557 -214 0
-2 112 0
-66 409 0
-87 526 0
-66 1 0
390 -90 0
-66 -210 0
-88 459 0
-66 149 0
-148 459 0
-66 372 0
446 277 0
-420 -116 0
61 -177 0
-190 469 0
-98 459 0
-597 -372 -149 66 -544 -1 -409 -537 210 419 0
166 -97 0
159 4 0
582 159 0
-139 -345 0
-334 -524 0
437 568 0
510 159 0
418 -84 0
159 297 0
-511 403 0
159 373 0
-4 -467 0
522 -211 0
-270 -198 0
1 -88 0
-4 -281 0
159 22 0
-120 218 0
-425 159 0
-208 555 0
159 201 0
-281 201 0
159 -198 0
-4 -556 0
424 159 0
-278 347 0
-73 159 0
-4 204 0
-263 -39 0
-4 -596 0
159 523 0
513 -90 0
485 -283 0
-541 93 13 199 539 74 8 471 -41 -428 212 0
530 -215 0
-73 19 0
-263 461 0
-182 578 0
-461 -289 0
-302 -2 0
592 -289 0
476 -263 0
-105 599 0
-263 -431 0
-282 -320 0
-263 555 0
123 -461 0
-263 -325 0
-25 -461 0
81 -475 0
-461 -158 0
284 -100 0
-461 -239 0
-24 518 0
-411 -461 0
-263 363 0
-183 542 0
-563 -145 -363 -589 -435 325 -476 263 431 -457 -555 419 0
84 461 25 411 16 239 131 432 158 289 -507 -123 0
59 -274 0
582 -162 0
-152 149 0
353 -194 0
546 -493 0
417 -162 0
546 -117 0
-162 -441 0
-141 546 0
-258 589 0
-199 546 0
-162 521 0
-53 494 0
279 -5 0
-157 546 0
-162 526 0
323 -36 0
-445 -456 0
136 104 -99 310 117 174 274 30 288 259 371 269 460 0
169 19 0
14 95 0
478 -42 0
513 -475 0
205 257 0
-196 156 0
205 -69 0
-196 68 0
205 -268 0
-196 580 0
-12 205 0
108 -93 0
59 -316 0
272 -24 0
205 -411 0
448 -310 0
205 -185 0
-196 515 0
205 -215 0
-196 490 0
-190 205 0
-196 380 0
292 -175 0
453 -110 0
-147 346 0
356 -83 0
205 243 0
515 395 0
-147 302 0
-68 -351 -551 -462 444 -543 -547 -380 -490 -580 -435 196 -515 -156 0
247 -243 246 185 215 -205 268 190 69 -257 17 411 311 12 0
529 -261 0
566 -27 0
-270 464 0
-164 369 0
464 -251 0
-219 574 0
464 -430 0
373 -164 0
464 -467 0
-313 -164 0
-535 553 0
404 -164 0
-202 -262 0
360 -261 0
346 -172 0
449 -164 0
175 -23 0
-164 541 0
-51 474 0
313 -449 -541 -373 -153 -584 -588 -369 164 -404 -297 0
113 108 0
-370 -165 0
582 -165 0
-25 520 0
-165 329 0
256 370 0
-165 -572 0
198 -556 0
-165 1 0
-161 370 0
-165 408 0
-30 496 0
476 -231 0
-105 370 0
-452 565 0
277 370 0
22 -165 0
-45 595 0
433 -165 0
-51 585 0
372 -165 0
91 -372 -594 -520 -554 586 -1 454 -203 340 0
422 -165 0
-167 548 0
202 -400 0
202 -271 0
354 -32 0
-10 412 0
-466 -389 0
-389 376 0
-455 466 0
-389 103 0
-219 380 0
373 -13 0
-594 -366 -479 -377 -510 -504 -218 -166 114 -422 -530 -286 345 -521 -317 -555 -347 0
404 -389 0
202 -93 0
-282 442 0
-400 466 0
-39 -389 0
-170 466 0
-456 -389 0
-150 466 0
-180 -287 0
104 400 -466 150 170 29 455 -31 0
284 -246 0
532 -258 0
-73 -259 0
-390 99 0
-455 339 0
480 204 0
-73 -89 0
380 204 0
-411 188 0
314 204 0
-73 -559 0
145 204 0
-73 -158 0
-368 424 0
-73 -177 0
379 204 0
-73 65 0
-118 473 0
-73 -225 0
85 204 0
-73 -130 0
-425 204 0
-73 -451 0
204 499 0
-73 290 0
502 204 0
-73 -176 0
-460 -359 0
156 -233 0
272 204 0
-73 217 0
-204 -272 -510 -145 -379 -85 -314 -502 -450 -169 -323 -480 342 -546 425 -499 0
-19 -217 225 451 559 -65 176 130 89 7 73 259 177 -290 162 158 0
-94 458 0
353 -51 0
512 537 0
315 -114 0
562 -261 0
54 333 0
-275 525 0
429 -117 0
-79 468 0
221 85 0
-5 468 0
333 -310 0
-33 468 0
-310 565 0
-24 468 0
-251 495 0
468 -90 0
398 -310 0
468 -100 0
-310 524 0
-102 584 0
-196 551 0
-50 468 0
347 -310 0
-208 506 0
422 -310 0
468 -236 0
-116 408 0
468 -27 0
523 -310 0
-120 468 0
42 13 170 252 -67 114 100 90 239 -407 -277 368 406 0
202 -190 0
358 -96 0
113 323 0
-431 -101 0
326 -312 0
145 -16 0
-162 357 0
-255 -481 0
-385 34 -582 -304 -403 -501 -222 -353 17 -317 340 135 0
469 -13 0
397 -312 0
54 469 0
-454 -50 0
-140 469 0
313 -440 312 -326 -286 -397 0
563 -158 0
-55 369 0
-91 553 0
-287 -39 0
119 -172 0
-390 -51 0
323 -170 0
-39 19 0
-328 -170 0
205 -30 0
-461 -170 0
159 332 0
-425 -170 0
-451 -39 0
-285 473 0
159 -39 0
-173 376 0
-39 -172 0
363 -170 0
-251 494 0
-500 -582 -544 -526 527 -417 441 162 -521 -553 0
-19 84 -159 451 28 287 39 263 172 289 0
-171 -439 0
-171 335 0
439 -35 0
-260 459 0
-534 -237 0
358 -171 0
155 439 0
374 -171 0
439 -74 0
-171 459 0
552 -454 0
-456 -171 0
304 -36 0
-577 -238 0
-186 439 0
532 -171 0
-130 490 0
520 -171 0
279 54 0
437 -493 0
434 -64 0
554 -189 0
220 186 98 -568 66 35 77 150 74 -155 -439 -126 212 0
-472 -172 0
480 -172 0
472 -89 0
314 -172 0
-559 472 0
-197 -172 0
521 41 0
-87 149 0
472 -195 0
-10 457 0
-415 115 0
356 -172 0
502 -237 0
-172 499 0
360 65 0
570 -319 0
-51 472 0
-503 -172 0
132 133 0
216 -172 0
-206 523 0
-324 101 186 -192 195 467 55 -52 276 189 239 110 460 0
472 -561 0
-390 -278 0
531 195 559 56 -472 235 181 23 89 -290 51 561 0
156 154 0
373 -15 0
-502 -176 0
-173 593 0
473 -293 0
99 323 0
-573 380 0
68 -261 0
361 -87 0
424 -287 0
-18 473 0
-160 384 0
-5 473 0
59 -173 0
-161 149 0
-116 398 0
169 204 0
579 -173 0
-167 473 0
-173 362 0
473 -62 0
-63 446 0
-10 473 0
201 -173 0
-251 365 0
-445 323 0
360 -56 0
-173 387 0
-390 -312 0
-73 -173 0
484 -310 0
439 -173 0
473 -171 0
526 -173 0
226 473 0
549 -173 0
473 249 0
-225 547 0
-473 -204 171 -249 96 83 118 5 -292 167 261 87 11 293 10 259 18 62 -226 -113 0
-189 103 0
272 -100 0
372 -84 0
453 -174 0
-242 474 0
-425 -174 0
22 -27 0
222 -207 0
464 -207 0
-245 -406 0
474 243 0
-551 -188 -453 -349 -543 174 -600 425 0
-243 451 49 69 303 242 -474 51 0
-368 -133 0
497 -182 0
361 128 0
-368 599 0
213 216 0
-527 -158 0
133 99 0
-368 394 0
-94 133 0
-368 324 0
512 381 0
-368 145 0
133 -158 0
483 -256 69 235 106 -128 -545 110 -509 561 212 0
133 -88 0
-368 47 0
472 -531 0
376 -561 0
-144 133 0
-368 205 0
-481 -269 0
-78 567 0
133 -223 0
-368 429 0
-445 133 0
377 -71 0
133 -413 0
-324 -205 -557 -145 -591 -394 -424 -599 -399 -429 -47 438 210 368 0
-73 60 0
-259 382 0
180 -233 0
2 64 573 -204 37 171 -380 251 139 70 -155 270 465 0
-268 457 0
301 -179 0
-233 125 0
241 -193 0
-233 496 0
241 -400 0
379 -233 0
241 65 0
59 -117 0
156 -258 0
-392 -539 0
241 290 0
-233 487 0
-333 -484 -180 -523 -565 -398 -365 310 -448 390 481 -524 -422 -530 -305 340 -347 0
515 -233 0
-75 547 0
-233 387 0
-121 347 0
-233 119 0
207 508 531 136 185 63 -560 66 467 581 177 158 0
-540 -233 0
-273 -251 0
233 -180 -436 -387 -349 -145 -379 540 -487 -119 -125 -496 -515 -156 -317 -499 0
136 185 215 240 -241 400 49 -65 87 287 -187 -290 193 158 561 212 0
-477 -42 0
554 -42 0
477 -254 0
-328 -42 0
-150 599 0
510 -42 0
372 -176 0
464 -42 0
-401 -15 0
47 -42 0
469 -26 0
433 -42 0
-216 238 299 250 559 66 -213 307 75 -109 303 179 383 94 0
-217 143 262 147 -579 75 452 274 334 16 248 18 269 516 289 383 -113 0
378 -214 0
504 -42 0
-63 589 0
592 -42 0
-264 477 0
-328 60 0
-235 477 0
429 -42 0
-445 477 0
76 541 0
-465 405 0
-540 -42 0
-282 520 0
224 -276 0
-204 -178 240 -477 28 254 264 -132 235 303 471 164 -428 7 445 0
-478 178 0
373 -9 0
-301 -551 -373 -522 234 -399 342 -564 -495 -412 419 -553 0
-53 306 0
132 478 0
537 217 0
478 76 0
468 178 0
-264 -438 0
-245 410 0
213 478 0
474 178 0
478 -174 0
356 178 0
478 -56 0
202 -189 0
478 -195 0
-110 567 0
-540 -237 0
515 178 0
-35 590 0
279 -291 0
-375 478 0
-503 -100 0
-484 -61 -500 208 -462 -548 -506 -398 -543 -504 -593 572 -521 -555 -562 406 135 0
569 -5 0
221 -521 0
-178 -587 -479 -370 -119 -501 -598 -399 -474 -515 -418 -47 -468 -356 0
86 165 -478 215 -99 195 -132 -213 56 310 174 375 -76 561 0
355 -179 0
241 -158 0
-258 -355 0
361 -179 0
-114 -355 0
498 -179 0
-190 326 0
-232 474 0
-147 -355 0
-406 -179 0
128 -355 0
305 -106 0
-66 482 0
548 -179 0
-78 151 0
366 -539 0
147 258 66 355 70 114 -52 -128 248 209 -126 0
-596 -332 0
126 402 0
-255 332 0
284 -319 0
-102 332 0
169 -237 0
-275 332 0
-197 -596 0
-23 332 0
-535 387 0
332 -110 0
-596 356 0
-56 332 0
504 -596 0
587 -295 0
-596 188 0
-143 446 0
-368 393 0
-171 380 0
-402 -188 -403 596 -504 -533 -423 -286 -410 -356 197 0
275 255 56 23 -428 209 -332 110 51 102 231 0
591 -176 0
213 103 0
-432 583 0
324 213 0
-193 479 0
213 125 0
-48 458 0
218 213 0
433 -289 0
272 -146 0
479 -170 0
-14 -455 0
-172 479 0
363 -311 0
256 534 0
22 -535 0
479 -74 0
-445 479 0
479 -223 0
213 534 0
-234 373 0
213 532 0
-323 19 0
213 530 0
54 376 0
543 213 0
479 243 0
218 -117 0
-225 434 0
-182 -482 0
-182 563 0
488 -232 0
202 -289 0
482 -430 0
-313 -182 0
482 -13 0
458 -182 0
-285 364 0
564 -13 0
247 -243 2 -569 396 285 5 -221 100 162 -298 0
-182 479 0
482 213 0
477 -182 0
570 -23 0
363 -182 0
-48 -406 0
-247 347 0
-243 207 -204 116 420 413 558 -99 265 26 74 517 -221 276 177 0
534 -182 0
-263 490 0
-182 459 0
-66 -355 0
518 -182 0
482 -452 0
422 -114 0
482 249 0
109 373 0
509 166 0
-378 -181 0
-273 -35 0
378 -493 0
523 -3 0
547 395 0
399 -7 0
378 -316 0
-162 374 0
385 -289 0
570 -56 0
378 -164 0
-220 429 0
378 178 0
-181 479 0
39 -170 0
336 -93 0
330 -71 0
-120 370 0
-420 -287 0
473 -181 0
378 -173 0
-473 -478 -372 -479 -464 -538 -599 181 -352 191 -566 -553 0
-378 238 -178 316 266 214 -213 493 173 72 -52 164 0
566 -312 0
-27 382 0
484 -91 0
59 -32 0
297 -100 0
-210 -27 0
525 -289 0
-150 329 0
484 -110 0
351 -146 0
-276 518 0
-27 499 0
439 -98 0
228 -214 0
506 -116 0
205 -231 0
-196 -577 0
520 -27 0
-220 484 0
-416 -153 -520 -382 -352 441 27 210 -339 -410 -350 -499 0
-484 116 91 220 470 396 83 88 -52 141 -290 110 0
-150 456 0
-18 402 0
-456 -214 0
-281 -360 0
201 -185 0
564 -199 0
256 -456 0
-471 -577 0
-456 -254 0
-150 426 0
-456 -261 0
267 207 200 558 185 -385 -575 -132 255 236 70 312 -407 12 183 0
-456 -517 0
-150 510 0
-456 -7 0
-150 -461 0
-456 -263 0
22 -173 0
86 104 258 42 -103 118 242 24 -155 50 516 32 0
448 509 0
-456 126 0
-150 -4 0
159 -456 0
-150 487 0
-456 187 0
440 -82 0
-456 -236 0
-150 429 0
-18 -320 0
-150 518 0
-92 524 0
81 -463 0
-118 335 0
526 -493 0
-16 -321 0
222 -493 0
-186 323 0
222 19 0
-285 518 0
-261 222 0
360 -295 0
-270 222 0
-186 314 0
-559 222 0
-511 -210 0
-275 222 0
333 367 0
222 -269 0
-160 203 0
222 -23 0
-57 -186 0
512 286 0
128 -34 0
-236 590 0
403 -186 0
222 -231 0
-98 -321 0
-140 222 0
-186 370 0
-165 222 0
-186 541 0
518 -179 0
518 -238 0
-220 222 0
523 -186 0
-479 -491 264 -280 -448 -169 -524 425 -536 -279 -350 0
351 257 0
-138 154 0
-21 306 0
526 -74 0
-160 450 0
-140 286 0
379 -259 0
-131 554 0
-208 562 0
-425 -291 0
-62 487 0
-105 591 0
-148 487 0
187 489 0
-189 487 0
187 521 0
221 487 0
187 526 0
226 487 0
-362 -149 -510 -526 -81 -489 -550 -346 -187 -521 0
295 46 -487 -221 148 189 7 62 -226 229 0
512 -488 0
512 528 0
488 -573 0
512 -540 0
488 -240 0
512 574 0
-10 585 0
512 300 0
-511 488 0
-263 565 0
-463 347 0
538 -383 0
-516 488 0
512 151 0
557 -240 0
31 119 0
488 -42 0
512 354 0
488 -97 0
512 -401 0
488 -244 0
-454 -368 0
488 -245 0
-420 -5 0
488 -460 0
512 538 0
488 -238 0
512 473 0
488 -173 0
512 -355 0
488 -179 0
256 330 0
573 238 240 299 42 -488 244 97 173 274 511 245 421 -154 -505 516 179 460 0
-189 -489 0
-189 329 0
256 489 0
9 200 84 170 139 148 -290 -407 51 -528 465 0
-254 489 0
336 -189 0
489 -483 0
574 -189 0
-563 -16 0
-189 391 0
272 -483 0
59 -189 0
-96 489 0
-474 -174 0
-517 370 0
-189 408 0
505 489 0
525 123 0
-262 489 0
-5 450 0
-165 489 0
-189 -355 0
-3 585 0
424 -267 0
489 568 0
-375 356 0
165 262 -568 254 96 483 82 -256 -489 274 29 -505 179 0
-190 -490 0
598 -91 0
339 -146 0
140 -469 275 26 13 -54 0
-137 494 0
-190 364 0
490 -64 0
-190 331 0
31 490 0
-190 562 0
-199 457 0
-190 -461 0
482 -237 0
-190 149 0
-148 490 0
-66 544 0
510 -400 0
543 -190 0
490 243 0
-227 -469 -149 -543 461 -364 190 191 -331 -326 -344 -562 0
568 -532 0
65 201 0
500 575 0
491 -486 0
302 -7 0
489 -179 0
280 -463 0
-252 491 0
-463 318 0
-18 491 0
-316 188 0
-131 491 0
-463 494 0
-194 491 0
-333 -402 -587 -205 -315 -523 -462 -510 295 -360 -309 325 -336 -112 -578 -356 0
188 -90 0
-220 526 0
198 -159 -373 -523 -510 -582 -543 -360 -424 -600 73 -423 -22 425 -296 -332 -201 -297 0
-463 374 0
491 -74 0
-494 -522 -280 -81 463 -318 -374 -498 431 -347 0
194 -491 295 486 252 74 18 131 -395 -126 0
9 165 -217 200 182 295 539 452 -552 70 17 -492 269 -367 229 0
-531 503 0
-217 122 470 84 37 -304 70 45 11 -428 -142 58 36 158 0
-503 -260 0
-371 -531 0
-503 -71 0
-342 -84 0
-503 -104 0
468 -531 0
477 -164 0
-531 474 0
-503 -174 0
592 -531 0
417 217 0
-34 -531 0
-503 67 0
59 155 0
-503 -240 0
-53 392 0
-301 -565 -568 -591 -502 -364 -329 -537 -550 -429 -492 -286 438 -108 0
-232 449 0
529 -144 0
-413 494 0
-194 203 0
-267 494 0
-375 -481 0
-28 494 0
417 -194 0
494 -117 0
-320 -307 0
591 395 0
166 -90 0
494 -269 0
-194 524 0
-219 -230 0
-162 553 0
305 -124 0
-194 341 0
298 133 0
-116 477 0
305 221 0
372 -225 0
-471 -433 0
-569 194 -341 328 -408 401 -353 -203 -417 -524 -429 438 0
175 -289 0
-495 -55 0
128 280 0
256 495 0
-301 -302 -402 420 -427 -597 -582 -538 -403 -166 -592 -336 -337 -332 260 0
-20 495 0
-328 -263 0
-390 -310 0
457 -55 0
495 -239 0
384 -55 0
-597 -594 -510 -202 -256 80 -599 -534 -474 -564 0
302 -35 0
-325 -389 0
362 -55 0
354 -9 0
598 -55 0
298 468 0
403 -55 0
495 -231 0
-14 -55 0
-121 -198 0
-375 424 0
-239 -457 0
54 394 0
-445 356 0
-252 592 0
-330 -30 0
313 -243 -61 -597 -594 14 -436 -153 -398 -529 -364 39 0
582 -3 0
592 -463 0
-206 341 0
-225 592 0
-264 536 0
-122 592 0
555 -223 0
-451 592 0
-264 524 0
536 367 0
-264 479 0
213 592 0
296 -246 0
-50 592 0
-375 -572 0
1 -177 0
-242 203 0
549 -319 0
381 249 0
372 -71 0
-234 381 0
280 -319 0
-210 -100 0
480 -319 0
381 -89 0
488 -319 0
241 575 0
480 -334 0
-78 381 0
-275 -431 0
-451 381 0
377 -319 0
-147 381 0
529 -319 0
381 -250 0
-144 544 0
-235 381 0
402 -596 0
-208 381 0
-216 -377 -386 -280 -529 -549 -284 -488 319 -458 -588 -480 425 -129 0
-381 208 78 451 250 147 -249 234 252 235 -184 89 288 -512 0
126 -498 0
379 -21 0
298 498 0
326 126 0
-160 -441 0
126 103 0
498 -29 0
126 322 0
-118 498 0
476 126 0
-220 524 0
168 126 0
-75 498 0
126 410 0
-13 392 0
440 -186 0
-247 156 0
126 518 0
428 541 0
-157 393 0
422 -383 0
-500 -199 0
-199 563 0
500 -16 0
-273 -193 0
-270 500 0
-199 555 0
500 123 0
-465 412 0
500 163 0
-190 356 0
500 -17 0
488 -199 0
500 512 0
-573 435 0
469 -90 0
-199 216 0
566 -207 0
-210 -165 0
500 -460 0
-206 480 0
393 -45 0
-235 315 0
409 290 0
512 477 0
-270 306 0
-517 499 0
296 290 0
-301 98 -398 -557 -103 -409 -337 438 406 0
398 290 0
-100 499 0
351 290 0
225 92 483 310 35 13 236 167 181 -60 148 58 50 -590 -367 127 368 289 0
-138 -250 0
-72 499 0
429 290 0
113 -577 0
495 290 0
267 152 508 214 -443 106 72 375 137 -95 276 161 0
284 290 0
-542 -373 -446 265 -598 -222 -352 -489 -492 -112 -457 -495 -410 0
532 290 0
568 499 0
-540 290 0
-216 -378 -366 215 34 -85 39 -459 0
247 -294 147 139 -552 245 -187 44 -512 71 -536 127 0
208 240 -568 139 55 517 72 100 17 445 260 -499 0
-57 -334 0
570 -89 0
292 501 0
598 -62 0
501 -316 0
330 76 0
-30 501 0
-420 76 0
360 -559 0
468 -388 0
-198 -475 0
316 206 66 255 134 303 167 -221 237 219 -485 62 253 12 102 0
544 -260 0
-39 76 0
501 -170 0
76 354 0
-219 -519 0
-104 563 0
501 -312 0
76 332 0
-596 501 0
506 76 0
-206 501 0
-276 380 0
501 -207 0
420 -541 -330 -506 -469 -175 -408 191 -354 -550 39 -286 -332 -344 -76 0
207 316 124 206 275 -501 596 97 170 -292 312 30 44 -505 229 0
292 473 0
-375 166 0
502 -316 0
-321 -176 0
554 19 0
-572 -176 0
502 -517 0
1 -176 0
-120 -320 0
300 -176 0
-191 76 0
-152 522 0
502 -455 0
241 -176 0
502 -233 0
224 -23 0
-283 -80 0
545 -176 0
-516 -320 0
546 -176 0
502 -162 0
-265 549 0
502 -98 0
-372 -376 -241 -544 -1 176 191 -588 321 572 -546 -300 -545 0
21 233 316 98 -502 517 511 72 245 288 161 162 455 0
420 -464 -363 401 -284 -474 375 -434 345 -545 -447 -356 197 0
-50 599 0
532 -475 0
-581 -586 0
385 575 0
-581 203 0
523 -165 0
531 -192 268 264 265 -1 26 77 5 74 196 23 -184 148 177 18 -367 0
153 -56 0
-107 551 0
385 -255 0
-581 580 0
598 -185 0
-581 47 0
132 385 0
-581 108 0
385 -558 0
-581 513 0
21 143 -180 124 140 254 255 117 274 223 131 231 0
407 440 0
61 -55 0
-581 422 0
385 -236 0
-581 469 0
385 -312 0
-511 133 0
385 -207 0
-597 -541 -227 -469 586 -580 -203 -422 581 -423 -513 -156 -47 -108 -590 0
-150 -572 0
-191 -400 0
428 203 0
504 -267 0
-572 290 0
504 -93 0
428 302 0
112 -211 0
428 -359 0
504 -465 0
358 428 0
504 155 0
428 487 0
504 187 0
428 595 0
-445 -572 0
-210 -23 0
504 249 0
-261 323 0
267 2 93 -249 307 303 -504 -155 -187 465 0
-558 -108 0
479 178 0
-558 391 0
313 -301 -272 -488 527 -518 -584 -409 -218 -354 -112 -564 211 0
394 -89 0
566 -291 0
108 -15 0
-558 201 0
207 430 104 -464 467 83 251 13 288 270 -509 0
448 -558 0
108 -50 0
558 -315 -582 -448 -391 -201 0
82 50 15 -108 282 -113 0
-206 -506 0
-206 323 0
506 19 0
-206 563 0
529 -71 0
145 -263 0
-313 -483 0
-206 579 0
-167 506 0
-206 -390 0
-285 392 0
-2 497 0
506 -6 0
-206 201 0
113 506 0
-371 65 0
-92 506 0
284 -110 0
506 -189 0
-206 547 0
-104 61 0
-563 206 -341 -408 -579 -306 -547 -323 390 -489 -201 0
247 -19 -506 92 6 167 90 189 16 -505 -113 0
-541 -207 0
557 -452 0
582 -260 0
-313 -207 0
582 -220 0
159 296 0
-471 541 0
392 -207 0
-539 541 0
374 -207 0
446 -74 0
301 -517 0
-251 125 0
353 -400 0
41 541 0
500 -207 0
-199 541 0
313 207 -500 -392 -308 -585 -504 -374 -433 -571 -317 0
-4 243 0
-276 446 0
-208 593 0
-454 -316 0
-208 -572 0
284 -517 0
304 142 0
284 123 0
-420 -185 0
-240 446 0
-208 398 0
-556 302 0
-208 61 0
-271 284 0
-107 410 0
284 428 0
-208 -406 0
399 -88 0
-174 551 0
284 -27 0
-351 -228 -522 -59 -591 -518 -424 390 105 -571 39 438 359 -447 -459 -129 0
284 -199 0
468 395 0
305 -105 0
-456 -93 0
221 284 0
543 -208 0
-577 -9 0
-208 548 0
284 -248 0
462 -208 0
47 178 0
478 -561 0
111 -243 246 206 -284 271 199 517 -221 100 293 -428 -128 248 27 -277 -123 0
433 -23 0
453 -148 0
-242 149 0
-320 -148 0
-273 -63 0
-148 -461 0
-263 149 0
-120 567 0
-139 149 0
-455 397 0
142 149 0
-573 480 0
379 -94 0
-148 458 0
65 549 0
497 -148 0
-282 546 0
-148 499 0
-248 370 0
531 34 540 -409 -474 -592 371 -468 -404 0
598 -172 0
377 -148 0
-2 504 0
-148 489 0
-189 149 0
-497 -377 -453 -387 461 -458 -489 -442 148 -47 -296 320 -499 0
152 78 -149 147 -132 139 242 87 189 -142 -290 263 20 0
548 -250 0
453 -247 0
292 -57 0
-28 85 0
330 -251 0
-473 -173 0
-122 -57 0
-229 -550 0
598 -107 0
-406 -388 0
542 -124 0
437 -388 0
-137 -57 0
-324 -381 -479 -520 -379 401 454 -458 -352 106 -305 -397 0
-208 -57 0
-161 -438 0
142 -441 0
230 -211 0
409 -211 0
-260 -230 0
-211 584 0
-430 -230 0
598 -139 0
-258 -230 0
564 -211 0
163 -230 0
409 -98 0
76 593 0
599 -181 0
-230 -101 0
-313 -211 0
-13 -230 0
488 -211 0
512 -230 0
-191 -98 0
-97 -230 0
518 -211 0
-452 -230 0
-316 348 0
-282 351 0
-445 417 0
529 -414 0
-216 -351 -563 -446 -488 199 -524 -564 -555 -297 0
430 -217 101 230 157 258 13 97 452 -163 -512 253 260 0
-493 382 0
166 -51 0
279 -58 0
346 -51 0
-46 188 0
-150 571 0
448 67 0
-390 -460 0
-25 188 0
-39 -289 0
341 -72 0
-51 306 0
-122 538 0
159 315 0
-73 -7 0
478 -51 0
188 178 0
300 -181 0
558 215 278 -314 400 236 517 -155 281 18 0
418 -51 0
-375 188 0
-251 380 0
191 -316 0
555 -475 0
41 188 0
-478 -306 -119 -585 -353 -435 390 -166 -346 -418 325 -305 51 0
53 -178 -188 6 46 5 25 90 375 411 -41 561 32 0
-444 -167 0
-84 -461 0
-276 513 0
582 -183 0
-282 513 0
301 -183 0
513 -258 0
587 -10 0
-5 513 0
-183 405 0
-105 513 0
-183 112 0
513 -101 0
-516 -228 0
557 -98 0
-183 537 0
175 -388 0
-165 391 0
513 -236 0
221 -34 0
-150 513 0
-301 -358 -542 -582 -537 456 -422 -305 -405 -112 183 0
101 258 150 5 475 236 -155 276 105 -513 282 0
240 157 -514 -257 293 -115 -507 0
-515 -215 0
366 -215 0
515 -232 0
85 -215 0
226 125 0
-267 382 0
515 -181 0
-39 -215 0
-147 520 0
-425 -10 0
-130 408 0
216 -215 0
111 98 96 400 244 13 235 -292 191 269 51 0
333 -6 0
-66 515 0
-240 499 0
66 170 235 -67 181 130 232 -515 0
-243 64 316 -490 26 70 312 148 44 263 -277 -31 0
591 568 0
532 -291 0
329 568 0
-307 -345 0
301 568 0
153 243 0
98 475 72 88 148 161 -407 432 260 -459 0
532 -24 0
364 568 0
-306 -6 0
568 286 0
593 -55 0
108 568 0
532 -558 0
213 576 0
532 -176 0
-141 441 0
-445 532 0
537 568 0
-118 -325 0
-438 568 0
532 -413 0
478 -165 0
64 413 558 -192 258 275 -256 475 176 24 291 445 -532 229 0
-272 217 0
-558 435 0
-420 99 0
570 217 0
-271 365 0
-572 217 0
-484 -61 -541 -338 266 -272 -469 -591 -365 -501 -218 -593 438 371 -296 -564 0
546 -269 0
-196 435 0
-264 -503 0
376 -223 0
569 217 0
272 -269 0
61 217 0
272 -271 0
-210 217 0
-199 384 0
-197 217 0
272 -23 0
491 217 0
538 -268 0
-411 439 0
272 -48 0
499 217 0
292 545 0
-527 -539 0
109 541 0
-503 -94 0
-527 -211 0
-61 -569 -217 -565 -570 -348 -491 -417 -550 -533 572 -600 -336 -397 210 -528 197 -350 -499 0
573 396 -272 483 271 117 303 463 23 517 24 88 209 -290 269 48 -367 -54 229 0
241 -561 0
569 -247 0
86 208 182 98 396 195 559 49 75 26 77 55 -331 11 88 16 18 50 561 94 212 0
-183 -390 0
-5 518 0
565 178 0
-263 435 0
-327 -452 0
518 -36 0
-452 61 0
-271 518 0
-308 -443 -132 -59 -382 -580 -496 4 -442 -476 -562 0
-581 518 0
-452 -359 0
-270 330 0
-235 402 0
518 115 0
346 187 0
-137 518 0
453 -79 0
453 187 0
-452 -355 0
-174 188 0
-61 -437 -385 -565 -415 327 -538 -394 355 452 359 -305 0
433 -25 0
-97 501 0
-563 -341 -349 -125 -360 -580 -323 261 -300 503 -562 -129 0
519 -493 0
348 217 0
298 519 0
-219 578 0
-167 168 0
-32 -572 0
519 277 0
-219 -390 0
519 -90 0
-219 302 0
346 -101 0
-210 95 0
519 -311 0
-219 534 0
519 -237 0
448 -276 0
519 -383 0
500 -219 0
519 -199 0
547 -269 0
-368 534 0
-14 -45 0
519 -211 0
-219 -527 0
519 -157 0
-219 528 0
519 -573 0
216 -493 0
2 207 573 278 157 493 199 -519 70 90 237 -277 311 -298 211 383 0
-520 -220 0
502 -445 0
-285 520 0
-334 520 0
-484 -426 -376 461 -364 -490 -95 371 345 -393 -447 -528 -410 0
-220 -325 0
-270 439 0
-313 -220 0
-214 -321 0
-220 494 0
-194 520 0
220 -568 121 56 26 -448 -67 55 581 43 27 432 -509 455 0
-463 520 0
-220 -401 0
520 -244 0
353 -100 0
520 -173 0
545 -232 0
-208 520 0
-118 -431 0
370 -238 0
313 -473 220 -494 -491 401 -284 577 325 -405 -532 -447 0
194 208 285 -568 -520 244 77 13 463 25 173 105 0
104 240 264 310 -67 174 71 503 260 0
-75 570 0
521 -30 0
221 426 0
-261 521 0
221 318 0
-18 521 0
574 -21 0
-252 384 0
-79 332 0
566 -15 0
221 494 0
-194 521 0
423 -493 0
324 -455 0
439 -311 0
-50 521 0
-183 -456 0
521 67 0
221 397 0
-497 -152 0
377 -79 0
-573 521 0
221 544 0
521 -98 0
-426 -224 34 -330 -494 -85 -544 -448 -318 -588 -221 -492 -305 -397 -528 0
573 194 -192 98 5 -67 261 130 30 288 58 18 50 -521 -54 0
-105 459 0
407 538 0
-102 522 0
224 -486 0
-325 -51 0
-551 -69 0
502 -161 0
333 -486 0
-139 380 0
361 -486 0
522 -114 0
302 -82 0
241 -240 0
487 -486 0
187 522 0
-235 392 0
-87 522 0
422 -486 0
522 -236 0
-50 520 0
112 -400 0
546 -486 0
-234 412 0
-486 -230 0
-294 220 152 37 486 56 5 196 11 16 44 432 -404 0
580 -3 0
-276 522 0
-264 -572 0
152 470 -522 236 87 114 33 -41 276 288 58 -187 162 211 102 0
-216 -378 -188 -314 -119 -598 -480 503 172 -356 197 -499 0
-120 580 0
-508 474 0
-559 -314 0
-511 523 0
279 -120 0
523 -106 0
-344 -44 0
-53 523 0
-120 387 0
523 -87 0
-478 -567 107 -551 -462 -341 -488 -589 -598 -472 -151 -588 -521 -410 -499 0
128 523 0
-258 387 0
385 -267 0
-120 473 0
523 -173 0
-120 -456 0
-577 -539 0
-120 484 0
523 -27 0
-120 506 0
-235 472 0
-484 -473 120 -506 -387 -370 -580 -353 456 -300 -279 406 0
53 165 206 -523 150 173 106 87 511 -128 27 12 0
-413 438 0
-375 434 0
-437 -175 -284 388 371 -468 -536 406 135 0
512 446 0
-438 -307 0
592 -413 0
-107 589 0
424 -413 0
-438 -223 0
-413 546 0
366 163 0
-413 495 0
361 221 0
413 -1 -424 80 -595 -546 -592 -337 -495 0
551 -110 0
-238 331 0
552 203 0
525 -267 0
552 589 0
484 -88 0
552 286 0
-195 331 0
515 -235 0
-75 525 0
552 478 0
525 178 0
552 477 0
525 -42 0
552 341 0
-233 392 0
552 415 0
-240 -355 0
-66 439 0
473 -96 0
552 -355 0
525 -179 0
552 -456 0
145 -71 0
552 -230 0
525 -211 0
-416 -510 -582 527 -424 -40 371 0
221 525 0
-478 230 -168 -477 -341 -415 -589 454 355 -552 -203 456 -286 -521 -350 0
267 -178 396 92 121 275 42 75 150 -221 -525 289 -115 179 211 0
226 -526 0
168 -158 0
-222 -186 0
226 297 0
-270 526 0
226 318 0
-500 235 17 334 -163 16 270 -512 460 -123 0
-371 -250 0
526 142 0
226 408 0
404 -400 0
226 363 0
-197 -87 0
398 -269 0
526 -215 0
284 226 0
-416 -567 -228 230 -373 -469 -145 28 -85 -306 461 273 325 -562 0
226 520 0
449 -74 0
372 163 0
220 84 208 -192 215 493 -526 77 11 -142 270 18 -505 229 0
578 395 0
-157 357 0
-508 -527 0
305 -157 0
-334 494 0
506 -20 0
423 -42 0
-157 331 0
415 -311 0
-157 -325 0
-527 -25 0
549 -493 0
-183 -527 0
-157 392 0
-567 60 0
-147 374 0
557 -12 0
360 67 0
-527 -122 0
-157 524 0
-527 -334 0
-157 515 0
-53 119 0
-157 153 0
-366 42 83 117 74 174 245 -163 -41 263 -512 -509 158 0
529 -157 0
-527 -250 0
-273 -157 0
-160 -527 0
-392 157 -153 -145 -357 -529 -331 -524 441 273 -515 325 -513 -305 -536 0
473 -253 0
-573 -528 0
-573 590 0
528 -200 0
-573 597 0
407 528 0
417 -486 0
528 -9 0
484 -134 0
528 -139 0
569 -167 0
272 -211 0
-573 -359 0
-465 528 0
-444 -82 0
528 290 0
-282 108 0
346 -24 0
-573 188 0
-18 314 0
358 -252 0
528 -148 0
557 -334 0
145 60 0
-529 -250 0
272 -475 0
529 -316 0
-250 426 0
324 -106 0
305 -250 0
529 -5 0
578 -90 0
546 -289 0
-414 -345 0
529 -253 0
366 -46 0
529 -107 0
361 -7 0
529 -62 0
557 -250 0
-194 -438 0
363 -250 0
529 -84 0
-250 -230 0
529 -211 0
201 67 0
-73 -88 0
57 -388 0
529 -248 0
-426 230 -362 -523 -548 250 138 -557 -363 -218 191 371 -305 -129 0
120 84 107 316 144 -529 5 261 -184 248 71 62 253 211 0
-182 576 0
589 -3 0
530 -289 0
428 555 0
382 -110 0
464 -3 0
530 -164 0
121 66 -365 596 271 51 0
298 156 0
228 -36 0
22 -88 0
241 -3 0
-451 498 0
515 -3 0
491 395 0
551 19 0
297 -164 0
449 -36 0
221 530 0
-265 376 0
-131 180 0
526 -3 0
435 -400 0
523 -20 0
233 120 470 -159 215 268 303 -221 164 -41 -530 289 -226 0
-403 -231 0
-121 -359 0
-511 405 0
300 -231 0
566 -181 0
-63 555 0
391 395 0
513 -26 0
403 -139 0
-231 579 0
403 -167 0
-264 409 0
-251 151 0
313 -541 -381 -149 -520 -394 -504 334 57 -337 -482 -404 0
-196 403 0
120 63 396 278 140 92 117 173 -218 24 72 141 127 0
403 -411 0
-231 472 0
403 -172 0
-231 -438 0
404 -97 0
-581 560 0
413 124 -403 82 319 196 139 167 511 411 43 172 0
549 -29 0
-328 -116 0
-273 -267 0
-92 335 0
119 -64 0
154 365 0
-273 -164 0
-160 369 0
-176 376 0
-160 567 0
-273 60 0
-160 47 0
132 -273 0
-160 546 0
-273 -162 0
-160 484 0
-273 -27 0
-160 284 0
-273 -208 0
-484 -567 -464 -450 -284 160 -203 -369 -546 -47 -344 -447 0
-240 376 0
213 378 0
65 384 0
-237 551 0
-69 534 0
386 -237 0
-234 534 0
125 -82 0
-12 534 0
224 -237 0
330 -21 0
360 -237 0
-281 534 0
477 -237 0
534 -42 0
378 -237 0
548 154 0
-237 149 0
-451 -4 0
-157 -441 0
534 -176 0
-237 585 0
-219 201 0
133 -237 0
-75 -313 0
478 -86 0
534 -240 0
-378 -224 -551 -594 -338 -477 -149 -386 540 -133 -502 -360 -580 -585 237 0
-294 240 38 42 234 69 176 181 -534 281 -41 148 58 368 12 0
-267 -203 0
394 -235 0
14 -362 -384 -403 -598 -329 55 -369 -498 320 -457 0
-92 85 0
-559 216 0
168 -235 0
-231 332 0
-235 479 0
256 408 0
-235 595 0
216 -307 0
560 -235 0
-375 -401 0
-235 538 0
278 157 134 77 390 312 239 131 -507 -126 183 0
301 -411 0
-481 60 0
-57 -58 0
216 -383 0
-235 459 0
1 -23 0
-577 -64 0
216 -179 0
418 -45 0
-471 477 0
-208 521 0
19 103 0
422 -46 0
571 -236 0
422 -93 0
564 -236 0
-351 -372 -398 540 -284 -409 -429 572 -290 -296 -532 -495 0
-236 466 0
-275 361 0
448 -236 0
422 -50 0
576 -236 0
451 75 26 77 118 452 -498 29 110 -298 -507 0
548 -236 0
422 -248 0
-427 -548 -466 -448 236 -346 -571 -576 -564 0
-196 574 0
-537 -475 0
-206 408 0
-295 537 0
-471 370 0
123 537 0
-118 103 0
537 -36 0
125 -475 0
-193 537 0
488 -475 0
-131 431 0
-4 -475 0
159 537 0
151 -475 0
-425 -319 0
-39 -475 0
557 507 0
-475 -359 0
-465 537 0
-454 -475 0
-121 537 0
505 501 0
-556 537 0
482 -475 0
21 -426 -563 -366 -330 -510 -306 -544 527 -599 -435 -218 273 -485 197 0
333 155 0
315 -232 0
198 -594 -272 327 -488 -125 454 -81 475 -151 4 39 -482 359 -555 0
95 203 0
-538 -238 0
-243 86 451 206 -575 150 74 70 24 88 -60 164 -95 148 -22 239 27 0
582 142 0
-549 249 0
-278 -345 0
423 -238 0
-276 397 0
-328 -238 0
-351 -478 -541 -462 328 -415 -343 -403 454 -434 -286 -108 -344 556 -297 -553 0
68 -238 0
272 -463 0
420 -381 -205 -343 -579 -472 -391 -435 438 -296 -300 231 0
538 -91 0
552 -525 0
31 538 0
392 -238 0
-473 -567 -551 -477 -548 -557 -133 -169 -418 -423 -156 438 -298 0
-471 112 0
-6 188 0
468 -238 0
538 -310 0
479 -238 0
-50 -448 0
-197 -21 0
538 -148 0
458 -223 0
-211 589 0
576 -238 0
-569 -426 -541 186 -523 -520 -403 -370 -314 -380 -323 -514 -440 57 -286 -297 197 -553 0
412 -244 0
-165 538 0
-438 -238 0
-445 506 0
-556 434 0
-271 330 0
-585 41 0
159 530 0
-121 156 0
393 41 0
-414 585 0
41 369 0
-251 585 0
597 -86 0
132 585 0
490 -312 0
488 -274 0
41 524 0
-334 585 0
41 472 0
433 -312 0
-215 565 0
-74 585 0
-144 599 0
-238 585 0
113 384 0
221 585 0
-227 -538 -382 -472 -374 -524 -369 -41 -22 -47 -521 -393 0
91 238 -132 251 -585 74 70 -221 414 334 10 172 0
339 -36 0
488 154 0
-144 -540 0
360 -240 0
-281 -540 0
-531 426 0
-465 -540 0
-302 -398 -543 -547 577 481 -546 269 -305 -521 -350 0
326 -493 0
-264 491 0
-540 -179 0
-240 -230 0
-540 -211 0
-33 522 0
-471 -321 0
523 -240 0
-120 -540 0
543 -240 0
-540 243 0
-216 230 240 -523 -557 -543 -360 -518 355 359 0
-243 120 144 540 235 452 281 465 179 211 0
-2 323 0
426 95 0
-14 -261 0
95 376 0
379 -242 0
-461 95 0
-473 -228 -446 -477 -408 401 540 -538 -574 355 -514 -151 -354 -300 -485 -512 -545 -528 0
462 -79 0
-62 398 0
364 95 0
-46 584 0
393 95 0
-14 -414 0
564 -58 0
-14 -110 0
-345 95 0
-527 -5 0
490 95 0
-190 -14 0
484 95 0
-14 -27 0
-186 286 0
-14 -573 0
-105 520 0
64 573 14 190 77 261 45 414 27 263 71 110 455 0
-542 -276 0
329 -400 0
482 -84 0
-276 -325 0
542 -25 0
279 -276 0
542 -106 0
-276 -342 0
542 -177 0
-219 576 0
-50 542 0
-73 -42 0
542 -311 0
218 -92 0
128 542 0
-456 -493 0
61 -239 0
403 -276 0
542 -231 0
-141 484 0
542 -452 0
-373 -467 0
-542 559 25 452 106 11 -128 177 50 311 -54 231 0
-543 243 0
597 243 0
543 407 0
407 590 0
543 -64 0
372 54 0
543 -100 0
-385 -227 -491 -379 -584 -424 -504 481 -524 -434 57 -156 -498 431 -532 -525 -339 -123 0
165 254 -458 24 223 -60 16 -154 71 48 -126 0
403 -17 0
543 -13 0
-39 243 0
543 -170 0
370 178 0
543 -83 0
-75 169 0
457 -237 0
-14 243 0
543 95 0
-264 589 0
379 249 0
-544 -98 0
218 -211 0
542 -58 0
582 40 0
-258 544 0
-98 103 0
544 -29 0
398 -98 0
544 -100 0
155 513 0
216 -319 0
-167 574 0
155 348 0
-438 -98 0
-413 544 0
-316 490 0
413 37 258 144 -544 100 -128 29 260 0
-245 -545 0
329 -245 0
256 545 0
-50 347 0
545 -69 0
-275 -198 0
157 -554 66 35 190 303 475 291 88 -187 131 27 -76 311 260 465 0
279 -245 0
545 -106 0
582 -558 0
545 -110 0
543 -174 0
93 -338 -415 -387 -202 -280 -526 -588 456 -429 -336 -286 -476 -108 -339 0
490 -100 0
545 -235 0
298 476 0
545 -561 0
399 -162 0
509 545 0
-449 -216 -551 -119 -329 245 -336 -317 -279 406 -410 0
128 457 0
-462 -246 0
180 -246 0
462 -287 0
-246 365 0
-371 95 0
-104 524 0
462 -58 0
393 -114 0
462 -139 0
569 -246 0
462 -269 0
-33 358 0
-558 -441 0
-7 494 0
553 -9 0
381 -246 0
462 -319 0
-441 -246 0
462 -141 0
-302 -500 -541 230 -227 -380 527 390 -534 481 219 -576 -578 -528 -562 -553 0
462 -130 0
487 -246 0
462 187 0
153 -246 0
-251 595 0
-282 68 0
462 -236 0
573 200 558 98 171 146 258 400 117 -435 55 7 27 20 -54 0
462 -162 0
-102 409 0
462 -179 0
506 -246 0
462 -206 0
526 -246 0
-104 520 0
-61 -569 -224 -381 246 -180 -506 -153 -85 -487 -365 -526 355 441 -422 -546 -600 -296 -562 0
206 -462 83 319 271 303 139 236 130 287 79 141 58 -187 162 269 -277 179 -226 0
-547 -247 0
-196 -444 0
547 -242 0
54 393 0
163 547 0
-247 381 0
-32 103 0
169 -247 0
59 -89 0
-449 -479 -494 -464 -579 -59 586 -466 -588 -433 441 -142 -156 0
168 -265 0
-46 565 0
547 187 0
241 -517 0
225 215 -547 319 242 -163 -187 127 0
-548 -248 0
-248 591 0
-285 201 0
-248 297 0
-66 449 0
566 -248 0
548 -266 0
-248 151 0
385 -185 0
-248 356 0
-56 548 0
-15 119 0
-10 370 0
377 -248 0
-66 560 0
542 -248 0
-276 548 0
201 -36 0
-342 -72 0
597 -238 0
145 -93 0
-157 513 0
510 249 0
549 -7 0
249 103 0
-160 273 0
54 -438 0
-251 549 0
324 249 0
554 -493 0
168 249 0
-75 549 0
186 -192 463 55 87 -593 -76 -113 183 0
549 -6 0
-577 568 0
-104 549 0
64 -294 136 250 -543 83 271 13 170 100 -95 -407 0
-198 -558 0
-406 249 0
128 549 0
446 249 0
549 -460 0
532 249 0
549 568 0
521 249 0
575 472 0
-24 478 0
-247 549 0
-70 583 0
247 104 6 -568 265 493 -549 251 75 -65 -221 7 -128 209 29 460 0
143 246 265 11 88 -52 7 -564 -115 0
550 -283 0
-244 410 0
301 -69 0
-307 585 0
296 -170 0
505 551 0
384 -289 0
-118 551 0
126 439 0
159 551 0
-69 410 0
163 566 0
-425 -69 0
-451 551 0
-69 466 0
-389 551 0
272 -69 0
551 217 0
458 -239 0
-217 -159 -551 451 258 389 118 -52 -505 110 0
-280 -252 0
-14 -252 0
280 95 0
-252 -540 0
280 -240 0
132 305 0
280 249 0
59 -252 0
-511 347 0
-252 365 0
280 -79 0
-573 149 0
280 155 0
41 374 0
575 -359 0
-358 14 -153 -308 540 -59 -365 -549 252 0
374 -124 0
-493 -553 0
544 -176 0
-484 -497 -542 -362 -408 -543 -549 -490 -580 -169 130 -440 -593 -571 0
-189 370 0
257 553 0
309 -493 0
-197 -539 0
305 -493 0
-5 553 0
-188 -51 0
326 142 0
-235 -540 0
-26 553 0
257 398 0
-245 553 0
-327 -124 0
-158 567 0
394 -452 0
-235 553 0
544 -171 0
-137 553 0
180 -124 0
413 93 66 96 486 77 170 452 291 90 223 17 -184 -405 516 465 0
153 -268 0
409 -254 0
554 -260 0
205 -17 0
-106 480 0
538 -13 0
554 76 0
-254 335 0
554 -35 0
-254 -431 0
510 187 0
554 -27 0
554 -88 0
-254 490 0
-190 554 0
487 -254 0
554 187 0
-254 -359 0
554 -465 0
377 -83 0
347 -312 0
-371 -269 0
302 -134 0
-254 459 0
-66 554 0
-450 -259 0
-210 -254 0
547 -215 0
-157 554 0
386 -493 0
-387 -491 -501 -222 293 -513 -492 -201 -495 0
-255 -423 0
-255 553 0
53 268 146 144 46 -306 252 25 245 33 43 -226 183 0
-255 203 0
423 -267 0
-281 -34 0
472 -170 0
377 -220 0
423 -295 0
301 -255 0
423 -258 0
-19 -426 531 92 49 511 281 -184 16 -277 193 12 0
423 -64 0
-255 494 0
-138 -23 0
-327 -255 0
423 -36 0
-454 -255 0
-121 423 0
-255 477 0
-368 399 0
-531 398 0
-540 -561 0
-138 290 0
256 597 0
562 -465 0
256 599 0
329 -214 0
256 510 0
-161 364 0
159 360 0
-262 329 0
570 -248 0
163 329 0
-72 479 0
116 91 -178 250 -450 244 -65 -221 33 89 269 172 465 102 0
-208 500 0
163 -197 0
-63 495 0
429 -238 0
444 257 0
-282 296 0
-444 -247 0
59 257 0
-444 -96 0
399 257 0
415 -20 0
153 -164 0
-444 -32 0
579 257 0
-183 -513 0
564 257 0
-313 -312 0
257 391 0
151 -172 0
545 -493 0
379 -106 0
-265 479 0
-444 -17 0
241 257 0
-444 -233 0
579 -289 0
-271 362 0
163 392 0
-444 -573 0
61 243 0
-444 -413 0
-351 -398 -579 -241 -547 -59 -585 -391 -257 -399 -166 -600 438 -564 -528 0
247 573 233 413 444 -99 96 82 303 167 100 17 -163 -41 32 0
188 -561 0
31 318 0
-211 354 0
168 568 0
292 -191 0
591 -254 0
-191 -96 0
569 -316 0
336 -262 0
-313 -316 0
560 -46 0
346 -430 0
437 -293 0
241 -215 0
-470 530 0
560 -137 0
-454 -267 0
216 -316 0
-191 -235 0
313 -216 -569 -188 316 -175 401 -59 -544 -496 135 0
552 168 0
61 -30 0
364 -483 0
-102 450 0
480 -259 0
450 -89 0
-241 -233 0
145 -116 0
384 249 0
-303 583 0
333 -259 0
-313 243 0
487 -46 0
65 450 0
-259 -359 0
-465 450 0
529 -259 0
450 -250 0
-401 -259 0
-144 480 0
472 -259 0
571 -48 0
-259 416 0
-116 450 0
478 -259 0
-92 203 0
393 -82 0
221 450 0
40 382 0
329 -237 0
-409 -260 0
-139 595 0
-282 409 0
597 -260 0
407 409 0
443 -276 0
-124 541 0
166 -260 0
409 -32 0
-51 435 0
409 -483 0
598 -232 0
-258 409 0
-420 -260 0
-131 -577 0
-150 523 0
-2 409 0
592 -260 0
381 -231 0
538 -260 0
409 -238 0
151 -316 0
-231 409 0
-260 332 0
-596 409 0
-320 -55 0
566 -139 0
-426 -261 0
-383 563 0
-16 426 0
512 545 0
-12 426 0
300 -261 0
21 558 93 147 559 49 310 117 303 475 463 130 274 148 425 -154 110 0
-302 -358 -487 -549 -203 -595 -428 -600 -571 359 0
-280 -549 26 -442 -513 359 -397 419 0
-261 125 0
-193 426 0
495 -195 0
277 426 0
384 -253 0
218 -24 0
-503 -261 0
-225 429 0
-261 341 0
-92 426 0
-219 553 0
-255 364 0
464 -104 0
-262 589 0
-88 332 0
301 -262 0
202 -258 0
-191 -269 0
202 -483 0
-262 -340 0
202 40 0
562 -262 0
202 277 0
224 -106 0
-165 548 0
-262 490 0
468 -3 0
484 290 0
202 -311 0
-262 484 0
399 -383 0
-301 -484 262 -349 -380 -589 -490 -496 -352 -336 -344 340 -562 0
-202 258 483 400 49 190 -40 -52 27 44 -277 311 289 0
-243 -204 120 451 255 467 596 303 139 4 223 281 10 7 270 556 282 -113 0
-16 548 0
464 -23 0
-16 1 0
-161 563 0
224 -16 0
-58 563 0
54 -34 0
-164 563 0
-503 -16 0
-531 563 0
-452 457 0
-251 -369 0
163 -564 0
510 163 0
403 -260 0
31 -210 0
564 -265 0
393 -250 0
564 -88 0
374 -29 0
-106 458 0
163 443 0
-25 325 0
-79 151 0
564 -246 0
562 -411 0
76 408 0
-18 464 0
-265 373 0
336 -260 0
-265 457 0
324 -239 0
-265 112 0
404 -531 0
-265 410 0
324 -110 0
598 -265 0
-449 -180 -119 -526 -369 273 -423 -404 193 -129 0
155 584 0
324 -460 0
-265 495 0
207 198 558 246 -178 28 121 275 493 134 17 270 43 44 -115 231 0
-542 -443 -543 540 -384 -514 390 -374 -442 -485 460 0
324 -189 0
-265 222 0
324 -186 0
272 54 0
324 -276 0
-148 392 0
589 -170 0
-266 -566 0
-266 591 0
-301 -477 -227 -494 327 255 -364 -589 454 -514 -81 -203 -553 0
-266 593 0
358 -48 0
-463 -431 0
267 53 413 -494 92 28 244 117 334 269 -505 445 0
-61 430 262 104 78 38 251 55 16 239 177 62 158 460 -54 0
513 -293 0
-266 296 0
2 238 37 124 258 264 483 596 -409 -407 127 32 282 102 231 0
-266 365 0
566 -79 0
385 -17 0
437 -74 0
-183 593 0
-271 566 0
218 -266 0
-4 -255 0
458 60 0
-484 -27 0
484 -266 0
-251 565 0
272 -266 0
412 -262 0
-266 541 0
500 -235 0
-266 -438 0
566 -413 0
272 -517 0
207 -217 413 38 271 139 291 293 312 -163 79 27 71 253 -76 -566 0
-454 -86 0
154 585 0
-285 -401 0
372 -97 0
-2 567 0
417 60 0
-596 -431 0
502 60 0
-176 567 0
428 549 0
187 567 0
536 60 0
-122 567 0
-198 60 0
-556 567 0
413 214 -99 -132 144 265 -133 196 291 88 223 445 158 94 0
204 567 0
523 60 0
-148 296 0
-302 198 -523 -487 -502 -409 -417 -60 73 -536 0
2 -204 120 122 -567 117 176 -187 556 260 0
-68 -268 0
549 -268 0
113 -34 0
326 99 0
286 -93 0
175 -268 0
341 -35 0
582 -268 0
422 -246 0
-268 426 0
-573 296 0
-268 386 0
61 -246 0
301 -268 0
68 -258 0
125 -268 0
68 -193 0
145 -233 0
68 -239 0
-268 351 0
68 -17 0
-268 356 0
64 165 37 -192 240 -349 234 -95 50 0
482 -268 0
518 -240 0
-268 541 0
68 -207 0
453 -32 0
207 -68 182 -249 258 56 234 -292 261 17 239 193 260 282 0
-569 -269 0
-577 -269 0
569 -285 0
-196 133 0
298 569 0
305 -269 0
450 204 0
-445 497 0
-2 569 0
-330 -415 -349 -547 -403 -360 577 -424 481 -468 -507 197 135 0
569 -100 0
565 217 0
569 -162 0
76 362 0
221 569 0
-258 386 0
85 -246 0
543 -269 0
573 -597 -188 -149 -363 -309 39 -296 359 -590 -499 0
-527 -90 0
482 -152 0
-270 -297 0
-270 547 0
-247 297 0
-420 -36 0
40 297 0
-465 518 0
-30 297 0
-270 224 0
510 -114 0
472 -23 0
297 -6 0
582 -139 0
297 -238 0
-270 587 0
-86 297 0
-270 468 0
537 -182 0
-270 440 0
-84 357 0
-454 -465 0
297 -171 0
-30 -321 0
562 -101 0
-571 -93 0
351 67 0
64 -204 165 78 63 295 82 596 -95 288 161 210 311 0
526 -84 0
571 -483 0
-104 466 0
309 -88 0
528 95 0
-275 571 0
-186 297 0
59 -21 0
426 19 0
-470 571 0
298 362 0
571 507 0
387 -93 0
-517 314 0
415 -93 0
571 115 0
429 -93 0
-445 571 0
250 157 -249 254 170 303 114 581 263 -367 -393 368 -54 0
305 -51 0
-427 122 -594 -377 -547 -487 -488 371 -296 -344 -545 -525 0
226 571 0
128 545 0
470 262 558 38 275 483 150 252 87 288 -571 445 -115 -507 -226 0
420 -392 401 -450 5 -156 -47 -108 -405 -525 -562 -410 0
-14 -517 0
149 -400 0
-517 175 0
-285 309 0
597 -517 0
407 -572 0
504 -207 0
241 -287 0
145 -517 0
-572 -158 0
-517 331 0
31 -572 0
-205 -491 -1 -222 -374 -218 -354 -509 -459 0
360 -235 0
-517 -138 0
-445 169 0
587 -517 0
228 -177 0
247 -427 -381 -453 -487 -169 -515 -564 0
-233 -572 0
418 -517 0
-72 397 0
378 -517 0
-147 592 0
278 -506 -241 401 454 -496 -482 345 -405 0
504 -307 0
-517 449 0
509 -572 0
-517 576 0
-572 -383 0
477 -35 0
-572 -179 0
-301 -449 -597 -378 14 -587 138 -175 -145 -241 355 517 -331 -429 -418 -592 -576 -344 0
233 86 107 258 264 -292 181 375 572 -95 -407 44 445 -509 158 -31 179 383 0
-16 -461 0
169 -239 0
153 -27 0
-516 394 0
228 -94 0
-516 -327 0
378 -215 0
546 -98 0
93 46 389 -163 -422 248 50 127 383 0
-516 -342 0
-152 391 0
-425 -516 0
-411 -441 0
-66 216 0
301 -185 0
462 -516 0
-191 -176 0
-516 544 0
558 107 101 206 396 285 275 596 118 209 431 0
-462 327 -384 -544 -529 -394 -599 342 425 516 -447 0
-228 246 451 98 63 250 214 77 177 36 94 0
-183 358 0
450 -274 0
574 -259 0
-274 593 0
-430 335 0
446 142 0
531 93 316 28 146 310 596 -65 235 375 411 581 141 -509 311 368 419 -31 0
-190 85 0
574 -158 0
-144 476 0
574 -269 0
-274 565 0
224 -200 0
205 -274 0
228 -63 0
-274 490 0
-190 574 0
-105 351 0
-235 574 0
377 -274 0
-147 574 0
437 -274 0
-248 380 0
-86 103 0
574 -182 0
-449 -224 -453 -398 -85 461 -59 -466 -169 390 4 572 -418 -498 -300 32 0
-596 574 0
-274 541 0
574 -207 0
519 -274 0
-164 584 0
521 -274 0
-321 -6 0
-161 -503 0
21 207 182 147 -574 596 190 235 196 70 24 -221 293 219 137 259 269 158 0
557 -251 0
-275 569 0
286 -269 0
-275 382 0
-91 286 0
-275 488 0
222 -388 0
-275 335 0
286 -35 0
313 34 -153 56 -490 -537 -429 -476 -485 -393 0
534 -181 0
-275 487 0
-160 464 0
353 -42 0
-535 286 0
166 -242 0
-143 587 0
-275 542 0
-276 286 0
-569 -542 -227 -343 -443 275 -487 -382 -488 -335 210 -412 135 0
111 91 143 535 35 70 88 276 -187 -286 43 269 -512 0
326 -252 0
-220 439 0
453 -255 0
574 -242 0
-10 -14 0
-281 426 0
-12 453 0
330 -242 0
453 -30 0
-242 365 0
136 157 264 -589 219 581 -187 162 -395 465 282 211 0
-325 -242 0
-102 498 0
360 -242 0
-281 453 0
-242 487 0
-69 474 0
440 505 0
453 41 0
482 -242 0
453 -182 0
-410 -110 0
440 -45 0
277 -562 0
-384 -63 0
562 142 0
292 392 0
562 -430 0
277 435 0
-68 -523 -464 -241 3 -526 -589 -585 4 -515 -600 -521 -339 0
277 -441 0
562 -141 0
112 277 0
247 86 238 140 171 6 310 -40 30 58 -297 0
358 277 0
562 155 0
-186 449 0
128 544 0
529 277 0
562 -250 0
-39 277 0
562 -170 0
-72 459 0
562 -460 0
119 277 0
562 -561 0
484 277 0
562 -27 0
-78 -371 0
-282 -582 0
-484 -358 -542 -446 -119 -529 -584 -435 441 -442 39 359 -112 -277 0
430 101 250 170 411 -155 276 -142 141 27 561 -562 465 460 0
-278 -578 0
-420 -517 0
-105 578 0
-278 496 0
578 -400 0
-596 -210 0
-45 578 0
241 -278 0
-527 -162 0
228 -98 0
478 -215 0
-454 -278 0
-121 578 0
482 -278 0
175 -117 0
506 -278 0
-206 578 0
-517 429 0
233 182 206 121 400 244 45 105 -578 0
-579 -167 0
-94 331 0
-16 579 0
65 -138 0
81 -15 0
-167 589 0
257 585 0
-167 318 0
-118 222 0
-573 -39 0
579 -269 0
202 -167 0
-262 579 0
228 -167 0
-516 579 0
40 351 0
-293 387 0
59 178 0
-75 579 0
-167 201 0
-5 188 0
377 -167 0
-147 579 0
132 496 0
-143 579 0
-114 369 0
579 -383 0
-581 597 0
-63 458 0
298 599 0
579 217 0
175 -239 0
-248 579 0
404 -486 0
-340 -110 0
301 -117 0
-14 -12 0
580 95 0
54 -191 0
580 -254 0
-79 459 0
-270 580 0
-12 81 0
580 -295 0
442 -12 0
580 142 0
59 -12 0
428 524 0
-289 -230 0
580 126 0
-130 593 0
330 178 0
-12 304 0
580 -146 0
-182 584 0
-270 538 0
-12 -210 0
580 -88 0
-12 530 0
-24 374 0
-594 14 -315 -554 -304 -59 -81 -442 -530 -498 210 -457 -297 12 0
-199 297 0
-216 -235 0
453 -267 0
-381 -319 0
442 -267 0
142 203 0
-267 296 0
-139 203 0
-267 555 0
123 203 0
-503 -267 0
-531 203 0
422 -267 0
323 -29 0
-33 300 0
-191 155 0
-34 -267 0
67 203 0
228 -246 0
-223 203 0
-14 -267 0
-294 -217 -159 182 295 121 170 -537 -154 36 -512 556 193 465 -123 0
-444 -267 0
257 203 0
-267 409 0
-219 336 0
-267 357 0
377 -261 0
267 -594 14 34 -453 444 -357 -424 -409 -442 -422 -296 -344 503 -545 -555 0
433 -97 0
-313 -334 0
-131 -461 0
582 -20 0
-131 318 0
-285 538 0
-334 468 0
54 -586 0
568 565 0
582 -581 0
-282 501 0
582 76 0
-282 151 0
-48 496 0
-282 380 0
582 -311 0
-327 -83 0
-57 -71 0
-282 434 0
132 580 0
-144 -441 0
-13 541 0
-282 530 0
-28 567 0
-385 -520 -501 -380 -151 -442 -434 -530 -468 -296 320 282 0
-215 459 0
-283 -583 0
-198 178 0
523 -250 0
436 -283 0
-136 583 0
-320 -7 0
564 -72 0
317 -283 0
-212 583 0
337 -283 0
-262 339 0
-283 -135 0
-111 583 0
-484 254 -591 -487 -501 -380 -490 527 -335 -409 -537 -600 359 210 431 -459 0
-596 410 0
-283 -419 0
479 -29 0
407 416 0
-127 583 0
543 159 0
-421 583 0
-283 492 0
192 583 0
-283 514 0
-299 583 0
350 -283 0
-396 583 0
377 -311 0
-527 -254 0
-358 171 -520 -544 -335 -222 -374 456 -498 -532 -317 -447 -459 0
-508 513 0
-183 357 0
-508 322 0
-118 357 0
-508 555 0
123 357 0
-508 356 0
-120 222 0
-508 537 0
-475 357 0
-508 374 0
-287 119 0
526 -93 0
-174 357 0
-508 546 0
534 -148 0
-508 495 0
-366 -436 -363 -496 -81 -352 441 572 -337 177 -457 -525 -553 0
-508 518 0
-452 357 0
-508 519 0
-219 357 0
-508 -540 0
-240 357 0
-508 582 0
416 -179 0
508 -582 540 -518 -537 -519 -374 -474 -588 -546 -513 -555 -322 -297 -495 -356 0
240 -357 56 118 74 475 55 452 174 219 288 270 162 282 -123 183 0
-285 577 0
-105 -359 0
302 -101 0
-33 397 0
-243 152 225 93 140 -249 -85 190 293 276 27 -505 62 12 0
202 -285 0
-262 -577 0
573 262 208 49 596 389 97 -292 274 88 237 189 -505 -339 0
277 -577 0
-445 544 0
-116 484 0
-291 548 0
22 -118 0
-287 443 0
-374 -74 0
125 -7 0
-4 -69 0
169 -72 0
-174 -577 0
-66 405 0
-577 -173 0
66 97 -424 517 375 127 0
404 249 0
-559 318 0
-452 -577 0
557 142 0
-577 95 0
-285 357 0
-508 -577 0
-473 14 -205 285 -357 -202 -1 -364 -518 -534 -474 -433 -344 -532 -201 -562 0
64 508 262 -568 577 196 452 173 174 471 237 -95 161 44 -277 -113 0
586 575 0
575 365 0
-79 -586 0
221 549 0
-5 47 0
-172 188 0
569 243 0
575 -401 0
-244 -586 0
599 -17 0
-33 348 0
424 575 0
-586 -223 0
575 434 0
-247 506 0
180 -310 0
-199 -586 0
-470 408 0
233 -294 586 244 134 -109 199 223 79 172 0
-7 -321 0
-234 551 0
-69 386 0
-234 553 0
-283 227 0
54 103 0
-559 315 0
336 -13 0
386 -467 0
-258 203 0
472 -46 0
-422 -236 0
99 386 0
407 587 0
386 -177 0
-162 522 0
-535 386 0
-234 495 0
386 -55 0
166 -114 0
386 -486 0
-13 435 0
-596 397 0
-288 583 0
-283 588 0
-589 -289 0
582 -289 0
-282 589 0
597 99 0
-581 589 0
487 -289 0
187 589 0
488 505 0
-147 149 0
347 -289 0
589 395 0
-359 -289 0
-465 589 0
-270 548 0
-162 589 0
358 -311 0
-445 538 0
519 -289 0
-219 589 0
-527 -289 0
-157 589 0
230 -436 -385 -582 -487 527 -519 -546 -592 359 289 -347 0
-452 538 0
-200 -590 0
-200 589 0
54 151 0
336 -200 0
-483 590 0
570 -200 0
506 -90 0
-200 567 0
60 590 0
-200 579 0
-167 590 0
-24 574 0
-58 590 0
391 -27 0
-225 590 0
-102 318 0
-13 590 0
-33 -327 0
-414 356 0
-200 149 0
-71 574 0
-200 341 0
-92 590 0
385 109 0
-50 590 0
422 -200 0
222 -311 0
-200 468 0
-455 322 0
378 -200 0
-181 590 0
381 -334 0
-368 590 0
-17 499 0
-591 -291 0
-291 386 0
-234 591 0
81 -291 0
-137 373 0
569 -291 0
591 -269 0
513 -291 0
469 395 0
-118 565 0
591 -388 0
418 178 0
-106 591 0
-172 387 0
591 -100 0
-274 332 0
-114 479 0
-487 187 0
351 76 0
415 -268 0
591 -195 0
373 -334 0
-451 591 0
443 -291 0
-143 591 0
418 -33 0
591 -460 0
-569 -446 -398 -386 -443 -502 -598 -81 291 57 -513 425 345 -279 0
143 451 195 295 -591 234 176 106 45 100 388 269 460 183 0
205 -311 0
292 589 0
286 -312 0
279 292 0
-106 175 0
292 351 0
175 -17 0
-381 138 -387 258 -589 -514 -309 -203 -156 -332 340 0
-34 -215 0
292 457 0
370 -236 0
292 487 0
175 187 0
292 341 0
-92 175 0
-581 -34 0
175 -245 0
292 466 0
175 -389 0
292 -406 0
-581 448 0
292 472 0
504 -146 0
292 119 0
175 -561 0
292 439 0
175 -171 0
-351 -338 -392 -341 -308 -487 -119 -589 -466 -472 -292 -439 -545 -279 -457 406 0
38 171 -175 92 389 539 8 106 245 17 -187 -128 239 172 561 289 0
-593 -293 0
491 -293 0
415 -452 0
501 -293 0
272 367 0
155 314 0
564 -7 0
201 -293 0
433 -307 0
505 370 0
-87 593 0
222 -293 0
-186 593 0
495 -293 0
-177 496 0
545 -483 0
-87 384 0
583 294 0
-283 594 0
-81 -295 0
-24 458 0
81 -246 0
-295 578 0
215 -227 157 66 307 167 90 245 223 312 334 141 43 516 102 0
510 -295 0
81 -7 0
309 -295 0
81 -9 0
530 41 0
123 364 0
402 -295 0
205 -246 0
315 -295 0
579 -274 0
-325 -295 0
-25 81 0
333 -295 0
-33 81 0
-402 116 -427 -597 -338 -477 -506 -398 -145 -280 -543 355 -369 -533 -429 0
-281 81 0
205 -295 0
-196 81 0
-345 204 0
81 -101 0
528 -51 0
81 -56 0
428 332 0
81 -86 0
523 -295 0
-120 81 0
498 -463 0
120 9 86 246 101 278 483 56 -81 196 25 33 281 7 15 102 0
-376 -103 389 -496 -331 456 39 -404 0
407 459 0
180 -254 0
423 -287 0
180 -255 0
-287 574 0
180 -274 0
-287 -321 0
180 -21 0
557 -96 0
180 -117 0
381 67 0
-437 -216 444 -554 -382 493 -309 -326 -305 -545 -412 0
-287 -431 0
-162 434 0
403 -287 0
180 -231 0
343 -283 0
501 -124 0
433 -285 0
-143 180 0
-287 440 0
-140 180 0
420 -443 -554 -403 -574 -424 -417 321 -440 287 -423 431 0
-420 -276 0
-597 407 0
407 544 0
564 -234 0
407 551 0
597 -69 0
407 450 0
-454 -91 0
364 243 0
597 -200 0
-371 -266 0
597 -12 0
407 569 0
300 -30 0
407 501 0
-234 168 0
407 322 0
-118 597 0
407 557 0
-144 597 0
407 418 0
469 76 0
407 119 0
597 -561 0
-569 -551 -557 -544 -119 -450 -501 -580 -418 -600 -407 -590 -322 0
-597 200 98 144 118 69 303 375 259 269 -76 561 12 0
298 481 0
298 548 0
-248 -481 0
-78 424 0
571 -207 0
298 551 0
-327 -470 0
-325 -531 0
216 -250 0
298 169 0
-34 -20 0
298 557 0
-144 -481 0
-242 103 0
-481 -185 0
298 477 0
-481 -42 0
298 418 0
-328 -194 0
221 574 0
-481 -173 0
-92 494 0
-368 -481 0
298 -438 0
-413 -481 0
-79 188 0
413 225 185 144 42 255 69 173 481 375 -60 248 368 0
-599 -214 0
1 -74 0
-248 599 0
-214 551 0
-69 599 0
-191 -214 0
599 -316 0
-214 -586 0
575 599 0
-481 -214 0
-29 466 0
-214 296 0
-139 599 0
-13 524 0
-105 -39 0
272 290 0
418 -124 0
532 -64 0
364 -259 0
478 99 0
-271 599 0
142 466 0
-48 599 0
-486 405 0
560 575 0
448 -214 0
292 354 0
309 -98 0
113 599 0
529 -516 0
-87 599 0
477 -214 0
599 -42 0
-61 -351 -551 -168 -477 -548 214 -387 -557 -348 586 -448 191 481 -296 -405 -201 -129 0
-161 -197 0
450 -269 0
-283 600 0
283 0
