p cnf 1200 7118 
-1 -270 0
-1 739 0
270 -339 0
-1 295 0
270 -383 0
-1 408 0
656 270 0
-1 124 0
-178 192 67 321 719 331 0
-1 537 0
-137 270 0
-293 34 0
-141 732 0
-677 -124 1 -537 -295 -408 -739 0
-78 -762 0
414 -377 -705 -124 325 363 690 106 244 -262 0
-672 758 0
-760 512 0
-672 382 0
-292 761 0
-98 592 0
-1 761 0
-672 651 0
761 -3 0
-672 452 0
212 311 0
577 546 0
472 -760 0
-738 614 0
761 -205 0
-672 364 0
-470 -593 -388 -630 -431 -465 -475 289 0
354 -284 0
761 -337 0
-672 604 0
761 -204 0
487 -371 0
-710 188 0
-672 586 0
761 -467 0
-116 472 0
-618 537 0
725 156 0
-246 761 0
553 -243 0
596 -689 0
-322 585 0
-157 756 0
787 -3 0
-387 651 0
-3 410 0
142 -715 -420 -773 -459 -409 -241 -537 -770 322 -155 -713 -227 0
-110 687 0
651 40 0
452 -3 0
353 726 114 293 791 149 0
-309 -510 0
417 17 0
632 -379 0
-261 402 0
-645 -452 -520 -685 -440 3 -787 -410 0
-178 285 -40 245 741 154 387 -651 0
554 -237 0
290 -110 0
-351 -404 0
338 -110 0
611 -253 0
342 166 0
-287 -404 0
-529 -326 -718 329 536 412 -195 -270 417 -450 759 -213 0
-259 -404 0
-51 272 0
119 -112 0
-405 -494 0
-412 -494 0
564 -540 0
423 -494 0
23 405 0
-48 -494 0
178 773 0
-494 354 0
786 535 0
573 -494 0
723 427 0
123 -494 0
546 405 0
-541 -74 0
405 -689 0
743 -494 0
196 -100 0
612 776 0
649 -256 0
-98 501 0
-536 -149 0
-33 504 0
-338 -281 -800 -486 -406 -396 131 -176 0
645 -114 0
-372 406 0
532 406 0
-25 687 0
-705 -183 527 -211 790 0
-259 478 0
-136 -753 0
-6 -740 0
535 406 0
-58 572 0
-698 -395 0
-321 5 0
-7 685 0
-285 407 0
-7 698 0
407 -395 0
564 -97 0
-347 407 0
729 -105 0
407 -494 0
800 489 0
-538 128 0
585 -760 0
407 -413 0
517 -618 0
-154 407 0
-55 -720 0
640 -198 0
-7 500 0
-799 407 0
-452 -405 -747 -698 -500 -685 -474 7 -430 -432 0
350 285 799 494 30 347 154 -407 395 413 0
409 -53 0
465 -375 0
401 -201 0
499 194 350 268 527 711 -396 248 545 362 681 0
587 -719 0
-186 126 0
-336 591 0
8 475 0
-697 587 0
-163 -481 0
-274 587 0
8 29 0
-66 461 0
8 638 0
-267 587 0
-392 -525 0
267 1 697 392 274 284 -587 719 0
-409 -499 0
176 -499 0
409 -243 0
789 -499 0
409 130 0
761 -499 0
-672 409 0
678 -22 0
-173 409 0
439 -159 0
409 -44 0
457 -499 0
-293 -206 0
-571 -499 0
409 360 0
699 -304 0
672 -360 243 -409 308 -130 173 44 0
552 -267 0
725 -343 0
-7 452 0
409 -741 0
-499 410 0
-64 470 0
792 -376 0
-94 -741 0
410 -22 0
549 -741 0
-681 410 0
166 -741 0
190 678 0
-765 -236 0
-198 611 0
649 -741 0
212 -153 0
517 -391 0
-204 742 0
-167 -498 0
-578 411 0
762 -133 0
-25 416 0
-666 229 0
-523 411 0
-498 487 0
-498 442 0
-718 -318 0
530 -204 0
16 82 -653 -349 -335 -598 -530 -757 0
469 -498 0
-369 411 0
-498 230 0
-710 411 0
-498 19 0
-87 411 0
-639 648 0
-541 -449 0
726 337 46 366 -552 0
53 369 -411 35 578 523 710 798 708 264 87 0
-735 -186 0
212 -186 0
-390 735 0
79 -186 0
735 -380 0
433 -186 0
-719 95 0
338 8 0
86 735 0
-186 422 0
-61 433 0
338 -186 0
-392 735 0
270 654 0
-72 735 0
352 439 0
735 -736 0
-697 471 0
76 195 0
733 -186 0
735 -333 0
-351 747 0
551 -463 -166 -781 140 -478 -554 -698 167 -731 -563 0
-126 -422 -338 186 -79 -472 -433 -212 -777 -5 -733 -492 0
-86 -377 333 -735 389 390 392 72 33 380 736 220 0
-523 -32 0
196 -523 0
-28 32 0
-523 433 0
-428 687 0
-641 358 0
183 241 0
-523 534 0
-102 32 0
-523 420 0
537 -264 0
-523 513 0
-209 -599 0
-523 600 0
32 -47 0
742 -421 0
433 -618 0
-132 -582 0
621 -177 0
-257 -92 0
12 -275 0
242 11 0
-268 233 0
-31 -534 764 -420 -433 -600 523 -513 -211 -229 720 -196 0
-32 28 438 320 540 33 619 738 47 676 102 113 0
-578 167 0
651 -245 0
-251 -668 0
-578 431 0
-167 -730 0
-578 169 0
-167 -627 0
403 -332 0
-167 -799 0
744 -578 0
-167 -344 0
714 -578 0
-373 594 0
402 -39 0
-346 799 344 627 314 167 730 0
-15 -725 0
188 -15 0
725 -105 0
-15 635 0
-63 553 0
-15 367 0
725 -418 0
-473 -15 0
625 542 0
-479 -671 0
725 -694 0
-15 597 0
-338 -392 0
573 -337 0
725 -368 0
-15 770 0
725 370 0
-488 -367 -635 473 -597 -770 15 -155 -188 0
455 -275 0
388 -71 0
444 -556 0
558 -266 0
-116 -288 0
416 662 0
-562 138 0
-376 416 0
-556 597 0
778 -154 0
746 -556 0
346 416 0
-633 -746 -615 -597 556 -444 0
-346 -662 332 -416 44 376 0
333 -625 56 412 276 368 54 0
402 17 0
-417 -361 0
587 17 0
-417 8 0
602 17 0
-402 -361 0
365 17 0
-51 -417 0
-264 411 0
-181 -417 0
-20 17 0
-417 -608 0
508 17 0
-238 -541 0
512 17 0
-417 -112 0
119 17 0
-417 -216 0
-135 348 0
-417 -87 0
520 17 0
178 -417 0
-402 -512 -119 -520 -365 -602 -19 20 -587 -508 -581 -17 0
-296 -644 0
255 325 252 385 362 -713 294 0
-417 -18 0
635 17 0
12 -350 0
-647 -39 0
-483 -18 0
635 -83 0
-18 687 0
635 -287 0
754 -18 0
-167 -140 0
-687 -745 417 18 483 671 -754 0
488 -384 0
-227 -613 0
-14 566 0
-783 227 0
-359 -264 0
-453 227 0
42 -149 0
86 227 0
675 -613 0
-275 227 0
700 -613 0
-300 227 0
59 -136 0
-428 227 0
563 -613 0
-296 227 0
493 -613 0
-100 230 0
-126 -426 -700 -758 -675 613 -596 -563 -493 0
-734 304 -606 -298 -747 -533 92 167 671 0
-420 -738 0
651 -738 0
420 -3 0
714 -325 0
420 -191 0
-265 584 0
603 -419 0
-61 526 0
-309 420 0
771 377 0
-98 -11 0
-89 -147 0
-420 325 191 3 309 133 0
-616 229 0
792 -47 0
601 -447 0
748 -21 0
778 -314 0
130 589 0
735 -21 0
-292 -636 0
490 -78 0
-672 436 0
490 -256 0
668 -670 75 159 251 27 0
-536 -353 0
-780 -603 0
8 -587 0
221 -21 0
493 662 0
21 -677 -735 -95 219 -423 -221 -45 -762 -748 0
-23 186 78 258 327 -490 256 527 -654 164 0
700 -55 0
-727 354 0
-94 86 0
-676 -481 0
-94 -738 0
452 -22 0
-94 -154 0
-510 -22 0
-94 -223 0
-511 -22 0
-712 584 0
-26 -22 0
-94 -53 0
485 -260 0
-94 723 0
-22 91 0
-94 342 0
792 -22 0
-246 477 0
587 40 0
409 -141 0
-423 23 0
-15 354 0
-479 423 0
749 -710 0
402 -790 0
-655 -89 0
-234 423 0
554 23 0
-201 695 0
23 687 0
-38 -206 0
23 550 0
448 -149 0
23 408 0
656 423 0
612 23 0
-790 423 0
588 -22 0
-238 -720 0
-583 -798 0
415 -798 0
583 -325 0
-799 176 0
-148 398 0
-798 761 0
733 -28 0
-702 218 0
-709 -712 0
-351 431 0
-390 -288 0
-798 124 0
435 -356 0
-687 -124 -696 -761 -415 798 -594 0
672 194 -52 -583 253 325 287 0
48 -25 0
693 -374 0
502 393 0
762 -25 0
-48 -78 0
517 -25 0
84 19 0
-43 -464 0
-753 -50 0
-516 -25 0
488 277 0
700 -25 0
-48 -300 0
774 -25 0
672 304 55 253 538 707 7 790 -280 146 0
158 -198 0
116 -86 78 794 48 -565 300 374 556 0
-426 -453 0
389 -502 -773 -714 -150 -507 -195 -637 -693 0
426 23 0
-453 584 0
-184 426 0
364 -453 0
426 -187 0
-644 -375 0
426 -97 0
669 -453 0
-269 426 0
592 -453 0
370 629 0
-584 -423 453 -364 -592 -669 -497 0
-23 666 -426 187 184 269 97 0
-27 -588 0
-27 407 0
190 692 0
-94 -27 0
587 -2 0
-27 307 0
744 -163 0
-152 126 0
178 588 0
-271 104 0
610 526 0
-27 763 0
-363 588 0
-33 416 0
-178 313 265 22 363 7 -588 0
-28 -196 0
-412 -28 0
196 -639 0
490 -28 0
-510 705 0
-28 588 0
196 -27 0
-730 213 0
241 -170 0
495 -153 0
196 -345 0
774 -780 0
-512 -778 441 -445 -358 791 -648 -786 -530 676 481 0
-28 512 0
-234 604 0
-313 478 0
427 -90 0
-28 586 0
-373 229 0
-28 778 0
-148 640 0
-586 -512 -778 -700 28 -490 412 -785 644 -617 -588 0
21 112 467 100 69 345 300 378 639 27 -196 0
519 52 0
297 590 0
548 -22 0
-214 431 0
328 548 0
-545 128 0
-289 548 0
656 772 0
262 614 0
-128 94 -728 -543 -770 545 -521 0
-328 143 -548 75 22 -370 289 0
23 227 0
490 -30 0
-236 358 0
196 -30 0
-28 430 0
-244 770 0
430 162 0
-30 508 0
-222 430 0
232 -799 0
-616 430 0
777 -385 0
-220 430 0
242 -481 0
622 -266 0
649 -30 0
-249 430 0
-30 403 0
-251 430 0
524 -403 -490 -486 -564 -5 30 -649 -196 -508 0
-250 628 0
-386 169 0
-67 474 0
-279 431 0
-51 534 0
-105 604 0
426 -730 0
-453 431 0
436 -730 0
431 -36 0
-755 674 0
431 40 0
-730 -603 0
-419 431 0
-730 166 0
-172 432 0
698 -90 0
-250 19 0
775 -730 0
263 431 0
603 -426 -166 -436 -717 -440 -290 -151 -775 730 0
304 286 419 36 453 -431 -40 279 351 -263 0
-413 -432 0
242 569 0
651 -37 0
-413 678 0
731 503 0
-209 -26 0
-83 785 0
-644 -413 0
789 -391 0
-647 -413 0
-50 432 0
749 -413 0
-14 432 0
737 -337 0
-755 648 0
-33 -433 0
-33 713 0
433 -313 0
-33 212 0
-390 433 0
94 -520 -407 27 -763 -307 -713 0
433 -556 0
749 -327 0
433 -69 0
-529 -129 0
646 585 0
-545 230 0
-33 600 0
-33 -568 0
-33 -473 0
82 -360 -634 540 -156 368 102 0
-33 457 0
-695 -447 0
568 -416 -600 473 -212 33 -475 -457 -617 -713 -504 0
635 -643 0
-755 434 0
-755 713 0
-434 -313 0
754 -755 0
136 712 -158 25 72 -291 65 198 0
781 -755 0
-434 -381 0
-755 587 0
-323 -337 0
-755 430 0
-30 -434 0
437 -755 0
-434 -37 0
624 -755 0
-434 -750 0
-607 569 0
-187 -506 0
-296 -563 0
182 -456 98 60 154 418 424 681 716 331 0
152 428 250 -84 -19 362 0
-274 -434 0
-755 13 0
-249 -219 0
485 -36 0
-14 -434 0
-324 558 0
-591 -191 0
50 100 67 -297 -432 172 14 0
-248 -434 0
-766 642 0
381 750 37 313 -183 -8 798 274 -316 434 30 -776 248 201 146 14 0
700 183 0
-99 611 0
-518 308 -623 767 738 676 172 0
77 507 0
107 515 0
414 -247 -778 -667 -624 561 -721 -437 -574 -699 -68 0
-778 -698 -558 90 20 341 0
-732 -122 -235 -575 -564 -171 -348 135 510 -280 -763 -683 0
124 -690 0
77 728 0
328 515 0
122 77 0
-103 515 0
488 77 0
-694 515 0
-394 793 0
756 -284 0
-436 -36 0
724 -36 0
-324 436 0
79 -36 0
436 -380 0
761 -36 0
573 605 0
426 -36 0
436 -453 0
-314 422 0
436 -71 0
247 -36 0
436 -254 0
-274 -323 0
-51 436 0
79 360 0
-244 501 0
-680 -279 0
-418 436 0
-36 581 0
-181 436 0
685 -172 0
291 696 0
749 -755 0
436 -376 0
678 360 0
152 -5 284 137 -484 149 0
-437 -37 0
724 -37 0
-687 -365 308 -777 -637 -42 644 0
290 -37 0
213 -371 0
557 -239 0
437 -3 0
549 -37 0
-681 437 0
547 -254 0
437 -256 0
272 -37 0
484 437 0
749 -37 0
-660 -606 -718 -692 -566 -230 -415 -221 14 0
-571 -37 0
437 360 0
-749 37 571 219 -724 -272 -290 -549 -651 0
-360 256 3 351 -437 -484 681 324 14 0
-38 -566 0
-38 45 0
-527 566 0
-38 724 0
-324 566 0
-38 739 0
-339 566 0
-38 227 0
-82 348 0
-38 -483 0
-83 566 0
-38 218 0
-194 531 0
-38 -219 0
-719 -192 0
-38 717 0
566 -304 0
-38 800 0
-753 656 0
530 311 0
304 140 447 -566 83 339 256 90 613 527 324 0
-439 -71 0
748 -71 0
440 -96 0
-404 -71 0
-128 120 330 697 -610 538 385 730 0
-28 617 0
-170 439 0
504 -71 0
-539 717 0
450 -71 0
-797 439 0
-387 145 0
-799 439 0
-55 675 0
-330 439 0
664 -71 0
700 484 0
404 71 -388 -500 -664 -450 -570 -748 -504 0
42 -56 0
482 -55 0
-765 40 0
29 -384 0
-329 -417 0
8 440 0
555 40 0
-73 440 0
280 40 0
439 -164 0
-103 335 0
440 -255 0
-555 -40 765 655 -280 -587 0
451 255 73 -8 -440 96 0
116 246 355 441 55 319 251 296 236 225 276 673 545 201 0
161 -244 0
476 -244 0
448 518 0
-244 667 0
778 -385 0
-244 213 0
-161 -57 0
463 -244 0
-161 -63 0
-244 354 0
-161 -379 0
517 -164 0
-161 -198 0
570 -244 0
-161 -170 0
-282 436 0
558 -243 0
596 -711 0
-268 401 0
750 666 38 394 658 710 736 131 425 -549 164 146 0
-244 19 0
-161 -87 0
724 -244 0
-92 -304 0
57 161 101 379 63 315 170 238 163 137 -76 324 198 87 0
751 -43 0
-294 593 0
-751 -783 0
29 546 0
-751 -46 0
-377 127 41 1 36 351 43 44 201 -754 0
-599 -106 0
-43 638 0
-92 -208 0
634 -760 0
11 546 0
-44 -444 0
583 -44 0
444 -798 0
595 -44 0
364 -727 0
678 -44 0
297 444 0
278 -313 0
444 -89 0
-44 734 0
-634 319 -138 -597 -547 -604 0
160 -44 0
444 -312 0
670 -655 0
-18 354 0
156 589 0
312 319 134 400 798 89 -297 375 -444 0
-58 630 0
-340 -265 0
8 445 0
455 -2 0
-55 445 0
-2 459 0
-559 -711 0
435 -2 0
142 -95 571 -405 359 -576 -171 -485 719 0
-771 -675 626 26 293 206 559 720 0
-309 150 0
-123 -459 2 -435 -587 -455 0
522 -380 0
-742 -46 0
-791 -46 0
-179 742 0
530 -46 0
290 -347 0
519 -46 0
76 354 0
577 -46 0
-562 742 0
-116 634 0
670 742 0
-220 721 0
-690 742 0
-519 46 -550 -623 791 -530 -577 0
-710 442 0
-600 -47 0
-451 463 0
455 -499 0
-607 660 0
176 -97 0
128 -47 0
600 -289 0
778 -47 0
600 -378 0
45 -21 0
-6 -720 0
-128 -778 -461 -469 47 -792 0
369 208 -600 61 378 289 0
-425 -448 0
-350 -751 0
-690 423 0
-783 648 0
448 -419 0
-425 717 0
448 -304 0
603 -717 626 425 0
304 419 149 -448 0
-49 -349 0
774 -74 0
349 -264 0
-49 195 0
-418 13 0
80 -237 0
-390 349 0
-49 667 0
-238 349 0
-49 445 0
349 -2 0
-49 -429 0
624 -438 0
757 -82 0
-261 349 0
-49 567 0
349 -414 0
-667 -445 49 -661 429 -212 -195 -567 -664 0
414 390 261 2 -349 238 264 271 544 0
-797 -450 0
476 -797 0
76 450 0
496 -797 0
-93 450 0
-797 570 0
-797 742 0
450 -46 0
578 -696 453 170 613 -291 616 538 210 421 362 0
328 450 0
-797 537 0
-137 450 0
-691 -797 0
-92 -797 0
-336 450 0
479 355 108 -714 799 325 51 380 -484 -17 0
450 -314 0
-184 221 0
-111 -219 0
-152 576 0
-51 471 0
365 -39 0
-51 445 0
-20 -690 0
-273 31 0
-798 594 0
-511 -449 0
-319 365 0
-261 403 0
-473 -719 0
-51 637 0
-310 365 0
-51 335 0
-239 365 0
-51 396 0
-276 365 0
-734 -445 -471 740 -396 -637 -335 51 -509 0
310 -365 319 109 -535 276 2 239 39 0
-247 -254 0
786 -254 0
335 115 0
-322 537 0
-645 337 -573 -696 -59 -557 -682 -151 454 -774 -588 0
-103 408 0
247 -249 0
59 -254 0
247 316 0
-534 -193 -687 -583 -501 -290 -596 702 -435 -563 -444 0
-707 430 0
638 -627 0
601 -256 0
-362 734 0
769 -711 0
-51 734 0
-53 -454 0
-607 -26 0
517 -99 0
-321 -721 0
-240 -482 0
-35 -26 0
529 -53 0
-340 -750 0
-385 709 0
-345 -26 0
-53 699 0
-791 -159 0
-442 53 -529 -566 -409 -785 679 -699 454 -628 0
-268 623 0
-607 454 0
-417 -607 0
-454 17 0
9 -607 0
-99 -454 0
693 -607 0
-454 -293 0
42 -607 0
-60 -454 0
-755 601 0
-397 512 0
601 -607 0
-201 -454 0
-664 -264 0
-454 -139 0
8 563 0
496 -447 0
757 -797 0
-454 -255 0
777 -607 0
-677 473 680 -396 -121 66 765 -588 0
-9 -281 607 -777 -601 417 -669 -42 -569 655 -693 0
-533 -175 0
-536 -243 0
-7 474 0
757 76 0
-55 155 0
-473 -216 0
-55 -764 0
455 -619 0
-780 590 0
-385 128 0
-525 -447 0
-163 675 0
188 -55 0
455 -105 0
9 -55 0
455 -99 0
688 -55 0
455 605 0
-416 -556 0
332 694 -725 368 -370 418 105 768 18 0
-191 -92 0
469 -47 0
554 -379 0
-386 247 0
-55 -219 0
455 -256 0
457 -55 0
762 -201 0
499 38 99 275 320 256 300 308 118 619 368 -605 105 -455 0
-510 -36 0
-374 -737 0
-473 -372 0
200 110 -439 330 799 170 264 797 164 0
-53 26 0
367 -56 0
183 615 0
-69 -454 0
456 -98 0
549 -56 0
-681 456 0
459 -56 0
456 -716 0
462 -56 0
-187 515 0
631 -56 0
456 -331 0
795 -56 0
456 -182 0
110 780 -532 -535 -406 175 784 0
-468 272 0
-57 -213 0
21 -277 343 157 236 -40 58 556 244 421 14 -572 641 0
570 -71 0
-36 682 0
-148 213 0
-676 512 0
-647 23 0
-193 636 330 525 684 0
557 -372 0
-347 -747 0
-390 526 0
-57 709 0
-256 410 0
57 -709 -624 -431 -553 -757 -617 0
148 750 712 69 730 -213 153 0
-58 -458 0
-58 698 0
458 -395 0
-58 -764 0
458 -619 0
-58 398 0
403 -144 0
635 776 0
722 -313 0
624 -202 0
-240 487 0
764 -698 58 -88 -521 -398 -563 0
635 -379 0
-61 12 0
469 -419 0
-37 459 0
-194 298 0
-516 -366 0
-716 354 0
758 346 0
4 -305 0
-98 459 0
-582 -716 0
-226 459 0
388 -716 0
657 -78 0
-680 -716 0
-650 459 0
787 -716 0
-387 459 0
-247 -665 -471 374 -19 -642 -731 -693 -196 0
-383 459 0
693 -750 0
37 379 330 -459 383 -565 98 387 650 226 0
-60 -42 0
786 -60 0
-740 -397 0
-60 430 0
-441 393 0
-483 -666 0
-257 586 0
-60 -626 0
-597 -332 0
-60 213 0
625 748 0
-60 -16 0
42 156 0
771 -60 0
42 -371 0
-451 779 0
42 -356 0
557 -109 0
-128 -677 447 -439 -459 359 -621 -471 -648 -549 -651 -754 0
-61 -461 0
-61 34 0
230 -200 0
-389 735 0
763 -253 0
-112 -737 0
235 -154 0
122 -780 0
-67 461 0
352 227 0
-38 -26 0
-61 602 0
-202 461 0
490 -527 0
-268 403 0
-61 -647 0
-50 461 0
757 -57 0
-480 461 0
-120 -525 0
50 480 35 -461 75 67 202 33 254 66 -357 0
-179 586 0
-424 581 0
-181 462 0
-424 442 0
420 -214 0
-424 592 0
-424 -706 0
-643 660 0
700 -658 0
-83 592 0
462 -279 0
-424 696 0
565 95 0
77 364 0
-766 462 0
-442 -782 -533 -696 706 -592 206 -151 424 -581 0
666 -52 35 181 225 279 175 306 -462 766 0
-463 -63 0
-75 -521 0
-571 -279 0
-63 461 0
-61 463 0
534 -63 0
-102 463 0
123 -284 0
-72 463 0
401 -63 0
463 532 0
757 -259 0
99 -532 90 261 707 184 -307 0
-369 718 0
-207 463 0
-534 63 -461 -472 -158 -553 -401 -587 0
207 -463 -532 -8 61 72 102 153 0
-64 464 0
-559 52 0
651 -320 0
-751 -64 0
-389 195 0
-674 390 48 -526 510 -786 671 -188 -739 0
80 -690 0
12 -64 0
-603 -332 0
762 -64 0
-464 -78 0
-64 547 0
-464 489 0
-536 -64 0
267 751 783 46 222 0
104 -391 0
-15 -464 0
-64 475 0
-697 -464 0
444 -499 0
297 519 0
-214 396 0
-238 232 0
-345 -785 0
-345 -751 0
-43 785 0
-94 -345 0
785 -22 0
-345 442 0
-35 785 0
-483 -345 0
-204 427 0
80 -345 0
785 -180 0
297 621 0
-257 -671 0
-779 -215 0
-726 785 0
-442 94 751 -80 345 -576 -272 483 0
726 35 83 180 22 -785 43 -484 0
-66 -466 0
-228 -772 0
542 -325 0
121 -66 0
705 466 0
-66 677 0
654 466 0
-473 -66 0
-768 466 0
-282 -737 0
208 516 320 366 505 768 0
-273 633 0
-276 466 0
-66 -765 0
-451 466 0
377 -454 0
-705 451 -466 276 768 27 -654 650 0
420 -133 0
-67 675 0
-674 668 -123 340 -461 371 -634 -615 -45 -762 -229 655 -487 -763 -213 0
-67 -454 0
-355 281 0
602 -67 0
12 -202 0
-67 487 0
12 -708 0
600 -67 0
12 -47 0
-67 509 0
-677 511 -628 198 0
743 -56 0
303 520 0
-602 -600 -634 -675 67 454 -487 -509 0
-12 275 109 607 202 708 505 47 0
646 -582 0
-69 -617 0
602 -66 0
617 -607 0
602 -69 0
617 -202 0
-69 -481 0
617 -81 0
199 119 0
617 -726 0
-602 69 -576 454 481 0
726 607 202 81 -617 0
-470 610 0
610 713 0
470 -313 0
610 -464 0
422 -741 0
-765 -69 0
470 -397 0
461 -47 0
-514 470 0
317 610 0
-132 470 0
-317 -526 -622 -610 -68 -713 464 0
-367 -418 0
-471 -39 0
171 -39 0
-636 -284 0
-39 739 0
471 -339 0
-9 599 -687 751 -664 -744 106 -229 0
471 -381 0
-39 620 0
-127 471 0
-514 773 0
471 -112 0
744 -39 0
-344 471 0
-512 -781 -171 -620 -744 39 -739 0
479 127 381 112 339 -471 344 0
124 -96 0
-72 653 0
-711 472 0
-72 -481 0
-81 472 0
-72 -516 0
-672 629 0
-72 728 0
328 472 0
-72 457 0
183 -434 0
-72 415 0
-205 -219 0
516 -415 -728 -653 72 -457 481 0
-516 -736 0
504 -98 0
722 -73 0
-309 519 0
-663 -344 0
583 -694 0
-386 789 0
130 -789 0
-73 70 0
-647 -170 0
-593 -687 666 -298 -466 -558 -622 -614 -229 -11 483 0
-108 -26 0
-150 -74 0
-464 -74 0
-64 150 0
-173 775 0
-49 150 0
610 -541 0
388 -118 0
743 -153 0
9 352 0
700 -74 0
-300 150 0
557 -74 0
403 -133 0
-529 -660 -388 359 -535 -786 -774 0
-676 -524 0
-442 -35 0
-152 -737 0
-746 -700 74 541 -349 -557 491 464 -774 0
64 -346 49 446 -150 157 300 374 141 0
-697 -475 0
-186 5 0
-494 772 0
677 -198 0
-686 475 0
-697 513 0
-208 195 0
-697 734 0
758 -43 0
122 -72 0
-438 717 0
-670 53 -107 -501 144 197 686 25 98 413 97 0
126 -25 0
657 -697 0
-257 475 0
-697 155 0
-687 -287 0
-734 -166 359 697 -471 -657 -513 -155 -307 0
-343 474 0
-655 -607 0
583 -344 0
476 -39 0
76 145 0
476 -144 0
338 76 0
123 -2 0
777 -395 0
476 -379 0
-163 508 0
-417 -105 0
76 193 0
-479 -571 0
76 231 0
-321 678 0
-1 754 0
-476 379 144 392 118 784 39 146 0
-240 -341 0
422 -449 0
-514 442 0
-35 675 0
263 444 0
-336 748 0
-562 442 0
-35 -647 0
-50 442 0
-35 230 0
-670 562 690 -84 -742 179 421 0
504 -332 0
-7 430 0
787 -389 0
-294 24 0
253 339 383 -270 -656 137 -654 0
-351 466 0
-136 448 0
476 -78 0
-454 518 0
-78 -663 0
-302 762 0
-694 687 0
-72 762 0
601 -78 0
-48 -207 0
435 -78 0
115 762 0
456 -424 0
-375 270 0
-392 782 0
-55 193 0
-476 78 -388 441 -472 -558 -601 663 -458 -435 0
-228 628 0
-294 188 0
-142 -194 0
-141 367 0
235 -418 0
-194 -594 0
-418 147 0
-89 367 0
80 -418 0
-206 705 0
-418 408 0
291 785 0
335 662 0
-784 570 0
-418 770 0
333 267 252 308 400 684 0
205 399 300 139 51 -272 704 27 260 397 0
-329 367 0
441 -235 -80 541 -104 -567 418 -147 -770 -408 0
455 -300 0
-676 -229 0
786 -676 0
-540 32 0
530 -676 0
84 229 0
-676 -791 0
-179 229 0
-676 445 0
-2 229 0
-330 459 0
-319 487 0
682 -337 0
229 -112 0
-29 -284 0
84 34 0
778 -676 0
-378 229 0
-676 648 0
-248 229 0
565 459 0
112 386 41 2 -84 378 179 248 767 -229 81 0
-81 481 0
606 -81 0
625 -481 0
168 -81 0
8 674 0
24 -81 0
-481 -117 0
-81 642 0
564 -30 0
-120 458 0
334 -481 0
722 311 0
-329 -481 0
-542 -606 -104 -642 -24 -168 81 0
-625 329 -334 117 163 -242 481 0
-53 442 0
700 -312 0
482 85 0
-240 410 0
232 -613 0
733 -201 0
482 -254 0
455 -240 0
-412 646 0
-424 688 0
482 -397 0
80 -285 0
482 489 0
443 -258 0
353 -311 120 75 243 536 710 -316 254 -605 425 149 0
-132 588 0
482 -302 0
-650 772 0
-306 560 0
-240 -219 0
696 -616 0
-240 -551 0
458 -399 0
774 -148 0
482 -210 0
62 -276 0
-85 55 275 -489 256 302 293 254 741 210 702 -482 397 0
-83 483 0
-83 595 0
-483 -400 0
-453 500 0
-483 311 0
575 -83 0
-483 -54 0
573 -83 0
115 445 0
-385 195 0
-483 -132 0
-499 -26 0
-790 408 0
-619 124 0
-707 155 0
696 -159 0
-790 -483 0
-100 31 0
-503 -311 327 400 173 483 790 54 132 0
-422 -389 0
-798 411 0
621 -105 0
-389 773 0
422 -373 0
-389 693 0
-362 669 0
-389 150 0
-74 422 0
-389 507 0
-331 550 0
-202 637 0
-690 631 0
714 -389 0
86 693 0
-228 31 0
-422 -107 310 134 373 74 293 314 271 0
-485 -643 0
-240 692 0
534 -702 0
-424 782 0
165 531 0
-510 -643 0
485 -223 0
364 -643 0
485 -187 0
-643 13 0
-686 682 0
474 -643 0
622 -331 0
-359 -101 0
-269 485 0
88 -643 0
-273 485 0
207 152 -193 200 -107 736 397 97 0
485 -391 0
-207 408 0
211 -767 0
-326 -436 643 -635 -364 -474 -13 -195 510 -669 -88 0
-438 772 0
-209 227 0
86 -668 0
-268 126 0
605 462 0
723 781 0
86 432 0
126 -413 0
490 86 0
126 -21 0
86 611 0
122 -248 0
242 606 0
126 -293 0
86 -26 0
-53 126 0
263 -16 0
126 -258 0
86 19 0
-268 588 0
86 552 0
-27 520 0
86 721 0
-321 126 0
-391 522 0
-54 11 0
-207 -158 0
21 -126 53 152 258 268 243 293 306 321 413 -262 87 0
-514 -626 0
482 -708 0
458 -296 0
430 -21 0
-152 742 0
-631 319 237 239 514 0
-154 563 0
-250 405 0
777 -182 0
361 112 -178 608 216 181 202 -8 51 417 222 87 0
487 -658 0
-708 742 0
213 -750 0
-111 408 0
221 -194 0
539 419 694 69 540 117 -469 375 318 0
240 658 46 794 319 74 175 418 81 -487 0
295 -117 0
171 -673 0
-92 -318 0
415 -673 0
232 -325 0
168 -275 0
232 -451 0
-673 227 0
482 -741 0
-673 594 0
-194 232 0
683 -673 0
232 165 0
749 -673 0
-21 677 0
-749 -415 -171 -745 673 765 -594 -227 -683 0
479 -165 -232 194 451 325 613 65 14 0
-591 -560 -415 -558 738 -651 0
-228 -559 0
-116 147 0
23 427 0
-255 147 0
-681 624 0
126 -243 0
537 -244 0
295 -711 0
-140 698 0
-384 526 0
-110 653 0
-711 439 0
653 -71 0
-638 441 -403 -615 302 167 -168 0
-73 653 0
62 -243 0
-418 653 0
-711 -192 0
-309 587 0
-163 -161 0
-428 653 0
-53 566 0
217 653 0
-711 779 0
242 591 0
777 -711 0
377 653 0
-392 406 0
486 -177 0
-446 491 0
722 -446 0
-322 -491 0
-798 696 0
-514 -491 0
-541 -446 0
-491 -141 0
617 -446 0
-491 -69 0
-142 -446 0
-146 -491 0
-667 111 -303 -130 245 673 141 0
-369 -491 0
688 -760 0
-491 -343 0
795 -446 0
-491 -182 0
-446 645 0
668 -638 618 -692 -575 -433 -622 477 -789 759 -509 0
142 -645 -722 446 -622 -743 -795 541 -469 -617 0
218 -381 0
-492 -736 0
349 -736 0
-49 492 0
729 -332 0
-422 94 -166 -756 -409 -634 741 -649 -549 0
495 -736 0
492 -658 0
-328 116 -472 325 308 711 81 0
-116 492 0
-561 -736 0
381 310 419 332 299 -610 -70 639 0
-319 348 0
-207 492 0
-224 -164 0
782 705 0
457 -736 0
-308 492 0
-296 218 0
-343 145 0
609 -250 0
-708 -481 0
-609 -494 0
-250 188 0
-609 -105 0
21 28 249 251 616 707 -430 -162 222 220 0
-609 277 0
-250 231 0
-784 -609 0
-715 -405 250 -231 -188 -628 0
-655 -339 0
-220 -5 0
-220 -626 0
-608 632 0
-562 -577 0
-137 5 0
272 -220 0
484 5 0
29 -220 0
5 -284 0
552 -220 0
-152 5 0
656 526 0
432 -139 0
-413 581 0
646 775 0
-110 495 0
42 -658 0
-60 495 0
-516 -658 0
-116 495 0
462 -225 0
603 219 -124 -629 737 619 -229 759 0
-83 648 0
661 -322 0
-189 -737 0
-207 495 0
633 -658 0
495 662 0
-784 474 0
495 357 0
-633 404 516 -700 -158 658 -34 -615 -42 0
207 116 -662 110 300 60 -357 -495 376 0
346 -759 0
-93 -759 0
496 -375 0
-93 407 0
-7 496 0
-93 471 0
-108 779 0
-93 682 0
-282 496 0
-93 -561 0
646 496 0
-93 692 0
-479 -511 0
-93 695 0
-269 -454 0
-695 -692 93 561 -471 -407 -682 759 0
-132 513 0
-97 -497 0
645 -3 0
-705 480 36 686 727 98 510 187 0
-7 747 0
-707 497 0
-752 -97 0
723 497 0
-727 91 0
497 -243 0
752 -564 -622 -745 97 -176 0
243 707 514 -723 65 -497 0
-87 478 0
575 -98 0
-766 119 0
-250 732 0
11 -60 0
-33 461 0
657 -174 0
399 580 386 -718 313 180 -203 204 544 -162 44 0
84 398 0
-707 -765 0
530 -266 0
-123 -756 -575 98 -642 -42 0
574 -414 0
-9 -99 0
664 -99 0
9 -264 0
-323 -99 0
270 -767 0
188 -99 0
776 -434 0
-53 628 0
9 565 0
10 -99 0
-141 150 0
-142 -99 0
9 -146 0
-373 782 0
-608 -599 0
669 -99 0
-269 9 0
-454 -337 0
9 -246 0
142 -517 -10 99 -500 323 477 -664 -669 -188 0
-9 246 -352 799 468 -565 264 105 269 146 0
-799 -500 0
-97 281 0
-83 -671 0
-7 522 0
183 -13 0
564 -368 0
-179 693 0
700 -148 0
-103 500 0
-799 -506 0
-106 500 0
-799 -703 0
752 -687 -583 428 -696 -230 -45 765 -307 0
664 -799 0
492 -141 0
488 -798 0
500 -243 0
328 443 0
-451 500 0
-232 -122 -426 -630 799 -664 765 506 -176 703 0
120 451 243 -303 -500 453 673 264 106 103 0
-501 -101 0
602 625 0
71 185 561 264 271 209 639 226 215 0
145 -101 0
-730 -671 0
669 -643 0
-686 501 0
-163 -663 0
-578 770 0
168 -244 0
-320 -460 0
-101 507 0
107 501 0
-624 -750 0
-53 501 0
-302 168 0
670 501 0
130 642 0
-6 665 0
795 40 0
501 -97 0
-697 307 0
-534 -102 0
403 -245 0
534 346 0
-102 247 0
-345 576 0
-102 365 0
452 -56 0
774 -39 0
534 -202 0
-102 606 0
534 625 0
-102 600 0
534 -47 0
415 -329 0
-387 729 0
-102 31 0
-16 -114 0
278 -380 0
122 -181 0
-102 637 0
534 -310 0
-31 -746 -123 -247 -606 -365 -602 -600 -637 -772 102 0
377 698 0
-122 -103 0
-103 581 0
-228 534 0
-103 472 0
-697 166 0
-103 416 0
-412 -243 0
723 42 0
122 -712 0
649 -254 0
-584 327 -564 -45 -121 0
-103 604 0
122 -204 0
657 -103 0
122 -257 0
-103 648 0
262 126 0
307 125 0
-202 -647 0
-103 -341 0
122 85 0
-709 -472 -416 -657 -335 -648 341 -604 103 -408 -581 0
-369 -759 0
-386 512 0
442 -200 0
-35 504 0
11 -200 0
-73 -555 0
-340 -200 0
-197 504 0
-200 614 0
661 -200 0
377 631 0
461 357 0
-710 504 0
638 -200 0
504 -267 0
642 -200 0
550 -180 0
488 -200 0
-30 407 0
-702 -671 0
267 214 35 694 197 710 261 98 -242 -504 0
-105 -188 0
-251 645 0
188 334 0
-105 229 0
188 -676 0
761 -131 0
188 17 0
-791 -105 0
698 -153 0
150 -105 0
-202 779 0
602 -105 0
130 667 0
230 -105 0
476 -146 0
-542 -230 -602 -150 791 417 105 -229 0
-334 710 74 202 179 -188 676 -17 0
506 -106 0
229 -106 0
-506 -676 0
-751 -106 0
-43 -506 0
9 -106 0
-547 489 0
-106 687 0
-368 -525 0
744 -106 0
-50 724 0
-753 -114 0
199 -506 0
338 -6 0
-506 -264 0
-740 -344 0
772 -159 0
415 -282 0
107 430 0
-30 507 0
107 513 0
-113 507 0
723 596 0
-256 507 0
107 493 0
-209 507 0
-359 -39 0
-449 507 0
-107 219 -533 -348 -513 -430 -493 0
449 -507 256 175 30 209 113 0
-222 -508 0
-626 -306 0
-6 -406 0
404 -705 -490 -230 -471 -537 740 -401 0
-347 487 0
-366 -692 0
508 -726 0
-222 358 0
508 -767 0
744 -222 0
508 -344 0
-392 587 0
-238 -341 0
-222 171 0
-479 508 0
-222 729 0
-467 -192 0
-235 -80 -486 429 -604 -786 796 318 -713 -632 -444 0
84 -224 0
290 -222 0
-267 -429 0
-222 155 0
-368 508 0
-367 -533 -358 -729 -34 -576 -171 -648 -290 -744 -168 222 -155 0
754 -44 0
-368 634 0
-109 628 0
11 -716 0
764 -367 -543 -427 -723 -42 -769 -495 -739 0
-424 -462 0
517 -258 0
486 -395 0
-109 553 0
509 -153 0
16 -756 -555 -771 626 60 -430 -786 -213 0
-157 509 0
605 -688 0
646 509 0
-109 -20 0
-608 509 0
-109 508 0
-514 497 0
-109 528 0
509 -689 0
-326 -391 0
-369 298 0
-48 86 0
-277 608 658 159 180 157 689 222 -646 153 -509 0
585 -738 0
436 -223 0
-456 -56 0
612 662 0
-510 -686 0
621 -223 0
-510 -727 0
11 -223 0
-98 -510 0
364 -223 0
443 -257 0
121 -223 0
196 -21 0
629 -223 0
-480 -510 0
-436 359 -629 -621 -364 -121 -11 223 0
-222 509 0
317 -154 0
155 -353 0
-177 354 0
-99 -477 0
-383 732 0
-222 -751 0
-673 732 0
-609 -353 0
-687 340 -420 -631 704 679 -88 -11 0
632 -353 0
203 732 0
781 -177 0
-173 405 0
746 -324 0
518 732 0
558 -90 0
-545 728 0
-551 -353 0
-702 732 0
761 -395 0
517 303 0
633 -353 0
-66 588 0
196 -467 0
-732 -518 -178 -662 250 383 -203 673 210 368 27 702 0
-512 -112 0
407 -112 0
476 -118 0
-167 -112 0
-635 -18 0
-205 281 0
512 -337 0
606 156 0
512 -106 0
549 -164 0
-109 512 0
-30 42 0
484 512 0
528 -112 0
778 360 0
404 287 392 351 259 0
667 85 0
-33 617 0
761 -783 0
746 -112 0
346 512 0
786 -112 0
278 -704 0
-273 124 0
-512 -346 337 386 578 216 760 109 689 7 106 -484 0
-710 -536 0
735 -113 0
-186 513 0
-113 416 0
-556 513 0
317 -113 0
549 -658 0
169 -113 0
513 -627 0
-113 569 0
513 518 0
743 -113 0
513 -343 0
769 -113 0
217 513 0
800 -113 0
646 492 0
-317 -735 -169 -800 -416 -743 -569 -769 113 0
-518 186 343 90 627 -513 556 132 -217 0
217 542 0
290 -114 0
785 -750 0
-319 597 0
-55 398 0
625 358 0
792 -712 0
338 -114 0
-392 398 0
757 -114 0
583 52 0
-338 114 -290 -757 491 -455 0
531 -494 0
115 -435 0
-345 553 0
495 342 0
-585 582 -471 -335 -485 -430 167 454 260 0
-606 6 325 202 173 619 254 -242 767 0
115 358 0
435 -767 0
657 115 0
-257 435 0
-641 -731 0
583 -253 0
-569 518 0
562 73 257 356 767 -435 0
-116 516 0
165 553 0
228 -23 379 394 -405 343 25 173 689 -546 639 0
436 -643 0
-317 404 -488 -782 -472 26 753 341 -151 650 0
-116 -473 0
-707 307 0
-116 792 0
31 -304 0
-116 -720 0
-516 -320 0
116 -692 -634 473 720 -792 0
-321 427 0
-517 565 0
233 565 0
-356 410 0
-350 756 0
517 -61 0
598 565 0
517 -198 0
-94 565 0
517 -22 0
-516 565 0
517 -116 0
-516 -226 0
80 -109 0
565 326 0
86 492 0
-346 100 -334 1 759 0
517 -265 0
771 -111 0
-210 732 0
94 -95 516 -326 -233 -461 -565 -598 -307 703 0
116 -517 618 258 -303 265 22 61 391 198 0
-23 148 194 -705 -700 -183 538 -656 676 133 220 0
526 -118 0
193 -397 0
552 -344 0
622 -333 0
504 -118 0
771 -527 0
-540 -211 0
107 193 0
263 554 0
193 -97 0
552 -118 0
-152 193 0
-310 587 0
-207 193 0
-158 -526 -507 -492 118 -497 -552 -504 0
326 -643 0
-519 -421 0
-541 -421 0
-228 492 0
211 -527 0
-710 714 0
-421 507 0
519 107 0
678 -421 0
-707 -464 0
94 -507 541 421 -678 0
774 -641 0
-120 -630 0
-120 722 0
-322 630 0
444 -375 0
346 630 0
-120 -434 0
-755 630 0
-488 -694 0
-173 -483 0
-120 485 0
630 -643 0
-120 -663 0
-92 -255 0
-61 466 0
630 125 0
361 449 -529 580 708 175 239 106 421 0
630 -225 0
-746 120 -722 434 663 -485 525 206 -458 0
-346 -125 -630 643 302 225 58 755 322 0
-63 587 0
734 -304 0
-505 211 0
79 503 0
55 -445 -8 -546 -115 716 0
430 503 0
-30 522 0
407 503 0
-30 -524 0
297 432 0
-641 522 0
503 19 0
-627 515 0
-684 503 0
-286 410 0
503 567 0
-201 145 0
437 -480 0
522 -304 0
-503 -79 -717 -745 -567 -19 -407 -430 -731 684 0
-616 637 0
-531 -719 0
-362 713 0
-479 531 0
405 -719 0
148 55 446 392 351 -398 0
-359 -719 0
-686 531 0
510 -223 0
531 -643 0
-102 772 0
-146 531 0
-73 435 0
531 -258 0
-681 -142 0
-726 531 0
-571 -719 0
531 360 0
583 -194 0
726 479 258 -360 -531 643 686 494 146 0
524 -616 0
-54 542 0
-234 721 0
-616 522 0
-524 503 0
-525 -616 0
-524 125 0
-616 743 0
-524 -343 0
-639 70 0
-524 -284 0
-616 -706 0
415 -738 0
-292 -737 0
-82 349 0
338 125 0
364 -371 0
-454 125 0
-525 -607 0
-746 -169 578 -714 -500 -431 -744 0
617 -363 0
529 125 0
-525 -129 0
-288 125 0
-525 -205 0
125 281 0
297 -571 0
-706 -727 0
-525 -265 0
-43 554 0
-55 566 0
76 471 0
-287 -506 0
488 -113 0
59 -345 0
-526 -397 0
461 -397 0
560 -738 0
617 -451 0
-294 787 0
-43 474 0
649 -719 0
76 762 0
526 -112 0
408 -397 0
290 776 0
-354 783 -631 -528 -555 582 644 -401 -572 0
535 526 0
-259 -603 0
-451 732 0
-512 -612 -461 740 -121 -594 -408 397 0
112 194 -705 -526 -535 61 -656 790 0
484 -272 0
484 588 0
272 -27 0
-676 773 0
-71 500 0
484 235 0
537 -332 0
484 365 0
-687 -338 110 -290 659 0
-445 -2 0
272 -704 0
484 -288 0
-386 42 0
272 -300 0
484 281 0
272 -139 0
484 660 0
467 255 90 302 613 -547 254 89 113 0
-4 -281 -660 -700 -365 -235 -526 288 -484 -588 0
104 -418 0
-528 -689 0
-185 614 0
528 -331 0
-452 246 -625 366 132 294 0
528 -428 0
508 -215 0
-559 -689 0
-502 -631 689 -596 703 0
428 -303 -528 134 331 0
-33 475 0
487 -129 0
529 -708 0
519 -129 0
444 -319 0
-506 -129 0
529 -106 0
335 -129 0
529 -239 0
-16 -333 0
529 -449 0
402 -129 0
529 -361 0
-402 -519 -533 -348 -335 506 796 129 -487 0
-619 -759 0
-798 687 0
229 -767 0
530 357 0
-251 423 0
530 77 0
84 422 0
-389 530 0
-523 -764 0
-269 787 0
353 499 174 -610 541 736 102 0
530 -397 0
-46 773 0
530 352 0
693 357 0
-359 342 0
84 -671 0
-695 38 219 -218 -800 -717 -724 -45 483 -739 -227 0
420 84 0
-111 474 0
84 -192 0
11 -356 0
84 -26 0
530 -53 0
268 254 418 -401 87 0
670 530 0
84 520 0
178 530 0
-234 -752 0
530 -467 0
84 677 0
530 654 0
564 -64 0
-62 -131 0
-131 406 0
62 -6 0
338 -131 0
62 -392 0
486 -131 0
62 162 0
-131 281 0
62 -139 0
800 -131 0
575 -673 0
-131 396 0
625 -764 0
176 -131 0
612 -397 0
-6 -404 0
6 243 139 90 276 392 -62 -162 0
-317 -132 0
-132 471 0
317 -39 0
-240 -663 0
317 -27 0
688 -132 0
317 605 0
-517 -354 -388 582 680 -787 -437 -295 -11 716 0
-764 -376 0
-132 495 0
382 -53 0
-132 549 0
-681 317 0
-132 742 0
723 495 0
-187 -525 0
-680 -694 0
-132 512 0
317 -112 0
-226 -561 0
165 638 0
-512 -471 -742 -648 -688 -570 -462 -549 -495 132 -588 0
-132 570 0
178 147 0
533 393 0
-502 -134 0
-528 -80 109 561 -557 20 -553 559 -495 -628 -508 0
-135 511 0
-157 465 0
-419 595 0
193 -200 0
-399 -511 0
-50 431 0
-54 -511 0
-510 -135 0
-511 -223 0
683 -135 0
165 -511 0
122 -135 0
-103 -511 0
-576 90 -654 0
297 -678 0
-780 -510 0
-707 -511 0
-135 171 0
-538 632 0
-404 -658 0
-259 721 0
-135 763 0
-363 -511 0
-245 -737 0
353 479 -165 449 399 363 707 511 103 223 54 96 0
-136 536 0
-136 176 0
-55 -455 0
-136 247 0
-536 -254 0
-645 -232 -517 -584 -79 191 -550 -642 -688 92 -401 759 -563 0
-359 -282 0
-136 630 0
-378 465 0
-267 367 0
509 -112 0
-136 688 0
-645 -358 -537 -614 236 -382 -733 -104 -448 0
-136 -671 0
-536 311 0
558 -738 0
-700 312 -34 -615 -526 412 -408 -617 -775 0
-136 230 0
-513 -113 0
160 -397 0
-536 316 0
-732 -247 136 -630 -230 -59 626 -688 -521 671 -448 -176 0
714 -797 0
-137 -537 0
-137 461 0
-61 537 0
-137 554 0
-177 537 0
-94 -137 0
537 -22 0
-137 512 0
747 -243 0
-137 281 0
470 -284 0
575 -418 0
537 -355 0
657 -399 0
6 110 3 238 767 720 87 0
-137 597 0
272 -399 0
29 -379 0
112 618 355 332 22 -537 139 61 177 0
-169 -627 0
-308 623 0
591 -673 0
522 -87 0
77 169 0
-790 465 0
169 -658 0
693 -627 0
169 -293 0
-674 -560 -782 468 737 -272 679 481 0
-302 169 0
-525 -627 0
-666 614 0
-120 628 0
-267 169 0
-627 478 0
-362 169 0
-638 -515 -478 627 663 525 -786 -693 -495 0
267 -125 -169 386 658 -77 302 293 362 0
-277 -518 265 -642 -162 766 0
672 71 -436 181 453 139 51 254 418 380 376 324 282 0
-288 -256 0
526 -139 0
-397 281 0
-139 459 0
-716 281 0
-288 -139 0
-61 247 0
497 -139 0
-299 530 0
656 158 0
593 -300 0
800 -139 0
-90 281 0
-477 -139 0
-246 281 0
-502 -800 -459 -526 139 477 288 -68 684 -432 -497 0
205 246 355 -281 394 134 90 413 716 397 97 0
-218 -140 0
-616 145 0
369 182 343 69 245 514 141 322 491 146 0
-378 522 0
-578 218 0
-63 -647 0
-167 -302 0
-173 -92 0
-447 459 0
-282 642 0
-641 218 0
-768 32 0
-451 123 0
-140 -551 0
-109 365 0
435 -702 0
403 -285 0
-165 -638 -23 152 135 418 96 0
218 -395 0
-140 478 0
-362 218 0
377 735 0
789 -276 0
-277 38 108 216 -130 372 -546 376 -577 0
53 -86 94 208 -342 135 154 -723 738 223 0
-541 -499 0
470 -141 0
-491 -74 0
-186 472 0
-541 -353 0
534 -141 0
-102 -541 0
414 -367 399 41 329 180 -656 -370 89 141 0
-541 -736 0
574 -141 0
-541 -174 0
-658 553 0
247 -414 0
-123 546 0
-14 326 0
123 -3 0
-237 126 0
123 -293 0
70 546 0
123 -210 0
171 546 0
-479 123 0
346 747 0
-286 218 0
-331 -192 0
-119 -746 112 568 -528 737 -272 -407 167 -786 506 -509 0
490 -172 0
479 -123 381 451 283 3 293 210 0
-215 558 0
543 393 0
-144 -145 0
729 84 0
-313 145 0
758 -144 0
95 -159 0
-790 621 0
242 782 0
188 -144 0
-677 -600 -635 -348 -291 -396 -785 -155 -213 -588 0
-144 598 0
145 -198 0
-144 169 0
-627 145 0
-740 -374 0
781 -140 0
597 -305 0
-467 145 0
-144 -559 0
145 -159 0
478 -106 0
-251 145 0
-586 524 -169 -403 144 -758 -787 -598 559 -188 -713 0
-228 779 0
-108 -699 0
-289 553 0
29 17 0
-670 37 794 -629 300 -370 289 0
610 29 0
190 665 0
-197 307 0
32 -284 0
-523 29 0
474 -284 0
685 -344 0
-63 472 0
-43 742 0
-599 -284 0
199 29 0
-479 471 0
29 -236 0
698 -284 0
29 -395 0
-412 -284 0
-639 29 0
-672 583 0
-451 440 0
-323 -284 0
-344 -744 0
-470 -32 -123 599 -354 636 -698 323 -241 412 -474 284 417 0
379 350 384 523 468 -199 236 -29 -610 -546 639 395 -17 0
142 -146 0
612 -97 0
-328 -126 -488 -543 -777 -590 -743 -597 -522 20 684 671 -757 -549 -754 0
415 -146 0
121 -397 0
593 -257 0
733 -639 0
490 23 0
-194 596 0
-37 -219 0
-275 -703 0
547 -613 0
-33 -559 0
-302 547 0
147 489 0
-46 550 0
513 489 0
547 -113 0
586 489 0
547 -467 0
-655 489 0
547 -255 0
442 -395 0
547 -90 0
217 -752 0
272 -260 0
429 -544 0
247 -544 0
-254 -429 0
577 -544 0
-562 -429 0
-544 550 0
-429 -690 0
401 -544 0
-429 532 0
638 -544 0
-608 728 0
789 -618 0
-538 -429 0
-544 585 0
-429 -185 0
70 -544 0
-670 361 467 266 41 760 -558 129 385 681 282 0
-30 5 0
-429 -783 0
-638 -247 -593 -715 -585 -758 -550 -70 544 -401 -577 0
-94 -239 0
-271 773 0
-681 566 0
-38 549 0
-174 567 0
-425 549 0
516 89 655 0
549 -750 0
-681 492 0
549 -736 0
-681 495 0
420 -22 0
576 -719 0
-146 549 0
-681 230 0
-710 549 0
-681 62 0
549 -131 0
-681 592 0
549 -666 0
-681 748 0
664 -106 0
142 -624 -566 -230 -492 -592 -62 -68 -748 681 -495 -448 0
-137 -161 0
-362 696 0
-749 -14 0
-308 433 0
-186 492 0
10 -71 0
458 -78 0
10 40 0
-442 -247 -12 647 -602 -34 -433 -629 -466 61 -521 0
440 -373 0
-609 352 0
10 -250 0
338 352 0
10 -392 0
381 337 390 658 243 56 197 345 616 -553 424 149 260 289 0
10 -141 0
-694 349 0
10 297 0
388 352 0
10 -330 0
-542 -171 -721 -547 510 -620 -570 720 -217 0
10 -239 0
609 -338 -352 -388 -439 -696 -440 541 -335 -227 -678 0
-30 574 0
551 -702 0
583 -702 0
-798 -551 0
615 -36 0
-144 501 0
-1 478 0
-551 -101 0
-702 193 0
-60 756 0
-140 563 0
649 -108 0
-734 -367 -533 -150 708 -742 679 -495 -482 481 0
-551 -44 0
-702 687 0
758 -689 0
596 -702 0
-386 664 0
-702 563 0
-296 -551 0
290 -702 0
-351 -551 0
612 -83 0
-386 718 0
-152 -552 0
436 -400 0
552 -366 0
595 -255 0
-110 439 0
-51 -365 0
552 -726 0
346 150 0
552 -337 0
152 -692 737 -576 -742 0
-442 -32 -583 -230 26 498 -664 -19 -469 167 -487 0
-553 -153 0
-66 -340 0
-381 553 0
696 -421 0
-726 677 0
-626 -153 0
553 -149 0
-305 95 0
-670 -420 -358 -457 -229 -569 -572 0
722 -185 0
685 -300 0
-603 303 0
553 -56 0
462 -153 0
-424 553 0
785 -153 0
115 555 0
-48 -556 0
-616 553 0
-153 -737 0
553 -337 0
415 518 0
601 518 0
537 156 0
-417 -284 0
176 -153 0
205 246 467 337 292 480 1 783 -761 3 154 204 179 187 131 0
-523 354 0
-554 -177 0
450 -306 0
-562 699 0
787 -177 0
-385 -465 0
125 695 0
-609 -177 0
-250 554 0
-368 732 0
583 -498 0
-389 348 0
554 -727 0
-177 507 0
107 554 0
-340 -177 0
-197 554 0
775 -177 0
714 -108 0
-177 -460 0
404 -110 0
-177 677 0
554 654 0
609 460 -677 -354 751 340 -747 -621 -507 -787 177 -775 0
-107 379 -554 197 250 237 727 347 -263 43 -654 387 0
316 785 0
-768 426 0
-473 -453 0
-768 531 0
535 365 0
-768 -626 0
-473 -149 0
-768 367 0
-473 -418 0
-639 155 0
-222 367 0
334 653 0
-571 -686 0
-768 487 0
-473 -708 0
-768 80 0
-473 -180 0
-32 -367 -426 -420 -80 -531 626 768 -487 0
9 -105 0
16 156 0
156 398 0
-438 534 0
591 156 0
-191 -16 0
749 -310 0
-15 -16 0
-506 -112 0
519 -108 0
575 -300 0
-137 -16 0
-681 -525 0
-16 -253 0
775 156 0
657 -538 0
-311 386 339 -212 25 274 105 223 397 0
-378 -16 0
-67 634 0
-3 -651 0
156 478 0
-362 -16 0
-591 -778 -606 -124 -478 -725 -537 -733 -156 -775 -398 0
333 16 -625 253 191 114 378 137 -263 15 362 0
-157 -557 0
529 -202 0
557 370 0
781 -157 0
128 -730 0
437 -157 0
4 -738 0
-157 406 0
557 -6 0
-157 470 0
557 610 0
-340 -371 0
557 107 0
683 -157 0
-232 -673 0
-157 62 0
-641 4 0
595 -36 0
557 -46 0
-157 696 0
-708 495 0
651 -285 0
388 -78 0
-470 -781 -756 -696 -507 157 -406 -742 -437 -62 -770 -683 0
-165 381 -107 37 -52 6 46 -610 356 -557 -370 131 0
-54 -575 0
151 -54 0
575 -279 0
-54 407 0
575 -7 0
590 -253 0
217 547 0
-54 367 0
-137 -684 0
-54 354 0
575 -379 0
-54 667 0
-238 575 0
-202 606 0
575 -282 0
700 -54 0
-234 763 0
-54 211 0
-1 176 0
-54 128 0
575 -289 0
-54 769 0
180 453 473 523 708 418 738 149 719 0
-232 -128 -354 -367 -700 -667 -407 -682 -211 -151 -769 54 0
379 -575 300 540 279 673 238 418 7 289 282 -217 0
559 -159 0
57 78 268 255 -771 197 363 527 708 274 61 505 -546 676 376 0
486 23 0
-174 -574 0
-559 -71 0
653 -159 0
115 792 0
577 -108 0
-179 -559 0
4 -159 0
-702 501 0
528 -159 0
528 303 0
-655 -159 0
-559 -255 0
558 -159 0
462 52 0
99 287 -199 344 264 43 506 676 0
-514 688 0
642 -374 0
749 -333 0
-59 -150 254 -649 -786 796 0
-64 34 0
-127 513 0
228 71 -52 255 689 711 33 314 179 704 559 133 0
484 4 0
-712 349 0
-49 709 0
342 -460 0
675 303 0
-712 -454 0
-607 709 0
307 -712 0
435 -264 0
-655 -712 0
709 -255 0
465 -499 0
-289 709 0
-78 472 0
-53 785 0
-31 -746 750 -734 -436 -555 -576 -785 -290 -693 -563 0
709 -320 0
696 -712 0
390 1 494 314 163 679 65 103 0
-578 660 0
-468 709 0
-128 712 -584 -696 323 -349 -465 454 655 720 -307 0
-709 -52 255 265 49 320 607 468 184 385 289 0
646 561 0
646 439 0
-561 -71 0
709 52 0
24 130 0
646 779 0
532 -401 0
646 493 0
80 -318 0
-697 433 0
-119 582 -745 -742 -195 204 -530 -188 0
307 532 0
-264 -561 0
646 195 0
126 -613 0
-440 40 0
-639 -561 0
196 -69 0
-422 -488 -548 -472 -554 359 -642 -91 -42 282 0
-486 162 0
488 -282 0
80 -331 0
554 162 0
-385 396 0
130 396 0
-719 594 0
757 162 0
486 -148 0
119 -93 0
486 190 0
119 162 0
486 -216 0
162 358 0
486 -767 0
-119 -591 -423 -554 -358 -590 -162 -757 0
-7 588 0
-142 -755 0
461 -371 0
86 -626 0
317 -226 0
-418 487 0
-296 547 0
563 489 0
-603 360 0
-177 563 0
-234 620 0
-32 386 219 796 -632 0
-296 687 0
-287 563 0
280 -7 0
-329 563 0
-133 465 0
-74 560 0
-296 -323 0
-468 563 0
-452 -687 -554 323 296 -547 -104 -121 679 -295 -587 0
714 -380 0
-707 -564 0
-707 513 0
-333 478 0
651 -154 0
564 -710 0
-707 123 0
564 546 0
21 -489 302 2 30 -574 184 385 0
-468 231 0
50 136 371 -535 114 264 -656 753 201 331 0
-269 -224 0
-707 31 0
564 -438 0
-799 597 0
-296 554 0
-378 800 0
564 -292 0
-31 -123 -502 -722 -230 -443 -382 707 -513 -211 0
579 292 438 134 -564 710 540 -546 322 113 0
165 -683 0
9 165 0
683 -99 0
485 -18 0
683 -719 0
165 416 0
683 -556 0
165 598 0
-67 432 0
-116 692 0
683 -153 0
-9 -165 -416 -531 -598 652 -553 0
99 252 556 -683 719 153 198 0
551 101 428 287 296 798 118 351 44 -115 102 0
519 -172 0
426 -613 0
-681 -549 0
107 348 0
-417 -686 0
-359 17 0
-246 522 0
-127 -359 0
-686 -219 0
624 346 0
178 642 0
-359 -53 0
-238 -753 0
-476 -12 -326 -388 -773 -566 225 -121 652 -513 691 0
249 658 438 202 540 -8 527 616 -637 14 0
53 127 -360 359 256 264 39 -17 0
-202 466 0
437 -414 0
-37 567 0
84 526 0
-254 567 0
-313 -713 0
649 -708 0
-414 667 0
584 -253 0
-414 -561 0
-523 211 0
699 -414 0
-108 567 0
-750 734 0
-681 448 0
778 -414 0
-378 567 0
-414 721 0
-321 567 0
262 -525 0
656 -477 0
568 -760 0
-179 761 0
-72 -568 0
-760 581 0
-568 -181 0
621 -760 0
-568 -727 0
572 40 0
-395 770 0
169 -760 0
-568 -627 0
-753 -264 0
-568 -505 0
593 -760 0
-568 -538 0
664 -49 0
723 367 0
-593 -169 -472 -585 760 -621 -634 -688 -581 0
568 181 185 72 727 538 627 505 -605 0
778 503 0
-538 595 0
593 -400 0
-209 633 0
593 203 0
-336 747 0
696 -453 0
-300 5 0
593 -208 0
714 -538 0
-248 508 0
-714 538 -595 -632 -792 -552 0
-593 152 208 -203 400 314 0
-570 -170 0
597 -200 0
455 -118 0
-185 -561 0
401 -6 0
621 -170 0
-545 -599 0
688 -245 0
-170 13 0
-260 -454 0
528 -170 0
620 -113 0
800 -170 0
570 -90 0
-501 -800 -528 -621 -241 170 -13 -396 0
101 384 90 -183 689 276 727 -570 0
571 360 0
360 507 0
107 -571 0
709 360 0
217 -720 0
151 360 0
8 463 0
263 739 0
-571 -380 0
298 -355 0
712 -107 571 134 279 380 0
-172 -572 0
80 670 0
537 705 0
-781 -171 -546 -70 -788 765 -693 -651 0
-21 572 0
458 -172 0
404 -665 6 -533 -231 740 -401 0
-214 -614 0
-244 572 0
-172 416 0
-556 572 0
-172 628 0
572 277 0
664 -686 0
572 -421 0
557 -172 0
-491 -245 0
-172 731 0
-260 553 0
624 -73 0
-343 572 0
749 -172 0
-14 572 0
-172 -636 0
-236 572 0
554 -140 0
-57 431 0
-173 -573 0
-173 758 0
573 -783 0
-173 688 0
602 262 0
-173 469 0
573 -369 0
-173 785 0
-506 -253 0
-173 657 0
573 -257 0
-173 733 0
573 -333 0
-103 709 0
573 -336 0
-758 173 -733 -657 -785 -469 -688 92 0
369 333 336 -573 783 345 257 -605 0
-670 53 389 -352 -311 467 -178 266 -77 114 -605 -357 -530 738 -654 397 0
-618 692 0
71 -52 -10 330 250 -40 613 392 239 141 -297 0
-308 472 0
574 -21 0
547 -174 0
574 489 0
-174 584 0
-184 574 0
-663 -174 0
-302 574 0
-174 445 0
574 -2 0
465 -174 0
574 -385 0
-584 -445 -490 174 -547 -465 663 -430 0
-707 211 0
-133 -558 0
-133 682 0
469 -446 0
-21 95 0
-129 558 0
246 100 310 -334 -34 293 0
539 -165 333 266 69 -622 90 -8 -605 425 149 0
630 -727 0
670 558 0
-15 743 0
-44 416 0
-286 442 0
-467 558 0
649 84 0
593 -96 0
-296 295 0
-706 -376 0
402 -133 0
-361 558 0
-402 -586 568 -529 441 192 -623 -465 -682 -549 133 0
-429 -210 0
-128 -700 480 -623 -437 679 -770 0
597 -673 0
370 698 0
-726 800 0
732 662 0
726 -677 -800 0
280 -135 0
-708 -487 0
789 -562 0
577 130 0
-672 -791 0
-38 577 0
-562 628 0
577 277 0
-562 123 0
-276 570 0
-619 629 0
490 705 0
-541 352 0
267 -555 134 210 736 322 0
-562 615 0
577 -376 0
-181 792 0
-372 577 0
-119 -123 562 -566 -615 -138 -699 -789 -628 0
541 -141 0
178 -520 0
178 440 0
520 40 0
-377 -518 99 255 139 293 60 269 454 201 -17 0
-89 520 0
178 354 0
-379 520 0
178 365 0
-51 520 0
178 42 0
-30 -430 0
280 178 0
-96 520 0
-73 492 0
-181 218 0
722 -716 0
-312 520 0
-686 -26 0
-449 466 0
178 -765 0
-523 229 0
-25 405 0
-214 358 0
-354 -178 -365 -773 -440 -642 -160 -147 765 -42 -280 703 0
379 -520 312 451 -303 373 -40 51 60 -242 89 96 0
-308 42 0
-391 398 0
326 -114 0
-391 507 0
107 326 0
-391 667 0
775 -627 0
86 -706 0
-319 634 0
622 -539 0
-712 326 0
749 -391 0
-672 -761 0
-452 -367 -631 56 -459 -795 -11 -42 -462 -549 0
565 -703 0
-177 348 0
-503 712 -107 -326 -130 114 238 14 0
-80 -180 0
-180 411 0
147 -44 0
-451 -751 0
-385 550 0
-746 -128 -4 -692 359 323 -621 -342 477 -495 -589 0
-172 440 0
12 316 0
-670 182 108 299 173 204 556 -669 387 730 391 0
631 -180 0
-663 489 0
733 -180 0
80 -333 0
560 -223 0
80 -225 0
-411 -631 180 -550 -733 -623 206 -572 0
-209 -561 0
-181 -581 0
-375 759 0
-639 581 0
79 -157 0
-381 581 0
-181 432 0
-658 -495 0
-181 349 0
706 -29 -743 616 -522 525 -229 0
-202 -765 0
277 581 0
12 -505 0
-781 -218 181 412 -349 -432 -628 0
-277 381 140 49 639 413 -581 0
-795 -182 0
-384 638 0
497 -101 0
795 -33 0
630 -182 0
-173 606 0
526 -182 0
795 -397 0
-182 584 0
795 -184 0
-400 -595 0
795 -153 0
280 -182 0
795 -96 0
-81 487 0
370 367 0
182 -584 -630 -433 -526 -777 -440 -553 -280 0
-377 120 -40 -795 33 184 397 153 96 0
615 -556 0
183 367 0
-163 462 0
746 -120 0
486 -228 0
183 695 0
-447 13 0
-644 -643 0
-350 407 0
183 -680 0
-650 13 0
183 171 0
-479 13 0
-367 -695 -615 680 -183 -171 -577 0
479 447 562 -13 418 376 650 0
84 623 0
-184 155 0
722 -738 0
280 -672 0
-15 584 0
-184 757 0
-148 584 0
-184 124 0
-238 567 0
-184 721 0
-321 584 0
-124 -725 -721 184 -757 -155 0
148 -584 253 368 321 15 0
-585 -185 0
-387 -787 0
-250 585 0
426 -666 0
-764 -253 0
631 -689 0
-185 -703 0
303 585 0
-680 -185 0
610 622 0
-340 -153 0
769 -223 0
657 -208 0
346 585 0
-766 773 0
-12 -67 0
-319 138 0
-301 -346 -52 214 -585 -303 250 738 322 650 0
-586 -467 0
-467 -791 0
-267 555 0
-48 -101 0
-18 586 0
519 -467 0
586 -421 0
-294 508 0
586 -266 0
-467 721 0
-321 586 0
-386 632 0
-694 586 0
-467 -659 0
-259 586 0
-519 -488 467 192 -635 -721 791 659 0
-586 266 694 179 259 321 18 421 0
-187 -364 0
-187 -323 0
-428 -551 0
116 143 -352 336 582 505 259 273 103 132 0
444 -400 0
617 -187 0
364 -69 0
-132 462 0
364 125 0
-100 -759 0
364 -106 0
-579 95 0
364 -704 0
576 -187 0
-726 364 0
771 -187 0
-674 -638 -338 -531 -29 -8 -270 -475 0
-4 -771 323 -621 -576 525 187 506 -617 0
726 -125 371 69 468 -364 727 704 106 0
-234 -427 0
-234 436 0
427 -36 0
-234 422 0
-389 427 0
486 -234 0
427 162 0
280 -350 0
-362 779 0
469 -234 0
-369 427 0
121 -296 0
-127 427 0
196 -112 0
-428 19 0
150 -374 0
576 -179 0
-390 553 0
-343 405 0
-286 474 0
622 -373 0
403 -400 0
369 127 389 -301 36 308 90 -427 204 321 -162 -297 0
270 -243 0
486 -189 0
162 589 0
420 -189 0
-674 -782 -622 373 -440 -742 -211 -229 -594 0
725 -189 0
-15 589 0
-510 -189 0
589 -223 0
-189 -16 0
-734 -583 -502 -595 -160 -147 44 759 -678 0
158 -658 0
589 -337 0
-655 -189 0
-255 589 0
24 -189 0
589 -117 0
-189 34 0
589 357 0
290 -189 0
-351 589 0
-318 -429 0
723 752 0
190 732 0
590 -353 0
190 169 0
-627 590 0
504 190 0
-200 590 0
-516 190 0
-116 590 0
522 -355 0
-94 -545 0
577 190 0
-562 590 0
124 190 0
232 -54 0
-644 190 0
128 -330 0
-527 -671 0
-106 590 0
297 427 0
551 240 -247 219 -675 -526 -547 663 341 -70 -693 -410 -455 0
-514 617 0
-330 590 0
190 642 0
-261 307 0
792 -704 0
-271 590 0
402 370 0
353 116 200 100 562 330 780 253 -590 627 271 -242 106 -297 0
-135 732 0
-191 645 0
591 -245 0
-191 642 0
-215 653 0
-191 -759 0
-375 591 0
79 -191 0
758 -379 0
232 -191 0
-431 -730 0
440 352 0
602 -750 0
-191 584 0
-184 591 0
-191 688 0
605 591 0
-368 584 0
-309 358 0
401 -191 0
-355 595 0
476 -784 0
-296 591 0
94 -22 0
622 -97 0
-136 732 0
-591 336 -532 -565 296 690 245 673 -242 -605 380 184 375 0
-592 -666 0
-340 -362 0
-294 -729 0
622 -666 0
-514 592 0
278 -332 0
-96 -280 0
-666 466 0
-66 592 0
11 -666 0
-672 270 0
463 -153 0
-116 -582 0
465 -712 0
-287 592 0
-666 558 0
-133 592 0
593 -666 0
-538 592 0
507 -767 0
-314 -684 0
-638 -502 -722 73 -492 -70 0
539 214 83 287 -592 98 538 66 514 676 133 0
-144 743 0
-161 76 0
560 -376 0
518 628 0
107 295 0
-672 -737 0
-379 569 0
-641 572 0
-201 569 0
-323 -712 0
-351 508 0
211 518 0
-540 569 0
637 518 0
-310 569 0
660 -153 0
-325 569 0
161 -611 253 -415 -777 -550 -121 -567 506 -763 0
-386 229 0
-399 367 0
-194 423 0
86 -460 0
455 -194 0
-55 594 0
458 -194 0
665 85 0
-140 566 0
486 -191 0
-194 507 0
107 594 0
-194 13 0
183 594 0
280 -55 0
-608 126 0
247 489 0
62 -90 0
-81 229 0
-269 699 0
290 -66 0
-257 -657 0
489 227 0
-20 -90 0
800 -608 0
262 731 0
-133 800 0
778 -90 0
-707 382 0
-341 -90 0
800 85 0
787 -208 0
800 -395 0
515 -716 0
-85 608 -800 378 395 133 0
-428 -596 0
583 -428 0
-798 596 0
240 -95 336 159 613 798 309 15 0
-599 -216 0
-33 32 0
596 -287 0
307 -428 0
596 -265 0
754 377 0
-197 478 0
45 -428 0
241 -641 0
-736 772 0
596 52 0
-765 -428 0
-451 596 0
303 500 0
-52 451 265 287 710 527 798 -596 -723 0
317 -46 0
762 -330 0
-498 32 0
-197 -541 0
-379 459 0
-239 633 0
696 -613 0
-309 -560 0
-340 -244 0
624 -197 0
742 -373 0
-197 495 0
151 -305 0
683 662 0
-340 -57 0
-626 -46 0
70 -332 0
-197 5 0
-340 -220 0
161 -85 94 -665 -667 -485 -530 -497 -448 0
758 -544 0
-512 94 -233 -281 -461 -554 -597 137 684 0
-23 -687 -612 -554 -171 -427 -550 -408 -227 0
-638 161 -478 -624 197 -466 582 -5 541 -495 -307 -589 -213 0
57 750 267 340 658 265 66 189 141 244 362 220 226 0
-598 -198 0
-198 628 0
598 277 0
762 -108 0
-135 598 0
-412 -210 0
598 654 0
12 -109 0
713 -385 0
199 599 0
440 -182 0
230 705 0
199 -751 0
786 130 0
199 548 0
262 9 0
203 -632 0
-57 -599 0
199 -20 0
9 -799 0
199 4 0
-599 -704 0
-57 756 0
776 620 0
199 166 0
-286 -599 0
746 199 0
346 -599 0
-308 -684 0
497 -453 0
-358 -767 0
-468 9 0
-1 358 0
-35 622 0
-686 358 0
212 -25 0
-412 625 0
573 -767 0
-173 358 0
617 -767 0
-69 358 0
298 -666 0
-49 581 0
1 339 639 736 133 -176 0
-523 298 0
-310 34 0
-540 358 0
629 -767 0
-480 358 0
-668 -767 0
-268 358 0
577 -209 0
-390 358 0
668 -573 359 -629 -212 -507 -270 -211 -731 767 -617 481 0
-107 268 480 390 1 -358 69 686 540 173 81 641 0
-201 -601 0
-53 411 0
-207 709 0
522 -414 0
-144 601 0
-249 742 0
601 -686 0
485 -201 0
601 -643 0
-201 -219 0
490 654 0
-4 -704 0
-350 601 0
-228 439 0
-214 772 0
196 -378 0
601 532 0
121 -201 0
-768 -516 0
151 -424 0
601 -333 0
-177 423 0
-61 442 0
333 350 120 -705 447 144 -532 643 686 256 -601 220 0
-395 614 0
-202 155 0
602 -368 0
-567 -414 0
11 -56 0
42 -202 0
602 -60 0
674 -129 0
565 591 0
-157 770 0
602 -129 0
-230 134 314 210 -370 545 730 0
602 -215 0
-529 -624 -466 202 -779 -788 -42 -155 0
750 283 -602 60 66 368 129 215 0
-372 -138 0
-384 570 0
-6 138 0
-372 507 0
107 138 0
610 756 0
-157 138 0
-344 770 0
-515 77 0
59 -372 0
729 -356 0
455 -64 0
-259 138 0
-59 473 -507 -406 -557 372 659 0
-107 6 157 -138 -316 768 259 0
-204 -604 0
188 -204 0
-102 -551 0
-603 -373 0
84 604 0
499 389 286 249 22 356 505 681 -410 0
-46 604 0
32 -379 0
471 -361 0
-204 -582 0
-226 604 0
-204 195 0
430 -383 0
350 36 -183 -485 271 187 18 269 273 223 391 0
216 46 -84 271 105 -604 65 226 0
288 -205 0
382 -205 0
-172 724 0
781 -205 0
-288 -381 0
212 -205 0
583 -287 0
188 -205 0
-288 -105 0
-309 -536 0
-556 633 0
649 -539 0
528 -255 0
601 -205 0
-288 -201 0
472 -325 0
606 277 0
168 -205 0
-163 -288 0
401 -205 0
-288 532 0
717 -205 0
-288 -304 0
116 381 304 292 390 -532 256 288 163 105 201 172 0
-606 625 0
-638 -193 -233 -700 -235 -575 626 -5 321 -487 -678 0
-300 558 0
409 -55 0
69 300 -656 -263 -160 639 -357 376 397 0
625 406 0
-6 606 0
625 247 0
-254 461 0
573 625 0
-428 594 0
725 -64 0
-784 452 0
781 -619 0
606 -767 0
-619 615 0
-273 458 0
-247 764 -625 -573 -358 -602 -415 -406 -642 0
504 -694 0
668 -86 -95 -611 -490 706 26 -721 -19 -432 -693 -552 -176 0
475 -39 0
-136 158 0
-207 472 0
573 -345 0
-308 455 0
158 -25 0
24 -383 0
-633 333 -749 -196 -775 0
-120 601 0
479 140 253 523 257 392 671 702 322 730 0
601 705 0
291 158 0
-712 743 0
217 575 0
-208 -792 0
-208 440 0
792 40 0
-208 581 0
743 654 0
-208 522 0
792 503 0
435 -208 0
771 -708 0
-208 4 0
190 195 0
-298 -539 0
792 -182 0
79 -302 0
-446 398 0
-784 466 0
-578 696 0
746 -185 0
-257 792 0
-208 574 0
792 -174 0
-238 326 0
-372 792 0
-294 614 0
792 -336 0
242 520 0
792 -480 0
-746 71 783 339 347 324 0
-271 792 0
-503 712 182 480 336 181 257 -40 174 -156 271 372 704 -792 -115 0
-209 -493 0
212 -767 0
-562 493 0
-413 572 0
-53 493 0
-209 674 0
121 -253 0
32 -113 0
-314 699 0
-209 24 0
493 -117 0
-209 642 0
242 493 0
151 -209 0
493 -279 0
-674 599 26 -642 209 -24 -151 -577 0
-51 509 0
-319 631 0
402 -18 0
-214 462 0
696 -337 0
70 -419 0
-224 -210 0
-299 70 0
333 292 636 214 329 245 137 767 425 0
-374 -774 0
-397 594 0
-340 -267 0
564 -113 0
700 656 0
-340 -101 0
70 -381 0
457 -100 0
-101 623 0
262 -611 0
262 34 0
611 357 0
482 262 0
-240 611 0
262 430 0
-30 611 0
517 262 0
317 -170 0
657 311 0
486 -30 0
-695 -439 -698 663 -557 380 -444 0
-58 611 0
262 530 0
84 611 0
272 -397 0
-505 410 0
-194 396 0
-202 611 0
77 459 0
125 611 0
262 615 0
-653 -711 0
-9 -517 -602 -34 -615 -598 525 -430 -530 -458 -482 -262 0
240 -125 99 -611 -565 202 -84 58 30 -357 376 198 0
221 -14 0
-790 367 0
612 -418 0
787 -144 0
50 -586 -95 -488 -463 -4 -423 -533 -724 -602 -431 -471 -570 0
-644 -790 0
612 -100 0
-790 497 0
-542 -625 6 325 711 210 702 681 54 0
456 -306 0
612 -53 0
495 -627 0
-287 4 0
-790 493 0
612 -209 0
-790 633 0
-359 -223 0
754 -790 0
-207 -536 0
-633 -367 -621 26 -465 644 790 -497 -754 -493 0
53 100 -662 -612 727 209 418 -776 385 97 0
-237 91 0
-609 -87 0
-791 -353 0
-379 349 0
-63 218 0
552 -87 0
-152 19 0
596 -87 0
-81 756 0
-711 396 0
605 581 0
609 -478 -596 -530 -552 87 0
440 -730 0
-161 -172 0
178 732 0
-732 -232 -665 -423 -558 251 -743 -597 -685 -595 0
-214 611 0
370 548 0
-35 462 0
-672 -288 0
263 560 0
744 -22 0
-214 743 0
-343 614 0
-312 526 0
-131 614 0
-373 520 0
614 -767 0
733 -214 0
-41 793 0
601 -220 0
-228 614 0
685 -3 0
-89 -477 0
-314 -559 0
-626 85 0
729 -214 0
136 -352 144 374 797 -757 702 -76 0
228 333 205 343 -614 276 767 131 738 424 395 730 294 -262 0
-354 -379 0
530 -87 0
-390 -671 0
595 -379 0
-312 231 0
-95 -258 0
-347 554 0
-691 -225 0
522 -539 0
-379 594 0
-197 213 0
606 -379 0
625 354 0
75 296 114 619 -458 273 395 0
-568 -392 0
621 -379 0
126 -22 0
213 -379 0
-57 354 0
-425 -603 0
-129 354 0
-650 585 0
57 194 -354 -625 49 523 400 727 18 15 129 0
-27 713 0
-67 -464 0
583 -258 0
-791 -216 0
119 -179 0
365 -216 0
119 -51 0
443 -237 0
119 -768 0
782 -216 0
126 -306 0
-496 -782 216 -365 473 791 -521 0
-332 459 0
-369 -469 0
440 -256 0
469 -69 0
-369 -603 0
437 -716 0
-369 211 0
469 -540 0
-369 24 0
-750 563 0
-63 158 0
469 -318 0
488 -369 0
469 -694 0
-246 637 0
744 -223 0
-122 -85 712 181 257 72 -656 239 204 556 248 0
-31 679 -654 0
369 -488 603 -718 -298 -24 -211 759 -617 0
444 -702 0
-236 348 0
-540 13 0
183 211 0
-306 721 0
211 705 0
615 -312 0
-260 585 0
171 311 0
-220 537 0
-612 540 -45 -13 -121 0
-505 -703 0
-287 88 0
656 742 0
-46 408 0
656 634 0
593 -314 0
612 656 0
-483 503 0
-139 -684 0
-643 195 0
750 37 108 394 174 238 254 -567 378 321 -646 0
-246 408 0
176 656 0
-43 508 0
-249 530 0
207 246 46 243 505 790 -408 0
-127 -620 0
-127 515 0
77 620 0
-127 -481 0
-666 772 0
152 355 -535 22 302 798 163 -370 -744 223 322 0
-599 -255 0
-127 -647 0
-50 620 0
526 705 0
-540 620 0
-540 773 0
199 620 0
746 -339 0
-237 594 0
127 599 647 -515 -629 -513 -211 481 0
50 480 -77 -199 540 -620 81 113 0
-621 -727 0
415 -727 0
621 -325 0
188 -727 0
-271 422 0
602 -50 0
-120 621 0
632 -727 0
621 203 0
-603 -727 0
621 -419 0
603 -630 -415 727 -188 -632 0
120 419 -621 325 -203 105 0
-299 224 0
426 -799 0
508 357 0
-299 620 0
-140 731 0
631 -164 0
151 -619 0
-299 307 0
-224 -265 0
-299 19 0
-224 -87 0
388 -299 0
-224 -330 0
-299 585 0
-224 -185 0
-434 -332 0
-310 -224 0
-122 -388 -585 299 -637 -19 -620 -788 -530 -307 0
127 310 330 265 283 185 -84 103 224 87 0
670 -623 0
670 229 0
-676 623 0
420 670 0
-738 623 0
-1 415 0
-172 623 0
670 569 0
-269 -669 0
670 358 0
623 -767 0
670 457 0
786 -627 0
-4 -611 -406 -550 -745 641 0
-784 677 0
-26 -101 0
290 -750 0
744 -285 0
-638 -193 -338 275 663 -567 -762 0
-359 -256 0
436 -750 0
624 -36 0
555 -750 0
178 -703 0
-133 -559 0
-300 408 0
-351 398 0
624 -345 0
669 -730 0
624 -319 0
469 -117 0
624 -296 0
-750 31 0
518 354 0
573 -499 0
726 -346 36 438 -624 73 319 345 296 293 351 0
206 -225 0
566 -225 0
-287 423 0
476 -225 0
76 -206 0
12 -225 0
-67 -206 0
513 -225 0
-206 -113 0
795 -269 0
-274 493 0
326 -225 0
622 -425 0
124 311 0
291 -206 0
388 -225 0
-330 -206 0
773 -225 0
104 -375 0
-359 360 0
476 -392 0
-226 582 0
10 -226 0
-582 352 0
557 -381 0
-98 123 0
-296 452 0
-523 31 0
122 -226 0
-425 -636 0
-226 634 0
-505 -582 0
-527 637 0
-336 -582 0
325 -104 -270 -682 -628 -775 0
-273 -582 0
-226 -659 0
-259 -582 0
-317 -122 516 -10 -634 -543 92 -88 659 226 0
-187 621 0
585 52 0
-419 773 0
401 -418 0
-506 -419 0
-184 -584 0
122 -556 0
-603 -330 0
-571 -419 0
-197 -582 0
654 695 0
-711 367 0
571 -388 419 -773 506 659 0
-312 408 0
64 148 -360 22 727 -242 7 639 -678 0
-109 -559 0
456 -60 0
-413 281 0
625 628 0
789 -189 0
-116 628 0
-647 277 0
-50 628 0
772 277 0
41 330 302 72 58 -762 201 133 -76 -115 0
-277 516 -606 647 -630 -772 0
50 116 228 120 -625 -628 0
162 698 0
717 503 0
629 -37 0
-480 623 0
670 629 0
700 -480 0
-580 793 0
-480 128 0
-35 411 0
-480 770 0
420 -185 0
-726 -576 0
537 -139 0
-639 405 0
9 -265 0
219 111 363 296 -40 741 0
-103 -224 0
-184 307 0
-765 -673 0
795 -120 0
401 -265 0
474 -339 0
-680 -111 0
-207 -691 0
800 -265 0
307 -90 0
744 -302 0
382 -376 0
115 756 0
86 176 0
490 -258 0
-641 611 0
520 -353 0
-641 550 0
-690 731 0
-66 231 0
731 -704 0
-534 -732 -470 -409 -492 141 -574 0
-249 566 0
-707 230 0
488 203 0
-694 632 0
203 354 0
512 -216 0
270 -325 0
5 -149 0
-488 -354 -203 20 0
379 608 694 -632 0
635 311 0
59 -399 0
-35 633 0
-194 354 0
165 633 0
695 662 0
633 -447 0
88 662 0
-66 396 0
490 -327 0
683 -198 0
542 662 0
334 633 0
-710 548 0
346 633 0
-312 -160 0
-732 516 -169 -388 -665 -124 -190 -195 -642 506 644 -678 -577 -504 0
-402 -662 41 256 363 -370 -546 18 184 39 790 0
534 -505 0
-102 634 0
-522 503 0
-540 634 0
88 -253 0
-639 597 0
-790 -26 0
-82 634 0
-571 -505 0
88 -736 0
382 -18 0
-109 -509 0
-534 16 571 505 -640 -211 -155 0
-768 433 0
-710 -230 0
626 -537 -29 -272 -552 220 0
722 370 0
-710 431 0
-730 230 0
746 662 0
508 -418 0
519 -22 0
-506 190 0
-710 70 0
230 -210 0
-502 -548 -714 -431 710 -70 -770 0
-665 -729 -558 -171 -597 324 -572 0
636 -236 0
448 -236 0
277 569 0
-236 614 0
-214 -636 0
537 -236 0
-137 -636 0
-708 150 0
-269 478 0
733 -236 0
488 -93 0
-236 645 0
-636 -245 0
-331 734 0
762 -21 0
365 -2 0
-240 547 0
45 -371 0
-451 5 0
460 -237 0
693 546 0
23 594 0
485 -237 0
-643 -460 0
557 -356 0
-194 -460 0
-479 -171 0
-736 -460 0
212 -49 0
-180 -460 0
-368 455 0
-579 -460 0
316 138 0
529 -379 0
-237 -720 0
-123 -354 -423 -573 -528 48 494 412 -743 -772 -68 0
-323 -237 0
-468 -460 0
-126 -80 323 -443 237 -492 -485 -91 720 -594 0
-425 -703 0
-638 -267 0
-267 423 0
539 672 750 -301 -698 -162 97 153 0
-1 -759 0
-418 638 0
-267 -511 0
-135 638 0
683 -267 0
-524 -153 0
-709 -79 -502 -360 -507 -151 0
638 -96 0
-741 -410 0
-152 638 0
267 -367 -423 511 -280 -683 -552 0
-95 599 -718 -747 -80 117 -229 -594 0
600 -208 0
-751 776 0
335 -686 0
622 -618 0
115 560 0
-366 496 0
-157 335 0
577 -239 0
-562 335 0
435 -239 0
-377 71 266 110 428 73 383 -653 315 418 -217 215 0
-239 509 0
335 -109 0
-197 466 0
-418 567 0
-239 648 0
-109 233 0
-633 94 359 -557 239 -648 -435 -577 -509 0
-662 562 686 109 22 157 -335 248 -115 0
-82 -640 0
307 -99 0
640 -711 0
-381 -752 0
84 640 0
525 125 0
-49 640 0
-82 598 0
534 -279 0
661 -49 0
-1 587 0
-82 -16 0
640 156 0
335 -82 0
640 -239 0
-201 630 0
148 49 -84 711 -156 239 -640 198 0
-784 -231 0
787 -784 0
-387 231 0
-784 -323 0
-265 -307 0
-329 718 0
-154 231 0
-414 367 0
571 219 686 -471 26 -664 417 -620 0
-208 -16 0
-261 407 0
-784 124 0
231 -253 0
-784 -16 0
156 231 0
-28 515 0
654 231 0
-373 -206 0
-451 -659 0
-784 160 0
444 776 0
312 794 253 468 -231 170 308 -156 66 154 -654 387 0
-31 304 100 38 336 273 0
486 242 0
777 -186 0
242 628 0
642 277 0
12 -413 0
642 518 0
242 307 0
-265 642 0
262 598 0
-674 142 -749 -781 -583 -624 -59 -13 -601 -648 -437 -430 755 -713 -587 -754 0
-782 -486 -242 -569 -307 -628 0
-281 -139 0
-310 -477 0
-579 651 0
247 -240 0
482 -579 0
443 -240 0
-579 682 0
443 -282 0
-187 4 0
-132 648 0
-579 326 0
443 -391 0
-468 -481 0
-215 478 0
-579 -703 0
23 638 0
221 -579 0
443 -327 0
579 -95 -326 -728 -221 -745 652 -682 -482 -651 703 0
-328 240 258 327 -303 -443 252 3 65 391 282 0
-100 644 0
485 -100 0
456 -418 0
-126 86 0
-710 -644 0
-100 24 0
-644 -117 0
444 -380 0
700 -194 0
667 -673 0
-768 -644 0
100 -230 473 -485 652 -24 -563 0
643 252 710 296 117 768 644 0
-645 -245 0
422 -245 0
-389 645 0
426 -245 0
645 -453 0
-245 398 0
298 -153 0
757 -702 0
-519 161 -749 636 -416 -490 -743 -440 -557 -731 -458 172 -628 0
-706 -245 0
713 -322 0
746 -102 0
542 -105 0
382 -245 0
-362 155 0
-764 -245 0
-740 -330 0
241 -245 0
-384 645 0
-422 764 -426 -403 706 -771 -241 -382 245 -398 0
-645 389 292 384 371 453 251 114 619 306 0
-94 -208 0
-246 405 0
-452 -338 399 -747 -445 -68 -530 -458 759 0
-246 147 0
-276 614 0
-680 85 0
-539 32 0
-691 -246 0
291 -477 0
509 -159 0
-368 104 0
-246 724 0
-324 -477 0
246 -405 -724 -637 -522 -147 691 0
-503 310 494 477 -291 89 324 0
647 -50 0
373 -195 -776 -76 0
-647 -730 0
-50 471 0
-633 662 0
-50 423 0
-69 213 0
-50 570 0
555 -210 0
-780 403 0
122 -239 0
-324 572 0
145 -105 0
-50 95 0
-647 -258 0
-50 4 0
-704 687 0
-50 586 0
-647 -467 0
488 -50 0
-694 -647 0
-506 -344 0
-363 -763 0
634 -741 0
-23 467 258 63 647 694 170 202 175 704 39 324 730 0
-479 769 0
745 393 0
615 -658 0
84 586 0
-544 648 0
59 -318 0
648 -266 0
-248 645 0
-245 648 0
-248 403 0
-251 648 0
-412 -248 0
664 -498 0
758 -248 0
-94 -135 0
-645 -403 192 -758 429 412 248 483 0
266 783 83 251 245 -648 639 544 0
194 46 -773 -40 540 274 514 676 766 0
6 690 704 -731 65 -262 0
221 -287 0
-612 -158 -634 477 -742 -656 -176 0
-568 -133 0
-249 531 0
-127 211 0
-163 714 0
142 194 325 0
700 -676 0
649 183 0
-6 231 0
-228 405 0
-359 -201 0
-163 629 0
-249 699 0
606 -164 0
-249 -636 0
-197 501 0
298 -249 0
290 -544 0
636 -298 219 249 -566 -531 -13 -742 -699 -530 -487 0
539 38 108 46 256 236 -183 -84 708 -649 719 0
443 -3 0
-417 -314 0
-490 -21 0
-798 779 0
-799 -765 0
714 -355 0
280 -194 0
-142 -96 0
280 -146 0
-72 -472 0
280 -253 0
-684 -333 0
280 -707 0
-96 717 0
280 -304 0
-277 379 310 319 325 540 -569 425 201 0
280 -538 0
-170 396 0
280 -790 0
-167 52 0
-48 -374 0
-251 -403 0
-251 232 0
403 -673 0
84 515 0
-679 393 0
-267 -684 0
403 -353 0
-251 595 0
-422 -436 -800 -486 -721 -701 -469 -457 -620 -604 234 -678 0
-251 743 0
-257 773 0
-251 665 0
-322 770 0
-251 558 0
59 -371 0
678 352 0
-126 516 -158 561 -349 -772 -457 736 -495 0
-251 597 0
-578 500 0
570 -727 0
353 -23 285 -403 332 780 343 400 673 133 0
573 -383 0
-124 -253 0
592 -214 0
124 -363 0
-516 277 0
-412 -54 0
-161 -253 0
124 -244 0
722 -499 0
124 705 0
-226 88 0
-390 674 0
-372 734 0
-368 -155 0
79 -395 0
124 377 0
-253 567 0
124 -414 0
415 -253 0
124 -325 0
-518 -734 -354 -415 -637 -601 -211 -628 -448 0
651 546 0
542 -81 0
-341 -22 0
622 -446 0
-694 496 0
771 -505 0
119 -562 0
488 -49 0
-276 474 0
488 -194 0
-694 628 0
-116 -48 0
-694 513 0
84 692 0
-666 687 0
488 -287 0
-251 732 0
488 532 0
-694 -477 0
488 -246 0
241 -694 0
-311 83 -635 287 -776 65 -17 0
-46 623 0
-277 194 -488 246 93 384 49 -532 287 798 113 0
-343 728 0
422 -255 0
-655 -389 0
461 -255 0
-61 -655 0
-74 487 0
-655 -400 0
-780 -665 0
-655 -113 0
-255 623 0
-628 277 0
-288 -172 0
-655 -689 0
674 -255 0
-655 -274 0
-74 349 0
199 -655 0
718 -180 0
-386 -655 0
-674 -422 599 -461 255 -528 -623 -595 -513 -786 0
-670 389 386 -199 400 689 274 61 655 113 0
-293 -26 0
-256 763 0
-363 -219 0
130 326 0
40 -219 0
576 -69 0
-741 -219 0
-753 -256 0
404 -367 -715 -439 192 -555 -777 -779 711 -596 -295 -769 0
-256 563 0
-296 -219 0
256 -440 753 -763 -410 -563 0
-321 -706 0
-282 91 0
-257 439 0
657 -71 0
-257 762 0
-267 721 0
723 -764 0
-137 233 0
80 -257 0
657 -180 0
-299 665 0
649 -310 0
-73 42 0
657 -467 0
-187 -510 0
657 -579 0
442 662 0
-136 -464 0
-603 -210 0
86 95 0
-523 -720 0
657 -336 0
-257 739 0
657 -339 0
-282 -682 0
-545 770 0
-586 -593 -439 -773 -235 -80 -459 -443 257 -762 92 -574 -739 0
488 -467 0
529 -329 0
-797 -706 0
-254 150 0
-258 227 0
95 -613 0
162 590 0
-798 95 0
725 -258 0
-15 95 0
-559 -258 0
-51 714 0
-438 -92 0
-336 95 0
116 255 -147 0
-309 95 0
-560 258 -583 -725 92 559 -482 -227 0
230 -428 0
-259 659 0
575 -259 0
-54 -659 0
-259 598 0
-659 -198 0
-259 -510 0
-659 -223 0
725 -18 0
-148 -659 0
119 -259 0
193 -330 0
587 -284 0
-321 -659 0
-259 -740 0
535 -659 0
-711 -404 0
-527 634 0
762 -371 0
-362 -659 0
-259 -765 0
-308 231 0
-119 -756 -478 -575 -721 740 -598 510 259 765 -757 0
148 451 216 -535 356 321 223 362 659 54 198 0
-660 -260 0
-260 471 0
660 -39 0
-167 -260 0
-310 -637 0
-260 430 0
-30 660 0
-479 620 0
-317 112 658 46 170 -605 248 27 39 424 681 0
183 570 0
414 355 304 -522 30 7 380 65 641 87 0
-260 -582 0
278 -279 0
776 728 0
-185 660 0
484 785 0
-239 660 0
-50 278 0
-660 578 643 185 607 30 239 39 226 0
-680 -110 0
746 -578 0
661 -361 0
-127 -599 0
512 -689 0
-261 735 0
661 -186 0
-261 -483 0
467 -145 313 783 159 251 616 627 105 387 198 0
-261 188 0
-755 597 0
-261 630 0
-120 661 0
-348 -449 0
661 -135 0
-261 462 0
661 -424 0
445 546 0
-237 631 0
-51 -740 0
661 -251 0
-261 722 0
-343 677 0
361 112 186 120 83 -661 251 135 7 105 424 322 0
420 -322 0
558 -760 0
263 452 0
718 -44 0
-593 -538 0
-194 773 0
-54 233 0
-618 638 0
389 694 686 -342 72 60 -242 177 -682 545 0
-618 509 0
-248 335 0
-174 430 0
-327 -221 0
-27 732 0
763 -361 0
-618 -668 0
-343 398 0
-618 -759 0
233 -375 0
593 -544 0
233 130 0
-157 572 0
267 246 -233 268 109 366 -130 33 514 375 54 0
263 -775 0
-33 233 0
775 -154 0
263 573 0
570 -689 0
263 169 0
-148 678 0
263 13 0
183 775 0
263 -561 0
713 -305 0
263 620 0
-127 775 0
442 -275 0
539 -311 -625 578 336 -717 319 175 347 0
-61 629 0
775 -339 0
485 85 0
127 339 -183 173 627 154 44 -646 -775 0
-607 281 0
-264 732 0
664 -353 0
32 -738 0
-137 664 0
-708 -703 0
664 115 0
778 -264 0
664 -378 0
-341 -264 0
664 85 0
-720 -264 0
664 -320 0
624 -57 0
445 -716 0
-732 -778 -537 264 341 -786 720 -435 0
353 -85 386 320 378 -664 137 -115 0
577 -216 0
-780 632 0
203 665 0
564 -135 0
665 -223 0
-329 155 0
-419 665 0
-459 -716 0
-103 665 0
-780 -224 0
-257 459 0
-122 603 780 510 -632 224 0
-665 419 299 -203 103 223 0
192 -266 0
12 -266 0
-67 -192 0
531 -266 0
-256 566 0
520 -266 0
178 -192 0
-473 -100 0
-753 -371 0
-293 -693 0
-516 -205 0
-12 266 -520 -631 -531 -721 0
270 -253 0
-387 695 0
-238 645 0
667 -245 0
-780 724 0
188 -202 0
136 78 55 697 -489 67 707 43 -357 15 464 0
631 -266 0
439 -264 0
-141 667 0
-523 -473 0
-111 667 0
-238 -703 0
-650 472 0
-362 -636 0
-248 -429 0
668 -268 0
126 -87 0
-27 -668 0
104 17 0
670 -668 0
-268 -559 0
-668 -159 0
121 -540 0
290 -186 0
268 -403 -623 -521 559 -588 0
529 -133 0
518 623 0
317 -424 0
-308 409 0
-269 573 0
-173 669 0
-269 416 0
-556 669 0
-269 623 0
670 669 0
121 -225 0
482 -258 0
-269 326 0
-391 669 0
-58 88 0
-299 669 0
-269 604 0
-339 -752 0
377 -777 0
-108 669 0
530 -114 0
-387 669 0
-326 -573 -416 -431 -795 -623 -787 -604 -699 269 224 0
-464 -55 0
-201 474 0
420 -704 0
557 -37 0
448 303 0
-98 4 0
-340 -704 0
442 -305 0
-647 -704 0
612 -385 0
631 -704 0
-331 4 0
88 -704 0
-273 4 0
-633 -123 361 -584 441 -612 219 -635 -471 -770 -763 0
-4 794 197 287 98 738 273 331 0
311 671 0
-745 -65 0
-15 488 0
104 -81 0
-322 -671 0
431 311 0
84 -530 0
338 311 0
-392 -671 0
32 311 0
-523 -671 0
160 357 0
-140 -671 0
-310 495 0
-671 -253 0
-730 614 0
335 -260 0
311 -551 0
-442 -638 -488 200 340 -230 -661 -614 -642 -11 0
551 -32 -338 -311 -218 -722 -124 -431 -171 -657 0
-712 158 0
-129 -26 0
247 -527 0
45 -254 0
-756 -358 -555 -657 -115 -577 0
45 311 0
-527 500 0
-799 45 0
-118 721 0
-524 -215 0
-659 -527 0
-259 45 0
612 -96 0
-311 799 -45 254 505 259 0
-273 -88 0
-273 -536 0
-136 88 0
-273 -626 0
88 -149 0
-273 147 0
-274 682 0
-273 354 0
88 -379 0
-273 606 0
625 88 0
-273 492 0
634 360 0
-273 757 0
-148 88 0
123 -381 0
155 -2 0
-273 687 0
656 -408 0
-273 508 0
-619 606 0
718 -544 0
88 -264 0
-687 -354 -606 -124 536 626 -492 -664 -147 273 -757 -508 0
148 136 379 -625 253 287 264 89 736 -88 222 149 0
-674 -274 0
-274 555 0
-163 617 0
529 -274 0
-58 563 0
88 -89 0
-282 674 0
495 -376 0
-82 674 0
-529 -555 274 -640 -682 0
-674 82 73 129 282 0
-675 -275 0
762 -275 0
675 -78 0
338 -275 0
399 330 371 -59 345 363 67 318 0
-663 -275 0
-302 675 0
638 -275 0
-267 675 0
193 -275 0
675 -118 0
-275 567 0
-618 721 0
746 -750 0
-659 -216 0
-276 -396 0
457 -234 0
-287 621 0
-691 -57 0
420 -325 0
-234 800 0
-21 -219 0
-276 548 0
-545 396 0
-276 549 0
-681 396 0
-694 594 0
-350 396 0
-276 648 0
754 -127 0
-276 -668 0
-268 396 0
-276 45 0
-286 574 0
-276 478 0
-362 396 0
240 -503 -301 -778 -360 -203 314 154 385 0
8 531 0
-677 654 0
31 654 0
151 -337 0
-10 352 0
-677 438 794 0
-167 346 0
729 -154 0
121 -110 0
471 705 0
121 -39 0
513 -255 0
121 -21 0
-599 -37 0
-18 -671 0
-446 743 0
-137 121 0
401 705 0
121 532 0
456 -153 0
121 535 0
-222 168 0
21 110 -532 -535 710 -121 137 39 0
-81 358 0
-571 -712 0
-251 -663 0
218 -177 0
-294 724 0
518 734 0
-267 -663 0
513 -90 0
635 -467 0
615 -302 0
-386 -786 0
408 -243 0
267 41 578 251 663 163 376 0
-650 680 0
-650 -404 0
-261 -661 0
317 -83 0
-673 500 0
317 -650 0
-680 -132 0
-650 -26 0
-680 -53 0
-753 -650 0
748 -331 0
-294 756 0
-269 431 0
316 -737 0
297 -464 0
151 -650 0
-36 367 0
-650 782 0
-766 -680 0
-516 -505 0
-286 431 0
795 -208 0
-539 432 0
298 -413 0
-539 594 0
517 -716 0
-477 503 0
-222 34 0
-562 -92 0
298 503 0
698 -750 0
-174 166 0
435 -539 0
298 115 0
-539 -684 0
729 -320 0
792 -539 0
-491 -114 0
-539 348 0
298 -449 0
713 -539 0
661 -112 0
539 -32 -348 -522 -553 684 -432 -594 -713 -435 -792 0
-503 194 449 208 355 -298 313 523 413 -115 153 0
403 -343 0
-127 -224 0
242 682 0
423 162 0
-694 682 0
-210 597 0
-389 682 0
-282 472 0
-72 682 0
554 -282 0
-177 682 0
307 565 0
183 485 0
-282 548 0
-545 682 0
42 -282 0
-60 682 0
484 714 0
342 682 0
-413 501 0
542 -711 0
447 494 798 -84 274 418 -788 767 738 0
-148 -757 0
476 -148 0
606 -325 0
-536 -148 0
-136 757 0
-233 -478 -445 -564 -104 368 0
-144 757 0
10 -148 0
437 -324 0
-148 450 0
-476 76 0
-148 -551 0
771 -245 0
70 -240 0
757 -374 0
-255 655 0
-751 -267 0
-285 -685 0
-464 -285 0
685 -64 0
212 -397 0
685 -180 0
-285 572 0
-36 281 0
700 -285 0
-197 553 0
443 -285 0
685 -579 0
221 -285 0
685 -327 0
758 -331 0
-350 29 0
733 -285 0
685 -333 0
-92 -106 0
685 357 0
-176 -243 0
685 -375 0
-700 285 -80 -34 -443 -221 -733 -744 759 464 -572 0
579 64 333 327 180 300 -685 344 -357 375 172 0
-166 -286 0
232 -286 0
166 -673 0
-133 586 0
-35 166 0
-286 -454 0
-346 -747 -439 -724 -758 -739 0
-286 682 0
-282 166 0
-286 -561 0
646 166 0
409 -276 0
-350 166 0
-527 396 0
298 -208 0
-286 91 0
280 -267 0
221 -286 0
-327 166 0
754 -286 0
-302 465 0
564 -327 0
-368 475 0
342 -91 0
490 -174 0
-499 396 0
-727 687 0
295 -353 0
-56 687 0
-287 640 0
-82 687 0
-43 -599 0
-327 687 0
-287 278 0
-305 687 0
-278 -533 -621 48 287 -221 -456 -640 0
-687 305 82 327 56 25 175 727 0
-109 -561 0
605 645 0
501 -170 0
605 747 0
-347 688 0
-108 -706 0
688 -362 0
-92 -63 0
688 -71 0
232 605 0
688 -673 0
605 147 0
119 -309 0
-362 19 0
-181 688 0
605 678 0
297 688 0
-641 406 0
-240 526 0
605 604 0
688 -204 0
749 605 0
629 -300 0
-645 -232 -749 -478 -747 -439 -605 -604 -147 -462 -581 -678 0
71 181 245 673 347 204 -688 89 -297 424 362 14 0
-128 -289 0
-289 431 0
-424 -206 0
-289 630 0
-120 128 0
-289 470 0
610 128 0
241 -284 0
-697 128 0
593 -289 0
-562 435 0
-276 594 0
-100 590 0
-310 211 0
-61 600 0
-187 761 0
615 -292 0
341 85 0
530 85 0
743 -114 0
57 599 37 -346 286 608 216 704 43 545 0
-643 -341 0
-94 85 0
555 -736 0
448 85 0
-425 -341 0
-161 85 0
-344 -684 0
-222 648 0
-505 408 0
437 -376 0
-97 -341 0
-58 594 0
-780 -341 0
-197 589 0
780 643 22 -84 238 341 244 425 97 0
291 691 0
669 -204 0
-691 -27 0
635 291 0
-691 -18 0
291 213 0
-276 653 0
656 367 0
-691 -345 0
600 291 0
-691 -47 0
291 677 0
-691 654 0
291 396 0
-691 -276 0
291 348 0
-691 -449 0
291 155 0
-368 -691 0
645 -371 0
-268 -20 0
-222 576 0
482 -366 0
-496 -687 -583 694 -241 477 -349 -513 -594 -401 -628 0
-366 530 0
-338 -529 -695 -281 -125 288 454 -549 -155 -307 0
-366 590 0
656 160 0
247 -374 0
-345 595 0
-366 -460 0
-237 692 0
-384 782 0
50 240 -692 -190 237 -84 0
721 -266 0
769 489 0
693 -225 0
-720 -293 0
693 -320 0
-626 -293 0
693 -149 0
675 -293 0
-323 -81 0
219 -256 0
-53 693 0
-559 -293 0
693 -159 0
771 -293 0
693 -371 0
-126 -517 516 -700 -416 25 -762 679 -774 0
53 159 275 371 320 225 -693 149 0
-238 789 0
-479 405 0
171 -494 0
-752 -22 0
-127 171 0
-318 632 0
171 360 0
-686 471 0
-207 171 0
530 -738 0
688 -215 0
746 -74 0
-447 439 0
-626 360 0
651 -447 0
-3 695 0
713 -318 0
-39 695 0
-399 718 0
-686 695 0
621 -447 0
-727 695 0
-110 -659 0
-681 695 0
-48 565 0
-716 695 0
-447 677 0
-446 763 0
-447 128 0
-289 695 0
-447 648 0
-248 695 0
754 -447 0
776 695 0
57 386 73 371 356 30 -156 -42 149 0
71 -695 686 3 727 -776 248 39 -654 681 289 716 0
-163 -168 0
12 -163 0
-67 168 0
-163 32 0
-523 168 0
-125 -747 243 708 61 -316 351 514 131 0
661 -265 0
-163 365 0
-51 168 0
-73 674 0
168 -69 0
646 567 0
-424 168 0
-249 487 0
168 -314 0
649 -46 0
168 -480 0
-163 488 0
-694 168 0
-294 -765 0
168 85 0
-32 -488 -12 -365 -714 -629 -675 163 341 -462 -617 0
-85 480 694 275 69 523 67 51 314 -168 424 0
443 -279 0
297 642 0
242 678 0
297 -412 0
-639 678 0
297 407 0
-7 678 0
404 -667 -358 320 -406 -19 -651 0
-64 678 0
-345 272 0
678 -727 0
-94 297 0
-712 -720 0
297 757 0
-208 138 0
-525 -139 0
-247 -367 -281 -426 -79 -365 -439 36 -761 -724 -615 -682 -581 0
94 571 -621 412 -407 -642 -297 -757 464 0
-366 -647 0
-100 432 0
70 -353 0
-672 698 0
509 -180 0
-302 638 0
624 -395 0
492 -243 0
-395 553 0
188 -179 0
497 -395 0
698 -97 0
298 -395 0
-539 698 0
-298 -624 -761 -486 -701 -553 395 -497 0
-157 742 0
-676 358 0
-511 -198 0
-496 447 366 7 -646 39 375 282 0
625 -16 0
609 -746 -722 -696 -420 185 -614 680 -701 703 0
-108 445 0
699 -2 0
-108 -582 0
605 478 0
-27 466 0
-108 717 0
499 571 -573 -761 -457 -789 -176 -444 0
-108 348 0
699 -449 0
-519 108 -717 -445 706 582 -348 -762 0
449 78 304 2 306 -699 421 226 0
-700 -300 0
-300 229 0
-249 13 0
423 -300 0
700 23 0
-300 594 0
557 52 0
757 -300 0
530 605 0
-300 13 0
-81 620 0
221 -527 0
700 -220 0
121 -300 0
700 705 0
624 -293 0
29 -616 0
12 -607 0
700 -538 0
455 -320 0
700 -133 0
-593 -423 -558 300 -5 -13 -121 -229 -757 -594 -408 0
-193 -118 0
301 -701 0
393 701 0
-310 31 0
407 -279 0
151 -7 0
777 -253 0
-102 151 0
497 -279 0
151 -97 0
609 -422 292 -615 -635 737 26 0
151 -579 0
-226 660 0
688 -14 0
-764 -279 0
610 70 0
-534 764 -278 -443 279 -407 -497 0
579 305 619 7 -151 97 102 0
-562 566 0
649 -236 0
37 350 255 132 -739 0
303 472 0
-72 -703 0
303 487 0
-419 -659 0
303 594 0
-194 -703 0
-9 -584 -800 265 -661 -564 -401 0
401 -694 0
11 -704 0
579 -86 460 194 643 180 320 -342 468 736 0
-740 705 0
-419 -703 0
272 303 0
484 -703 0
303 634 0
-784 406 0
603 -472 -303 -634 -675 -272 -229 -487 -594 -448 0
194 419 275 708 72 505 425 -484 676 703 0
-215 -561 0
247 532 0
401 -254 0
367 532 0
-498 -26 0
19 532 0
-309 -323 0
-668 532 0
-376 611 0
668 -247 -367 -532 -19 0
-603 -106 0
-278 -305 0
-197 4 0
-35 278 0
-647 -305 0
577 115 0
-28 785 0
-438 677 0
158 -736 0
-200 -504 0
408 -305 0
656 278 0
792 -305 0
-208 278 0
773 40 0
80 -498 0
-144 586 0
-60 555 0
-45 -527 0
80 -172 0
635 -292 0
50 208 258 35 -278 332 313 -656 704 380 0
-709 -749 -667 -507 -522 -789 391 -398 0
762 -306 0
-78 -706 0
621 -306 0
-655 40 0
-473 -738 0
-706 -149 0
-510 -306 0
-706 -223 0
640 -505 0
-706 -56 0
-177 747 0
669 -182 0
-306 -703 0
-706 303 0
-35 461 0
482 -702 0
-92 -306 0
-655 -336 0
-306 642 0
-732 -677 -709 -436 -145 -725 343 -526 -456 -474 -553 -398 0
615 -306 0
529 -421 0
482 -275 0
-309 -706 0
-306 763 0
-363 -706 0
78 336 -303 56 706 363 309 727 -242 321 797 223 149 376 0
-261 -511 0
-157 507 0
-438 32 0
555 -449 0
-73 348 0
693 -275 0
-277 135 -598 -654 0
-483 -449 0
463 -140 0
554 -449 0
706 -306 0
-170 231 0
-66 348 0
-449 734 0
509 277 0
640 -449 0
566 -613 0
-636 -449 0
-118 507 0
290 -449 0
-351 348 0
-422 -734 449 636 -554 -555 -466 541 -290 -640 483 0
555 -322 0
440 -3 0
630 277 0
-412 -332 0
-308 365 0
193 -736 0
-308 -644 0
-350 354 0
-308 687 0
457 -287 0
-308 637 0
457 -310 0
-308 777 0
457 377 0
757 352 0
-377 100 310 287 51 60 -457 0
-615 -376 0
653 -266 0
104 -129 0
-476 -496 -714 -728 -537 -742 92 -570 797 691 0
-136 560 0
-261 512 0
563 -383 0
-309 213 0
-57 560 0
389 82 73 83 319 236 -348 351 66 141 177 0
560 -421 0
520 -3 0
-1 677 0
688 -89 0
560 -216 0
-309 435 0
407 -96 0
-690 591 0
560 -767 0
-309 775 0
-58 762 0
-519 -119 536 -358 -150 309 510 -435 -587 -775 -213 0
57 -560 136 216 74 -8 -263 767 421 223 -115 0
-480 -629 0
158 -118 0
8 637 0
602 -310 0
-389 637 0
725 -379 0
457 -60 0
-310 -524 0
-264 500 0
-289 465 0
-540 637 0
657 -716 0
-249 637 0
725 -768 0
-14 637 0
-279 -151 0
-438 637 0
45 -310 0
-92 -226 0
-31 -749 524 310 -602 -45 -649 -211 -495 -587 0
-749 -631 -230 690 -465 -475 20 0
-271 -195 0
-271 476 0
735 -220 0
754 -271 0
578 363 -203 -770 244 362 395 0
-479 158 0
-300 721 0
-476 -773 271 -754 0
575 -135 0
-442 -746 -542 -695 -662 -88 -683 -493 0
62 -214 0
596 -613 0
617 -312 0
160 -69 0
-351 548 0
328 -20 0
603 -360 330 373 106 259 0
-23 148 216 -486 -190 191 177 767 0
775 -312 0
263 160 0
612 -540 0
160 -376 0
-412 -312 0
-639 160 0
-312 34 0
218 311 0
-536 -425 0
-516 -208 0
624 -414 0
437 -14 0
713 -255 0
465 -313 0
-240 95 0
415 -313 0
713 -325 0
729 -313 0
-294 713 0
-644 -28 0
171 -719 0
337 255 134 117 -156 351 -357 -162 15 738 223 -589 0
-578 512 0
-714 -314 0
-274 640 0
714 17 0
-314 365 0
145 -783 0
272 -314 0
-73 638 0
-417 -222 0
714 -799 0
303 667 0
497 -118 0
592 -539 0
370 763 0
-314 171 0
-479 714 0
415 -314 0
591 -738 0
79 -314 0
-705 329 794 -489 468 383 287 -8 154 177 -563 0
-79 -365 -415 -500 -171 -272 314 417 -699 684 0
482 -293 0
-715 -315 0
393 715 0
-59 316 0
242 504 0
59 -67 0
235 316 0
-257 574 0
-768 473 0
205 447 265 607 139 392 368 525 129 681 0
316 718 0
-248 -192 0
388 316 0
59 -330 0
771 316 0
-157 150 0
316 763 0
59 -363 0
-12 -388 -718 -235 -771 -316 -785 -763 0
-392 675 0
-717 -304 0
-38 455 0
-578 717 0
606 -304 0
-734 332 -489 505 372 204 0
-671 -304 0
311 717 0
521 393 0
-319 717 0
-324 -161 0
-336 717 0
298 -304 0
439 -200 0
528 -494 0
-347 717 0
-86 428 783 275 453 300 296 209 -227 0
775 -44 0
42 -98 0
-299 637 0
718 203 0
235 -318 0
-359 -447 0
486 -318 0
718 162 0
-276 729 0
786 -255 0
-478 313 -729 -415 -465 652 655 0
-273 664 0
444 -318 0
267 783 562 -532 429 185 315 690 538 254 210 0
-318 604 0
-204 718 0
-447 471 0
718 -313 0
786 -318 0
359 -686 0
342 4 0
-98 642 0
-542 334 0
334 406 0
-6 542 0
-140 166 0
-267 233 0
334 606 0
-110 772 0
575 334 0
-296 104 0
334 549 0
-210 -70 0
334 -551 0
-702 542 0
334 70 0
542 -210 0
415 334 0
699 -306 0
551 -606 -334 -575 -415 -653 -406 -70 -549 0
-350 485 0
-320 720 0
-404 -320 0
-110 -720 0
-464 357 0
-720 -3 0
-418 -20 0
-239 -335 0
-320 667 0
479 -423 287 613 690 -656 177 234 790 0
-320 19 0
591 532 0
-320 358 0
317 -658 0
-222 779 0
-36 743 0
-26 277 0
575 -321 0
495 -300 0
769 -170 0
-399 721 0
-321 -626 0
721 -149 0
-321 487 0
-708 721 0
443 303 0
297 721 0
-321 638 0
726 479 344 175 351 163 368 418 248 -357 767 -508 294 0
700 -321 0
754 -201 0
-321 193 0
-356 -659 0
-7 -407 0
547 -89 0
233 -321 0
-14 660 0
415 625 0
618 267 399 300 -721 708 118 -297 149 54 220 0
-722 -322 0
377 728 0
367 -180 0
-322 227 0
-319 569 0
-233 -618 0
-191 550 0
-142 -322 0
722 -146 0
196 -300 0
-452 -169 -573 561 -13 -263 -620 -739 -444 0
774 -293 0
178 160 0
-306 645 0
104 -318 0
-133 623 0
370 230 0
-322 773 0
722 -373 0
199 493 0
722 -368 0
-619 645 0
722 -384 0
651 -741 0
499 -722 313 384 373 315 613 368 -370 137 738 716 146 0
-24 -117 0
229 -117 0
24 -676 0
-117 594 0
-194 24 0
95 -117 0
24 -258 0
80 -117 0
24 -180 0
718 -117 0
24 -318 0
-599 -117 0
631 -783 0
747 -117 0
-296 587 0
-20 342 0
194 258 180 -199 347 -24 318 676 0
-324 -724 0
-50 463 0
-292 -288 0
-324 665 0
-237 492 0
-645 16 -782 -459 -576 -130 -396 -642 -24 -786 -589 -509 0
-133 724 0
-324 171 0
-479 724 0
-324 729 0
-578 -663 0
-324 597 0
724 -332 0
188 -74 0
479 332 780 -724 133 172 294 0
-415 -325 0
-20 203 0
670 572 0
-325 628 0
415 277 0
682 -325 0
107 -507 0
775 -325 0
263 415 0
104 -325 0
-397 743 0
-639 104 0
-277 329 1 -415 -263 282 0
-285 -759 0
-189 -589 0
575 -540 0
-72 -680 0
176 -736 0
11 -101 0
176 -133 0
178 772 0
-639 176 0
739 -243 0
176 -339 0
52 227 0
731 -767 0
194 -423 -531 -507 -221 -13 -596 -458 -280 -455 0
-327 584 0
-321 -192 0
121 -327 0
221 705 0
-166 350 327 35 -342 607 174 673 -776 -646 282 0
221 -707 0
45 -327 0
674 -371 0
122 656 0
-705 -221 527 707 184 0
328 -728 0
328 126 0
86 728 0
295 -716 0
-681 728 0
328 522 0
503 728 0
328 -671 0
311 728 0
328 757 0
722 -613 0
758 -172 0
190 728 0
160 -300 0
-148 728 0
328 743 0
551 148 -476 -10 -145 536 -450 -774 0
328 -684 0
-355 728 0
328 488 0
-480 761 0
328 777 0
409 -322 0
328 597 0
-332 728 0
328 754 0
-790 211 0
771 546 0
-86 -377 -503 143 148 -311 355 608 332 694 343 -728 -190 -776 681 0
-676 592 0
-294 530 0
-184 709 0
64 -470 394 313 514 132 397 0
-7 405 0
-294 678 0
297 729 0
-544 349 0
729 190 0
50 -442 275 562 710 514 395 0
729 -117 0
-319 475 0
-538 729 0
-294 493 0
749 625 0
-294 396 0
-670 333 -80 225 690 498 172 331 0
-294 -720 0
-308 -457 0
-593 -590 -396 -24 -530 720 -188 294 -678 -493 0
-729 320 -190 276 -84 117 538 209 105 -297 0
-388 -330 0
-525 -330 0
388 125 0
161 -478 -698 -370 167 -763 -632 0
-690 230 0
-330 -684 0
388 -355 0
-330 -636 0
388 -236 0
786 -264 0
355 -125 -388 236 118 0
-631 -331 0
-314 230 0
-514 631 0
382 -236 0
-681 542 0
-331 -460 0
298 -313 0
733 156 0
-239 631 0
460 -734 -622 -335 331 0
600 -369 0
485 -719 0
-332 515 0
77 597 0
-7 512 0
661 -105 0
232 -332 0
403 -302 0
-800 -90 0
-99 597 0
496 -216 0
241 -387 0
-35 698 0
-247 -500 -634 527 671 659 0
-119 75 93 51 179 768 766 0
597 -716 0
-332 500 0
722 -707 0
779 -332 0
-215 597 0
126 -736 0
-294 597 0
-658 637 0
-83 522 0
-332 -759 0
-375 597 0
-9 -232 603 -515 332 -459 -729 -500 412 -779 434 759 -504 0
200 419 99 -77 799 -597 673 639 375 755 716 294 215 0
-733 -333 0
196 -333 0
-289 475 0
775 -333 0
733 263 0
-214 698 0
733 -14 0
633 -333 0
733 662 0
-705 38 330 373 252 67 -291 206 -76 391 113 0
-662 28 -733 -263 14 0
-734 -319 0
-319 547 0
734 489 0
-319 604 0
-204 734 0
326 503 0
-505 734 0
699 -421 0
550 -253 0
-228 408 0
-332 734 0
-385 558 0
625 717 0
-639 412 0
-639 606 0
-439 -585 582 412 -779 -195 -664 -646 -493 0
-639 575 0
142 -593 -612 -124 -717 -761 -564 -407 -455 96 0
456 -639 0
-412 -56 0
-750 567 0
-412 -333 0
-639 396 0
-412 -276 0
420 -768 0
-412 -368 0
-606 -575 -456 -733 -396 639 -155 0
178 651 0
-336 92 0
-336 463 0
605 439 0
577 -336 0
23 171 0
-308 427 0
-285 34 0
-336 634 0
-92 -505 0
196 77 0
-302 630 0
-336 718 0
-479 232 0
-336 -740 0
535 -92 0
-35 577 0
-92 -164 0
-54 295 0
-347 -92 0
-463 -718 336 -747 -634 740 506 655 -748 -577 0
63 562 255 -535 505 347 92 106 318 164 0
-749 -12 647 644 413 -678 -572 0
-15 155 0
-173 -737 0
588 -337 0
-27 -737 0
-686 620 0
-680 -66 0
456 -287 0
-607 -737 0
787 -708 0
-157 -737 0
612 -727 0
-468 560 0
645 -337 0
200 390 313 760 69 -433 697 308 556 768 47 0
774 -337 0
124 -106 0
278 -258 0
-279 -737 0
557 -337 0
52 -737 0
-19 -87 0
-52 607 737 157 173 279 -316 245 374 27 282 0
-608 20 0
-96 594 0
86 -20 0
-608 430 0
-30 -20 0
-608 367 0
-320 406 0
617 -608 0
-20 -69 0
-608 682 0
-282 -20 0
-608 572 0
-172 -20 0
529 535 0
-111 -20 0
-608 91 0
653 -383 0
-608 -668 0
57 449 345 276 368 18 27 691 -654 47 0
-470 -660 -729 -29 -592 356 679 -213 481 0
-271 -20 0
668 -126 -367 608 -745 -195 753 -682 -430 -91 -617 -572 0
-86 268 111 69 -342 30 271 20 418 65 172 282 0
-339 -739 0
437 -339 0
-37 739 0
317 -339 0
-132 739 0
-228 -680 0
469 -375 0
-277 609 315 494 784 105 0
-255 739 0
-247 580 386 249 74 -316 0
-676 -703 0
535 740 0
535 -359 0
-686 -740 0
-753 -608 0
-740 -129 0
535 660 0
-732 626 -576 179 -693 -398 0
388 535 0
241 -322 0
774 535 0
-144 -524 0
-379 405 0
-386 -740 0
460 647 366 -590 -530 -482 0
386 330 686 740 374 129 260 0
-550 -690 0
475 -690 0
-697 550 0
125 155 0
-710 550 0
303 229 0
107 422 0
564 -579 0
-608 550 0
749 -690 0
-14 550 0
588 -265 0
-142 -719 0
-208 629 0
608 697 710 -550 385 14 331 0
-48 -287 0
122 -799 0
-686 91 0
621 342 0
-708 367 0
-33 735 0
-658 91 0
-451 520 0
-676 -764 0
-51 457 0
-366 91 0
342 589 0
-189 91 0
456 -154 0
-289 91 0
342 -477 0
-246 91 0
746 342 0
346 91 0
-323 342 0
-468 91 0
-180 623 0
151 -164 0
-743 -343 0
436 -343 0
-694 728 0
207 116 -86 228 658 49 308 -492 -646 0
-146 594 0
24 -376 0
-102 123 0
-619 32 0
84 -341 0
-343 732 0
-741 756 0
-133 -192 0
-343 553 0
-228 -404 0
456 -343 0
335 -331 0
10 84 0
207 -709 -472 536 48 -745 -598 691 0
286 265 686 319 257 -475 368 39 113 0
-350 743 0
335 -22 0
-539 553 0
575 -618 0
557 -131 0
519 -141 0
-446 150 0
469 -539 0
-78 699 0
626 -149 0
-568 605 0
-363 -582 0
-510 -344 0
744 -798 0
168 -344 0
-209 729 0
492 -118 0
-152 744 0
-4 -439 159 -696 -528 -714 -433 -558 -653 791 -772 655 0
744 535 0
-244 -341 0
744 -355 0
781 -153 0
744 -322 0
128 342 0
744 370 0
94 -583 -722 740 344 663 510 -770 -168 684 -552 0
781 -39 0
45 -540 0
-483 -248 0
-746 346 0
346 439 0
746 -71 0
346 724 0
569 -353 0
346 739 0
-127 629 0
-765 546 0
746 -347 0
-503 524 -125 343 284 306 676 0
746 -783 0
-607 166 0
475 -113 0
-57 553 0
-347 461 0
-61 747 0
-142 76 0
-708 747 0
-347 622 0
-514 747 0
-347 -525 0
747 125 0
-347 62 0
747 -131 0
-347 59 0
316 747 0
-347 176 0
537 -112 0
84 742 0
162 642 0
-461 -59 -622 347 525 -290 -62 -487 -176 0
-167 -304 0
-164 -748 0
115 -551 0
42 -57 0
-164 594 0
-194 748 0
598 -244 0
748 565 0
688 -164 0
479 127 -334 320 -489 170 321 223 -769 0
696 -428 0
-299 748 0
122 -299 0
564 -265 0
246 -346 658 686 468 366 727 189 704 -91 289 0
748 -279 0
-517 -606 -631 -701 -688 -151 -594 164 224 0
194 -301 -625 299 -565 279 -605 -748 331 0
696 352 0
758 -613 0
749 -38 0
-14 606 0
465 -690 0
-14 230 0
-60 520 0
-14 692 0
749 -366 0
675 -414 0
749 -260 0
-14 718 0
-114 -398 0
-796 393 0
-468 364 0
415 -14 0
749 -325 0
107 -219 0
-749 -625 38 327 325 710 366 318 260 0
-350 -474 0
79 -305 0
151 -730 0
-425 -626 0
-142 -325 0
-470 603 -781 412 -597 -637 210 224 0
474 -379 0
-350 448 0
-425 474 0
-234 678 0
-96 474 0
-350 231 0
-658 34 0
-350 -753 0
479 571 -405 -158 -620 0
-350 -691 0
291 474 0
-347 24 0
474 -371 0
565 461 0
334 34 0
-354 751 -12 350 -756 -771 -231 753 691 -280 -448 0
379 111 371 67 -474 -291 356 784 43 425 96 0
-351 -290 0
-351 735 0
104 -797 0
10 52 0
290 -545 0
517 -191 0
-366 233 0
-351 -429 0
572 -205 0
-351 722 0
771 -676 0
-351 724 0
290 -324 0
-735 -548 -722 -724 -466 429 351 0
186 66 -290 544 545 322 324 0
190 -590 0
-618 -477 0
-282 558 0
-568 -185 0
-418 -752 0
-83 348 0
-60 -752 0
-197 340 0
-658 -752 0
723 769 0
-586 -247 -800 -489 663 -513 -147 655 -227 0
723 739 0
-120 500 0
-163 782 0
-619 -752 0
-109 495 0
-276 465 0
-111 753 0
-536 -111 0
-780 406 0
-111 398 0
232 -353 0
601 -111 0
-753 -201 0
-111 -647 0
317 -248 0
-708 734 0
566 -90 0
-111 631 0
-753 -331 0
-111 -740 0
535 -753 0
-378 632 0
-638 -758 -742 43 -508 0
-369 617 0
781 546 0
647 111 536 -631 -771 740 -601 -664 -408 -398 0
443 -707 0
104 -236 0
776 270 0
142 -193 -338 -354 -145 -231 -471 -76 0
776 436 0
754 -36 0
-359 -239 0
754 -43 0
-710 596 0
-248 396 0
601 776 0
-373 195 0
-400 354 0
-94 -344 0
777 776 0
-428 -752 0
-710 770 0
754 -351 0
-122 -488 -459 -77 -728 -507 -364 -196 0
555 -711 0
-355 684 0
-720 -87 0
-400 -684 0
638 -355 0
9 -332 0
457 -355 0
-119 -746 -4 751 -166 -548 -199 20 -437 -213 0
733 -355 0
564 -96 0
-638 355 -733 -595 652 -457 0
795 377 0
-756 -356 0
-356 470 0
-46 487 0
-356 -481 0
53 -85 110 694 111 680 279 72 132 766 0
-356 213 0
-712 213 0
29 -356 0
-328 -107 28 -515 694 187 103 716 0
-356 660 0
-260 756 0
-400 -429 0
-343 709 0
247 -74 0
488 -650 0
-608 195 0
57 666 -756 794 -610 284 81 260 294 0
-34 357 0
647 35 -230 -698 -675 -622 -577 0
-206 -180 0
-644 357 0
-100 34 0
637 357 0
-271 485 0
-477 357 0
-246 34 0
657 -373 0
-356 474 0
-542 477 -637 -357 -693 644 0
-133 549 0
-758 -783 0
555 -783 0
-73 758 0
354 -783 0
-380 591 0
572 -783 0
328 590 0
401 -783 0
758 532 0
-691 52 0
-287 -551 0
-644 -783 0
758 -100 0
-582 -783 0
758 -226 0
-107 173 117 30 378 -295 54 164 0
624 -351 0
-314 500 0
379 100 73 -532 -758 689 172 331 226 0
-412 -181 0
-655 -313 0
-730 717 0
-137 722 0
-201 -434 0
-375 542 0
334 -759 0
746 -375 0
-23 -107 327 55 428 -183 58 -594 719 96 0
-746 -542 -270 375 644 0
-6 731 0
-696 52 0
262 124 0
792 156 0
243 -558 412 -492 -270 -739 0
722 -344 0
426 52 0
-152 593 0
570 52 0
696 -170 0
-548 -545 0
-249 410 0
-524 52 0
482 -256 0
528 -783 0
436 -139 0
593 52 0
-538 696 0
70 52 0
696 -210 0
-228 526 0
32 -320 0
-519 -593 524 -52 -426 -478 -70 167 -570 691 -227 0
-797 728 0
-417 -202 0
-216 604 0
388 190 0
635 -361 0
470 -210 0
-361 584 0
-184 402 0
123 -361 0
402 546 0
-361 -219 0
402 -256 0
612 -361 0
423 -613 0
633 -361 0
402 662 0
-246 233 0
402 -363 0
-361 770 0
-228 615 0
-289 629 0
-634 -505 0
-478 -362 0
-362 270 0
-559 -704 0
634 156 0
431 -304 0
-362 -506 0
-222 88 0
-368 233 0
-636 -767 0
-663 -627 0
-697 -359 0
-645 -232 541 238 753 -789 703 0
-236 478 0
-734 636 -733 -270 -669 506 362 0
333 -478 1 319 236 106 269 0
-324 -647 0
-363 398 0
763 -114 0
-399 747 0
709 -265 0
-363 427 0
128 -153 0
124 156 0
763 -69 0
-340 -363 0
-197 763 0
552 -46 0
-226 763 0
552 -363 0
-152 763 0
-363 478 0
-362 763 0
-363 155 0
-368 763 0
340 -478 582 363 -427 -155 -617 491 -398 -552 0
152 446 197 69 114 368 234 362 -763 226 0
764 -619 0
-619 229 0
-704 91 0
-619 -603 0
-419 -764 0
-619 -219 0
-764 -256 0
221 -83 0
-79 -380 0
-619 -737 0
-764 -337 0
-251 685 0
-480 -764 0
-120 -206 0
-375 -764 0
-54 721 0
764 337 480 419 253 256 375 676 0
-451 765 0
433 -451 0
-33 -765 0
572 -180 0
-43 -765 0
602 -451 0
-181 628 0
-451 598 0
-765 -198 0
-790 526 0
-765 -353 0
-32 -529 379 -606 -725 -621 -635 -349 -595 -594 -213 0
-63 -765 0
-282 422 0
588 -313 0
-210 637 0
665 -374 0
564 -451 0
580 523 256 -203 -786 0
552 -451 0
-672 62 0
-451 -636 0
59 -337 0
-118 -551 0
-618 155 0
664 -451 0
-765 -264 0
-451 729 0
-163 -341 0
-451 739 0
-765 -339 0
402 -451 0
-765 -361 0
-228 235 0
-292 422 0
-389 382 0
-442 -95 -4 305 -79 647 -597 -408 -713 -792 0
-505 155 0
-609 -292 0
-250 382 0
-292 -26 0
-720 -767 0
-340 -141 0
382 -337 0
-144 713 0
169 125 0
-511 -96 0
53 389 337 250 -382 18 376 0
342 692 0
-329 270 0
-1 104 0
-126 752 -452 -420 22 26 510 -91 511 -792 0
-277 499 38 108 35 794 607 345 26 129 0
-329 -536 0
-136 104 0
119 -204 0
8 560 0
-329 213 0
104 -57 0
-329 450 0
774 -254 0
-329 326 0
-778 -573 -575 383 -507 -24 -430 -748 0
-54 682 0
-36 439 0
-329 195 0
-119 -216 0
-412 -329 0
-72 158 0
-329 -759 0
-784 457 0
549 -447 0
57 136 1 -104 271 639 797 129 375 318 391 -17 0
-480 620 0
-368 445 0
-609 -185 0
-799 630 0
-483 -327 0
422 -293 0
-765 -215 0
-368 478 0
-292 645 0
-579 -443 0
232 -14 0
107 358 0
618 329 2 707 362 -155 0
217 -769 0
242 590 0
356 60 -242 -546 -11 54 0
217 570 0
235 -321 0
217 620 0
-127 769 0
217 -510 0
64 751 -12 536 -725 -34 -564 -547 -475 -762 -455 0
217 721 0
-321 769 0
217 171 0
-248 -648 0
388 -289 0
769 -320 0
749 -318 0
334 769 0
335 352 0
748 605 0
370 -770 0
-167 370 0
-25 501 0
370 632 0
203 770 0
-161 370 0
-336 -706 0
576 654 0
-172 743 0
370 478 0
-362 770 0
455 -96 0
-363 770 0
414 267 78 -675 302 392 118 0
776 195 0
-771 -371 0
-371 229 0
290 -322 0
-302 663 0
771 -78 0
-152 692 0
-562 13 0
-152 -765 0
-568 -112 0
-351 437 0
771 -57 0
674 377 0
-197 771 0
123 -371 0
-541 -418 0
-538 792 0
771 -274 0
634 -371 0
-333 -636 0
-655 -371 0
771 -255 0
615 -371 0
771 -376 0
-668 -371 0
-268 771 0
-536 605 0
235 -135 0
-271 -561 0
771 -363 0
-350 739 0
433 -159 0
576 -90 0
747 -304 0
-672 -477 0
-201 5 0
772 -71 0
-638 16 -782 384 -526 -13 -731 483 -455 0
-397 772 0
-292 -382 0
-399 772 0
-61 771 0
162 772 0
-286 475 0
-44 -759 0
-228 520 0
388 -419 0
-228 592 0
-768 138 0
-384 -16 0
-602 -202 0
-633 -165 -346 35 -334 447 209 273 0
-376 772 0
664 646 0
-240 675 0
-31 228 404 -520 -439 -235 -486 -615 -526 680 -592 -408 0
71 -178 666 399 110 438 -656 -772 -162 376 397 650 0
-773 -373 0
-633 353 609 551 -232 -520 -70 -295 -569 -155 -632 -588 0
484 526 0
10 -613 0
-30 295 0
-167 -314 0
242 -706 0
-336 -506 0
497 85 0
674 -373 0
-274 773 0
-252 793 0
-666 756 0
211 -373 0
353 712 350 144 36 56 -743 114 15 -654 397 153 0
-99 500 0
696 -185 0
589 -738 0
-249 -649 0
70 -310 0
471 -374 0
-102 602 0
196 -374 0
774 -28 0
542 357 0
669 -607 0
475 -265 0
-322 459 0
731 -374 0
-519 -107 22 141 -297 0
-374 19 0
774 -87 0
-220 -765 0
700 -28 0
714 -159 0
774 242 0
328 549 0
28 780 293 254 -242 39 -774 641 87 0
-31 -438 0
-438 566 0
-38 31 0
-438 -644 0
-317 -612 -573 83 -575 -221 -595 -522 671 0
-438 88 0
53 562 -199 279 274 117 -242 -493 0
455 -114 0
458 -114 0
-92 -258 0
-336 31 0
-717 438 -566 92 -88 644 0
-514 800 0
-197 -161 0
-39 512 0
615 -37 0
-376 459 0
615 -716 0
-16 -376 0
615 156 0
526 -343 0
615 -117 0
-473 -376 0
-768 615 0
-389 410 0
615 -208 0
-425 569 0
-309 615 0
565 611 0
625 642 0
-560 764 16 -459 473 -437 -24 376 -792 0
208 37 -615 309 117 619 -156 768 716 0
-327 594 0
377 475 0
777 -697 0
-317 339 -474 -437 655 0
777 -274 0
377 512 0
777 -112 0
-261 504 0
777 -331 0
-148 145 0
777 -371 0
377 -668 0
-268 777 0
-534 228 -346 -625 310 438 202 51 254 -546 47 0
-271 349 0
748 377 0
777 -164 0
746 377 0
777 346 0
-674 668 -512 -746 -377 -631 -698 -771 -475 -748 0
112 -346 268 371 697 -777 274 395 164 331 0
-778 -378 0
482 -378 0
778 -240 0
664 -111 0
778 203 0
-378 452 0
-332 416 0
776 -754 0
-514 233 0
714 -378 0
-21 423 0
-378 -571 0
661 -7 0
-120 -536 0
-238 -161 0
-452 571 -714 -701 -465 -522 378 -482 -632 0
668 -548 -478 -409 -653 276 -474 -45 -648 -594 -549 0
534 -254 0
583 -215 0
761 -96 0
-483 -215 0
-83 779 0
207 127 -360 494 -171 0
605 779 0
45 -505 0
-616 779 0
-215 -192 0
-260 -740 0
-689 -703 0
617 -57 0
699 -215 0
496 -39 0
-143 -543 0
-133 779 0
-215 772 0
661 -83 0
774 -215 0
779 -374 0
-184 725 0
-294 590 0
524 -583 -478 192 -558 -688 -772 -699 483 -774 -508 215 0
228 266 108 83 -779 798 616 374 -605 222 362 133 0
763 -371 0
-380 439 0
79 -71 0
-663 -380 0
-208 709 0
-100 563 0
79 -44 0
557 -380 0
781 -181 0
-380 695 0
79 -447 0
-380 698 0
84 688 0
262 458 0
71 -79 447 157 302 44 395 0
-781 -381 0
349 -381 0
781 -49 0
621 -381 0
781 -727 0
554 -381 0
588 -353 0
638 -381 0
-766 168 0
-240 693 0
-103 781 0
-381 -737 0
781 -337 0
-16 -381 0
781 156 0
-551 -381 0
781 -702 0
-571 -149 0
-258 560 0
-764 -381 0
-110 406 0
551 -638 -122 381 752 764 16 -554 -621 737 -349 0
267 337 -781 49 727 619 -156 177 -723 103 702 0
-766 -782 0
-766 485 0
-643 782 0
-766 338 0
-78 558 0
-766 575 0
-54 782 0
781 -267 0
-257 235 0
-766 121 0
-468 29 0
-766 657 0
-257 782 0
-338 -575 -657 -121 -485 -168 766 0
-705 -782 643 257 392 163 54 0
-295 -383 0
-271 604 0
17 19 0
575 -383 0
552 -538 0
64 381 71 186 305 -346 182 309 652 189 425 289 730 0
-173 295 0
-383 507 0
-103 -582 0
-207 598 0
557 165 0
778 -383 0
-378 295 0
748 -383 0
295 -164 0
432 -101 0
199 24 0
-384 -241 0
-259 756 0
241 -397 0
455 -384 0
199 213 0
-483 -384 0
241 -83 0
-384 731 0
625 452 0
-419 597 0
241 -267 0
-384 13 0
-424 614 0
423 -453 0
241 156 0
-7 432 0
-766 241 0
52 478 0
267 55 83 -241 -183 -156 397 766 641 0
534 546 0
409 -385 0
128 -712 0
-663 -385 0
776 166 0
557 -385 0
316 -434 0
564 -322 0
377 465 0
303 703 0
143 752 658 339 619 60 418 234 -217 0
-322 155 0
-271 465 0
-385 -759 0
8 270 0
-409 -777 -195 -396 663 -557 385 759 0
499 -377 157 302 276 -465 271 375 0
-663 -376 0
-386 32 0
-523 786 0
579 71 78 467 399 336 180 339 373 174 -657 538 716 0
786 203 0
-386 -219 0
786 -256 0
563 705 0
-98 756 0
-505 -16 0
-387 422 0
-376 13 0
-387 416 0
787 -556 0
-387 487 0
-415 -594 146 0
-387 -454 0
787 -607 0
-387 601 0
787 -201 0
-387 450 0
787 -797 0
-387 785 0
787 -345 0
-387 -753 0
787 -111 0
-238 -667 0
787 -447 0
-387 792 0
-136 -626 0
-751 -177 0
-194 526 0
199 437 0
787 -384 0
389 208 447 111 384 607 345 708 -787 556 797 201 294 0
-468 323 0
-579 728 0
17 581 0
-468 674 0
365 -36 0
130 459 0
484 -323 0
-468 -737 0
8 -434 0
-650 -341 0
401 -87 0
-468 782 0
-766 -323 0
733 -362 0
337 794 323 274 309 81 -484 766 0
509 -658 0
-146 -434 0
789 -716 0
130 509 0
789 -109 0
130 -16 0
789 156 0
576 130 0
789 -726 0
-506 -99 0
-392 -404 0
122 -381 0
789 -117 0
781 -210 0
789 242 0
130 645 0
789 -245 0
162 591 0
381 63 286 -218 578 296 177 362 702 395 641 0
130 782 0
-766 789 0
649 -38 0
-341 -149 0
59 -755 0
726 386 109 276 117 245 -156 -242 189 -789 716 766 0
-390 -212 0
213 -153 0
-329 -636 0
-48 -390 0
-481 -767 0
-390 188 0
212 -105 0
-49 354 0
761 -154 0
-390 -510 0
212 -223 0
290 -730 0
212 -274 0
-390 739 0
212 -339 0
786 -390 0
212 -386 0
-372 -659 0
778 156 0
-179 791 0
291 588 0
-791 -293 0
-650 466 0
-726 -791 0
-179 732 0
-319 478 0
-179 398 0
-477 -494 0
-179 -626 0
-791 -149 0
779 -266 0
241 -55 0
725 -332 0
-392 757 0
338 -148 0
183 577 0
338 -760 0
-392 493 0
338 -209 0
104 -392 0
338 -329 0
-328 336 93 46 170 -291 314 137 -450 -76 0
-141 348 0
568 -406 392 -104 -68 -757 -493 0
148 -338 394 6 329 760 209 0
393 -793 0
788 393 0
793 -283 0
403 23 0
-794 793 0
393 -652 0
121 -710 0
272 -112 0
-333 614 0
751 441 -436 -777 -601 -270 -290 -620 -776 -444 0
68 393 0
-676 32 0
611 -149 0
262 -626 0
742 -149 0
-197 638 0
-82 530 0
-71 695 0
-496 -93 0
-310 422 0
126 -149 0
-121 705 0
588 -149 0
-27 -626 0
-126 571 -611 -742 341 149 -588 0
-86 -85 -360 46 626 27 -262 0
-340 -658 0
-790 -612 0
-452 -154 0
-154 606 0
596 -527 0
-732 -353 0
452 -132 0
-154 692 0
-366 452 0
-154 -477 0
-246 452 0
-404 705 0
-294 452 0
-317 -606 -692 -729 477 154 0
-129 348 0
-514 -622 0
-514 448 0
-391 -206 0
549 125 0
622 -69 0
-516 -89 0
622 605 0
-514 -192 0
-359 -767 0
683 -514 0
622 165 0
733 -514 0
-329 -104 0
242 -642 0
622 -90 0
-514 298 0
-391 709 0
-514 587 0
622 8 0
-94 -421 0
622 -149 0
-298 -800 192 626 -733 514 -688 -617 -587 -448 -683 0
-681 558 0
-235 -399 0
-399 445 0
235 -2 0
-363 -491 0
-347 235 0
-399 -759 0
235 -375 0
-82 653 0
-58 235 0
338 -399 0
-392 235 0
452 -399 0
606 -254 0
-399 530 0
84 235 0
-791 -114 0
394 -235 2 -84 392 58 347 154 375 0
-182 553 0
-400 785 0
-50 692 0
-400 -603 0
-511 -353 0
-356 592 0
-544 595 0
771 -350 0
-191 563 0
603 -436 429 400 -785 0
419 36 345 -595 544 0
-393 0
