p cnf 400 1211
-65 -66 399 0
-65 397 0
-66 397 0
-63 -64 400 0
-63 398 0
-64 398 0
-62 395 -61 0
393 -61 0
-62 393 0
396 -60 -59 0
394 -59 0
-60 394 0
391 -58 -57 0
389 -57 0
389 -58 0
392 -55 -56 0
-55 390 0
390 -56 0
387 -54 -53 0
385 -53 0
-54 385 0
-52 388 -51 0
386 -51 0
-52 386 0
-49 383 -50 0
-49 381 0
381 -50 0
-48 -47 384 0
-47 382 0
-48 382 0
-46 -45 379 0
377 -45 0
-46 377 0
-43 -44 380 0
378 -43 0
378 -44 0
375 -42 -41 0
373 -41 0
373 -42 0
-39 376 -40 0
-39 374 0
374 -40 0
-37 -38 371 0
-37 369 0
-38 369 0
-35 372 -36 0
-35 370 0
370 -36 0
-34 367 -33 0
-33 365 0
-34 365 0
368 -31 -32 0
-31 366 0
366 -32 0
-29 -30 363 0
-29 361 0
-30 361 0
-28 364 -27 0
362 -27 0
362 -28 0
359 -26 -25 0
357 -25 0
-26 357 0
-23 360 -24 0
-23 358 0
358 -24 0
-21 355 -22 0
-21 353 0
353 -22 0
-20 356 -19 0
354 -19 0
-20 354 0
351 -17 -18 0
349 -17 0
349 -18 0
-16 -15 352 0
-15 350 0
-16 350 0
-14 347 -13 0
-13 345 0
-14 345 0
348 -11 -12 0
-11 346 0
-12 346 0
-10 343 -9 0
341 -9 0
-10 341 0
344 -7 -8 0
-7 342 0
342 -8 0
-6 339 -5 0
337 -5 0
-6 337 0
-3 340 -4 0
-3 338 0
338 -4 0
-1 333 -2 0
-1 331 0
331 -2 0
-399 -400 336 0
-400 -397 335 0
-399 -398 335 0
-400 334 0
-397 -398 334 0
-399 334 0
-398 332 0
-397 332 0
-396 -395 329 0
-396 -393 327 0
-395 327 -394 0
-396 325 0
-393 325 -394 0
-395 325 0
323 -394 0
-393 323 0
330 -391 -392 0
328 -392 -389 0
328 -391 -390 0
-392 326 0
326 -389 -390 0
-391 326 0
324 -390 0
324 -389 0
-388 321 -387 0
-388 319 -385 0
-386 319 -387 0
-388 317 0
317 -386 -385 0
317 -387 0
315 -386 0
315 -385 0
-383 -384 322 0
-384 -381 320 0
-383 -382 320 0
-384 318 0
-382 -381 318 0
-383 318 0
316 -382 0
316 -381 0
-379 -380 313 0
-380 -377 311 0
-379 -378 311 0
-380 309 0
-378 -377 309 0
-379 309 0
-378 307 0
-377 307 0
-376 -375 314 0
-376 -373 312 0
-375 312 -374 0
-376 310 0
310 -373 -374 0
-375 310 0
308 -374 0
-373 308 0
-372 -371 305 0
-372 -369 303 0
-371 303 -370 0
-372 301 0
301 -369 -370 0
-371 301 0
299 -370 0
299 -369 0
-367 -368 306 0
-368 -365 304 0
-367 304 -366 0
-368 302 0
302 -365 -366 0
-367 302 0
300 -366 0
-365 300 0
-363 -364 297 0
-364 295 -361 0
-363 295 -362 0
-364 293 0
293 -362 -361 0
-363 293 0
291 -362 0
291 -361 0
-359 -360 298 0
-360 296 -357 0
-359 296 -358 0
-360 294 0
294 -358 -357 0
-359 294 0
292 -358 0
292 -357 0
-355 -356 289 0
-356 287 -353 0
-355 287 -354 0
-356 285 0
285 -353 -354 0
-355 285 0
283 -354 0
283 -353 0
-352 290 -351 0
-352 288 -349 0
288 -350 -351 0
-352 286 0
286 -350 -349 0
286 -351 0
284 -350 0
284 -349 0
-348 -347 281 0
-348 279 -345 0
-347 279 -346 0
-348 277 0
277 -345 -346 0
-347 277 0
-346 275 0
-345 275 0
-343 282 -344 0
280 -344 -341 0
-343 280 -342 0
-344 278 0
278 -342 -341 0
-343 278 0
-342 276 0
276 -341 0
-339 -340 271 0
-340 269 -337 0
-339 269 -338 0
267 -340 0
267 -338 -337 0
-339 267 0
265 -338 0
-337 265 0
-336 274 -333 0
-336 273 -331 0
-335 273 -333 0
-336 272 0
-335 272 -331 0
-334 -333 272 0
-335 270 0
-334 270 -331 0
-332 -333 270 0
-334 268 0
-332 268 -331 0
-333 268 0
-332 266 0
266 -331 0
-329 -330 263 0
-327 -330 261 0
-329 261 -328 0
-330 -325 259 0
-327 259 -328 0
-329 259 -326 0
-330 257 -323 0
-325 257 -328 0
-327 257 -326 0
-329 257 -324 0
-330 255 0
255 -323 -328 0
-325 255 -326 0
-327 255 -324 0
-329 255 0
253 -328 0
253 -323 -326 0
253 -325 -324 0
-327 253 0
251 -326 0
251 -323 -324 0
-325 251 0
249 -324 0
249 -323 0
-321 -322 264 0
-322 262 -319 0
-321 -320 262 0
-322 260 -317 0
-320 -319 260 0
-321 -318 260 0
-322 258 -315 0
-320 258 -317 0
-319 -318 258 0
-321 258 -316 0
-322 256 0
-320 256 -315 0
-318 256 -317 0
-319 256 -316 0
-321 256 0
-320 254 0
-318 254 -315 0
254 -316 -317 0
-319 254 0
252 -318 0
252 -316 -315 0
252 -317 0
250 -316 0
250 -315 0
-313 -314 247 0
-314 245 -311 0
-313 245 -312 0
-314 243 -309 0
-311 -312 243 0
-313 243 -310 0
-314 241 -307 0
241 -312 -309 0
-311 241 -310 0
-313 241 -308 0
-314 239 0
239 -312 -307 0
239 -309 -310 0
239 -311 -308 0
-313 239 0
-312 237 0
-307 -310 237 0
-309 -308 237 0
-311 237 0
235 -310 0
235 -307 -308 0
235 -309 0
233 -308 0
233 -307 0
-305 -306 248 0
-303 -306 246 0
-305 246 -304 0
-306 244 -301 0
-303 -304 244 0
-305 244 -302 0
-306 242 -299 0
242 -304 -301 0
-303 242 -302 0
-305 242 -300 0
-306 240 0
-304 240 -299 0
-302 -301 240 0
-303 240 -300 0
-305 240 0
-304 238 0
238 -302 -299 0
238 -301 -300 0
-303 238 0
236 -302 0
236 -299 -300 0
236 -301 0
234 -300 0
234 -299 0
-297 -298 231 0
-298 229 -295 0
-297 -296 229 0
-298 -293 227 0
-296 -295 227 0
-297 227 -294 0
-298 225 -291 0
-296 225 -293 0
-295 225 -294 0
-297 225 -292 0
-298 223 0
-296 223 -291 0
223 -293 -294 0
223 -295 -292 0
-297 223 0
-296 221 0
221 -291 -294 0
221 -293 -292 0
221 -295 0
219 -294 0
219 -291 -292 0
-293 219 0
217 -292 0
217 -291 0
-289 -290 232 0
-290 -287 230 0
-289 -288 230 0
-290 228 -285 0
-287 -288 228 0
-289 228 -286 0
-290 226 -283 0
-288 -285 226 0
-287 226 -286 0
-289 226 -284 0
-290 224 0
-288 224 -283 0
224 -285 -286 0
-287 224 -284 0
-289 224 0
-288 222 0
222 -286 -283 0
222 -285 -284 0
-287 222 0
220 -286 0
220 -284 -283 0
220 -285 0
218 -284 0
218 -283 0
-281 -282 213 0
-282 211 -279 0
-281 211 -280 0
-282 209 -277 0
-279 209 -280 0
-281 209 -278 0
-282 207 -275 0
-277 207 -280 0
-279 207 -278 0
-281 207 -276 0
-282 205 0
205 -275 -280 0
205 -277 -278 0
-279 205 -276 0
-281 205 0
203 -280 0
-278 -275 203 0
-277 203 -276 0
-279 203 0
201 -278 0
201 -275 -276 0
201 -277 0
-276 199 0
-275 199 0
-274 216 -271 0
-274 215 -269 0
-273 215 -271 0
-274 214 -267 0
-273 214 -269 0
214 -272 -271 0
212 -274 -265 0
-273 212 -267 0
212 -272 -269 0
212 -270 -271 0
-273 210 -265 0
-272 210 -267 0
-270 210 -269 0
-271 -268 210 0
-272 208 -265 0
-270 208 -267 0
-269 -268 208 0
-271 208 -266 0
-272 206 0
-270 206 -265 0
-268 206 -267 0
-269 206 -266 0
-271 206 0
-270 204 0
-268 204 -265 0
204 -267 -266 0
-269 204 0
202 -265 -266 0
202 -267 0
200 -265 0
-263 -262 195 0
-264 -259 193 0
-261 -262 193 0
-263 -260 193 0
-264 -257 191 0
-259 -262 191 0
-261 -260 191 0
-263 191 -258 0
-264 189 -255 0
-257 -262 189 0
-259 -260 189 0
-261 189 -258 0
-263 189 -256 0
-264 187 -253 0
-262 187 -255 0
-257 -260 187 0
-259 187 -258 0
-261 187 -256 0
-263 187 -254 0
-264 185 -251 0
-262 185 -253 0
-260 185 -255 0
-257 185 -258 0
-259 185 -256 0
-261 185 -254 0
-263 185 -252 0
-264 183 -249 0
-262 183 -251 0
-260 183 -253 0
183 -255 -258 0
-257 183 -256 0
-259 183 -254 0
-261 183 -252 0
-263 183 -250 0
-264 181 0
-262 181 -249 0
-260 181 -251 0
-258 181 -253 0
-255 181 -256 0
-257 181 -254 0
-259 181 -252 0
-261 181 -250 0
179 -262 0
179 -260 -249 0
179 -258 -251 0
179 -256 -253 0
179 -255 -254 0
179 -257 -252 0
179 -259 -250 0
-260 177 0
-258 177 -249 0
-256 177 -251 0
-254 177 -253 0
-255 177 -252 0
-257 177 -250 0
175 -258 0
175 -256 -249 0
175 -254 -251 0
175 -253 -252 0
175 -255 -250 0
173 -256 0
173 -254 -249 0
173 -251 -252 0
173 -253 -250 0
173 -255 0
171 -254 0
171 -252 -249 0
171 -251 -250 0
-248 194 -243 0
-245 -246 194 0
-248 192 -241 0
-246 192 -243 0
-245 -244 192 0
-247 192 -242 0
-248 190 -239 0
-246 190 -241 0
-244 190 -243 0
-245 190 -242 0
-247 190 -240 0
-248 188 -237 0
-246 188 -239 0
-244 188 -241 0
-243 188 -242 0
-245 188 -240 0
-247 188 -238 0
-248 186 -235 0
-246 186 -237 0
-244 186 -239 0
186 -242 -241 0
-243 186 -240 0
-245 186 -238 0
-247 186 -236 0
-248 184 -233 0
-246 184 -235 0
-244 184 -237 0
184 -242 -239 0
184 -240 -241 0
-243 184 -238 0
-245 184 -236 0
-247 184 -234 0
-246 182 -233 0
-244 182 -235 0
-242 -237 182 0
-240 182 -239 0
-241 182 -238 0
-243 182 -236 0
-245 182 -234 0
-244 180 -233 0
-242 180 -235 0
-240 180 -237 0
180 -239 -238 0
180 -241 -236 0
-243 180 -234 0
-242 178 -233 0
-240 178 -235 0
178 -237 -238 0
-239 -236 178 0
-241 178 -234 0
-243 178 0
176 -242 0
176 -240 -233 0
176 -238 -235 0
176 -237 -236 0
176 -239 -234 0
176 -241 0
174 -238 -233 0
174 -236 -235 0
174 -237 -234 0
174 -239 0
172 -236 -233 0
172 -235 -234 0
172 -237 0
170 -236 0
170 -233 -234 0
170 -235 0
-231 -232 162 0
-229 160 -232 0
158 -232 -227 0
-230 -229 158 0
-231 -228 158 0
156 -232 -225 0
-230 156 -227 0
-229 156 -228 0
-231 156 -226 0
-232 154 -223 0
-230 -225 154 0
-228 -227 154 0
-229 -226 154 0
-231 154 -224 0
-232 152 -221 0
-230 -223 152 0
-228 -225 152 0
-227 -226 152 0
-229 152 -224 0
-231 152 -222 0
-232 150 -219 0
-230 -221 150 0
-228 -223 150 0
-226 -225 150 0
-227 150 -224 0
-229 150 -222 0
-231 150 -220 0
-232 148 -217 0
-230 148 -219 0
-228 148 -221 0
-226 -223 148 0
-225 148 -224 0
-227 148 -222 0
-229 148 -220 0
-230 146 -217 0
-228 146 -219 0
-226 -221 146 0
-223 146 -224 0
-225 146 -222 0
-227 146 -220 0
-229 146 -218 0
-230 144 0
-228 144 -217 0
-226 144 -219 0
-221 144 -224 0
-223 144 -222 0
-225 144 -220 0
-227 144 -218 0
-226 142 -217 0
142 -224 -219 0
142 -221 -222 0
142 -223 -220 0
-225 142 -218 0
140 -226 0
140 -224 -217 0
140 -219 -222 0
140 -221 -220 0
140 -223 -218 0
138 -224 0
138 -217 -222 0
138 -219 -220 0
-215 -211 163 0
-215 -209 161 0
-211 161 -214 0
-215 159 -207 0
-209 159 -214 0
-212 -211 159 0
-213 159 -210 0
-216 157 -203 0
-215 157 -205 0
157 -214 -207 0
-212 -209 157 0
-211 157 -210 0
-213 157 -208 0
-215 155 -203 0
155 -214 -205 0
-212 155 -207 0
-209 -210 155 0
-211 155 -208 0
-213 155 -206 0
-215 153 -201 0
153 -214 -203 0
-212 153 -205 0
153 -210 -207 0
-209 153 -208 0
-211 153 -206 0
-213 153 -204 0
151 -214 -201 0
-212 151 -203 0
-210 151 -205 0
151 -208 -207 0
-209 151 -206 0
-211 151 -204 0
149 -214 -199 0
-212 149 -201 0
149 -210 -203 0
149 -208 -205 0
149 -206 -207 0
-209 149 -204 0
-211 149 -202 0
-210 147 -201 0
147 -208 -203 0
147 -206 -205 0
147 -207 -204 0
-209 147 -202 0
145 -208 -201 0
145 -206 -203 0
145 -205 -204 0
145 -207 -202 0
-209 145 -200 0
-206 143 -201 0
143 -203 -204 0
-205 143 -202 0
-207 143 -200 0
141 -204 -201 0
141 -203 -202 0
-190 -189 84 0
-191 -188 84 0
-193 -186 84 0
-192 -185 86 0
-190 -187 86 0
-189 -188 86 0
-191 -186 86 0
-184 -193 86 0
-183 -192 88 0
-190 -185 88 0
-187 -188 88 0
-189 -186 88 0
-184 -191 88 0
-193 -182 88 0
-194 90 -179 0
-192 90 -181 0
-183 -190 90 0
-185 -188 90 0
-187 -186 90 0
-184 -189 90 0
-191 90 -182 0
-193 90 -180 0
-195 90 -178 0
92 -194 -177 0
92 -192 -179 0
-190 92 -181 0
-183 -188 92 0
-185 -186 92 0
-187 -184 92 0
-189 92 -182 0
-191 92 -180 0
-193 92 -178 0
94 -194 -175 0
94 -192 -177 0
94 -190 -179 0
-188 94 -181 0
-183 -186 94 0
-185 -184 94 0
-187 94 -182 0
-189 94 -180 0
-191 94 -178 0
-193 94 -176 0
96 -194 -173 0
96 -192 -175 0
96 -190 -177 0
96 -188 -179 0
96 -186 -181 0
96 -183 -184 0
96 -185 -182 0
96 -187 -180 0
96 -189 -178 0
96 -191 -176 0
98 -192 -173 0
98 -190 -175 0
98 -188 -177 0
98 -186 -179 0
98 -184 -181 0
98 -183 -182 0
98 -185 -180 0
98 -187 -178 0
98 -189 -176 0
100 -190 -173 0
100 -188 -175 0
100 -186 -177 0
100 -184 -179 0
100 -181 -182 0
100 -183 -180 0
100 -185 -178 0
100 -187 -176 0
102 -188 -173 0
102 -186 -175 0
102 -184 -177 0
102 -179 -182 0
102 -181 -180 0
102 -183 -178 0
102 -185 -176 0
102 -187 -174 0
104 -186 -173 0
104 -184 -175 0
104 -177 -182 0
104 -179 -180 0
104 -181 -178 0
104 -183 -176 0
104 -185 -174 0
104 -187 -172 0
106 -184 -173 0
106 -182 -175 0
106 -177 -180 0
106 -179 -178 0
106 -181 -176 0
106 -183 -174 0
106 -185 -172 0
108 -180 -175 0
108 -177 -178 0
108 -179 -176 0
108 -181 -174 0
114 -178 -171 0
114 -176 -173 0
114 -177 -172 0
114 -179 -170 0
-153 -162 113 0
-159 107 -150 0
-157 -152 107 0
-154 -155 107 0
-156 -153 107 0
-158 -151 107 0
-160 107 -149 0
-161 105 -146 0
105 -159 -148 0
105 -157 -150 0
-155 105 -152 0
-154 -153 105 0
-156 -151 105 0
-158 105 -149 0
-160 105 -147 0
103 -161 -144 0
103 -159 -146 0
103 -157 -148 0
103 -155 -150 0
103 -153 -152 0
103 -154 -151 0
103 -156 -149 0
103 -158 -147 0
101 -163 -140 0
101 -161 -142 0
101 -159 -144 0
101 -157 -146 0
101 -155 -148 0
101 -153 -150 0
101 -151 -152 0
101 -154 -149 0
101 -156 -147 0
101 -158 -145 0
99 -161 -140 0
99 -159 -142 0
99 -157 -144 0
99 -155 -146 0
99 -153 -148 0
99 -151 -150 0
99 -152 -149 0
99 -154 -147 0
99 -156 -145 0
97 -159 -140 0
97 -157 -142 0
97 -155 -144 0
97 -153 -146 0
97 -151 -148 0
97 -150 -149 0
97 -152 -147 0
97 -154 -145 0
-156 97 -143 0
95 -157 -140 0
95 -155 -142 0
95 -153 -144 0
95 -151 -146 0
95 -148 -149 0
95 -150 -147 0
95 -152 -145 0
-154 95 -143 0
95 -156 -141 0
93 -157 -138 0
93 -155 -140 0
93 -153 -142 0
93 -151 -144 0
93 -146 -149 0
93 -148 -147 0
93 -150 -145 0
-152 93 -143 0
-155 91 -138 0
-153 91 -140 0
-151 91 -142 0
-144 -149 91 0
-146 -147 91 0
-148 -145 91 0
-150 91 -143 0
91 -152 -141 0
-151 89 -140 0
-149 89 -142 0
-144 -147 89 0
-146 -145 89 0
-148 89 -143 0
-150 89 -141 0
-149 87 -140 0
-147 87 -142 0
-144 -145 87 0
-146 87 -143 0
-148 87 -141 0
-147 85 -140 0
-145 85 -142 0
-144 85 -143 0
-145 83 -140 0
83 -142 -143 0
-113 -114 0
-107 -108 0
-105 -106 0
-103 -104 0
-101 -102 0
-99 -100 0
-97 -98 0
-96 -95 0
-94 -93 0
-92 -91 0
-90 -89 0
-88 -87 0
-86 -85 0
-84 -83 0
55 65 54 0
53 54 64 0
53 52 63 0
62 52 51 0
61 50 51 0
60 50 49 0
48 49 59 0
58 48 47 0
47 57 46 0
45 43 64 0
42 44 63 0
62 43 41 0
61 42 40 0
60 39 41 0
59 38 40 0
37 58 39 0
45 54 44 0
53 44 43 0
52 42 43 0
51 42 41 0
50 40 41 0
49 40 39 0
38 48 39 0
37 38 47 0
36 63 33 0
35 62 32 0
61 34 31 0
60 30 33 0
59 29 32 0
53 36 34 0
35 52 33 0
51 34 32 0
50 33 31 0
30 49 32 0
48 29 31 0
35 36 44 0
43 35 34 0
42 34 33 0
41 33 32 0
40 32 31 0
30 39 31 0
38 30 29 0
62 28 24 0
27 61 23 0
60 22 26 0
28 52 25 0
27 51 24 0
50 23 26 0
49 22 25 0
43 28 26 0
27 42 25 0
41 24 26 0
40 23 25 0
39 22 24 0
27 35 28 0
27 26 34 0
33 25 26 0
25 24 32 0
24 23 31 0
30 22 23 0
16 61 21 0
17 51 21 0
16 50 20 0
18 42 21 0
17 20 41 0
16 40 19 0
19 21 34 0
33 18 20 0
17 19 32 0
16 18 31 0
27 21 20 0
20 19 26 0
18 19 25 0
18 17 24 0
16 17 23 0
41 15 11 0
15 33 12 0
32 11 14 0
15 26 13 0
25 12 14 0
24 13 11 0
20 15 14 0
19 13 14 0
18 12 13 0
17 12 11 0
10 7 25 0
19 10 8 0
18 9 7 0
9 10 14 0
9 8 13 0
7 8 12 0
13 4 6 0
9 6 5 0
5 4 8 0
2 5 3 0
55 65 66 0
54 65 64 0
53 63 64 0
62 52 63 0
61 62 51 0
60 61 50 0
59 60 49 0
59 48 58 0
57 58 47 0
56 57 46 0
45 66 64 0
44 65 63 0
62 43 64 0
61 42 63 0
60 62 41 0
61 59 40 0
60 58 39 0
38 59 57 0
37 56 58 0
55 45 54 0
53 54 44 0
53 52 43 0
52 51 42 0
51 50 41 0
50 49 40 0
48 49 39 0
38 48 47 0
37 47 46 0
36 66 63 0
35 62 65 0
34 61 64 0
60 63 33 0
59 62 32 0
61 58 31 0
60 30 57 0
56 59 29 0
53 55 36 0
35 54 52 0
53 51 34 0
52 50 33 0
51 49 32 0
48 50 31 0
30 49 47 0
48 46 29 0
45 36 44 0
43 35 44 0
42 43 34 0
42 41 33 0
40 41 32 0
39 40 31 0
38 30 39 0
38 37 29 0
62 28 66 0
27 61 65 0
60 64 26 0
59 63 25 0
62 58 24 0
61 57 23 0
56 60 22 0
55 52 28 0
27 54 51 0
53 50 26 0
52 49 25 0
48 51 24 0
50 47 23 0
49 46 22 0
43 45 28 0
27 42 44 0
43 41 26 0
42 40 25 0
39 41 24 0
38 40 23 0
37 39 22 0
36 35 28 0
27 35 34 0
26 34 33 0
25 33 32 0
24 32 31 0
30 23 31 0
30 29 22 0
61 66 21 0
60 65 20 0
59 19 64 0
18 58 63 0
17 62 57 0
16 56 61 0
55 51 21 0
54 50 20 0
53 49 19 0
18 48 52 0
17 51 47 0
16 50 46 0
45 42 21 0
44 20 41 0
40 43 19 0
18 42 39 0
17 38 41 0
16 37 40 0
36 21 34 0
35 20 33 0
19 34 32 0
18 33 31 0
17 30 32 0
16 29 31 0
27 28 21 0
27 20 26 0
19 25 26 0
18 25 24 0
17 23 24 0
16 22 23 0
60 66 15 0
59 65 14 0
58 64 13 0
57 63 12 0
56 62 11 0
55 50 15 0
54 49 14 0
53 48 13 0
52 47 12 0
51 46 11 0
45 41 15 0
40 44 14 0
43 39 13 0
38 42 12 0
37 41 11 0
36 15 33 0
35 32 14 0
34 31 13 0
30 33 12 0
29 32 11 0
28 15 26 0
27 25 14 0
24 26 13 0
23 25 12 0
22 24 11 0
21 20 15 0
20 19 14 0
18 19 13 0
18 17 12 0
16 17 11 0
59 10 66 0
58 65 9 0
57 8 64 0
56 7 63 0
55 49 10 0
48 54 9 0
53 47 8 0
52 46 7 0
45 40 10 0
39 44 9 0
38 43 8 0
37 42 7 0
36 10 32 0
35 9 31 0
30 8 34 0
29 7 33 0
28 10 25 0
27 9 24 0
8 23 26 0
7 22 25 0
19 10 21 0
18 9 20 0
17 19 8 0
16 18 7 0
10 15 14 0
9 14 13 0
8 12 13 0
7 12 11 0
58 66 6 0
57 65 5 0
56 4 64 0
55 48 6 0
54 47 5 0
53 46 4 0
45 39 6 0
38 44 5 0
43 37 4 0
36 6 31 0
30 35 5 0
29 4 34 0
28 6 24 0
27 5 23 0
4 22 26 0
18 6 21 0
17 5 20 0
16 19 4 0
6 15 13 0
5 12 14 0
4 13 11 0
6 9 10 0
9 8 5 0
4 7 8 0
57 66 3 0
56 65 2 0
55 47 3 0
54 46 2 0
38 45 3 0
37 44 2 0
30 36 3 0
35 29 2 0
28 23 3 0
27 2 22 0
17 21 3 0
16 2 20 0
15 3 12 0
2 11 14 0
10 8 3 0
2 9 7 0
6 5 3 0
2 4 5 0
56 66 1 0
55 46 1 0
37 45 1 0
36 29 1 0
28 22 1 0
16 21 1 0
15 1 11 0
10 7 1 0
4 6 1 0
2 1 3 0
