p cnf 851 2285
-63 851 -62 0
-851 63 0
-851 62 0
62 -849 63 0
-63 849 0
-62 849 0
-61 -60 850 0
-850 61 0
-850 60 0
61 -848 60 0
-61 848 0
-60 848 0
-851 -850 839 0
-839 851 0
-839 850 0
851 -846 850 0
-851 846 0
-850 846 0
-849 847 -848 0
-847 849 0
-847 848 0
849 -831 848 0
-849 831 0
-848 831 0
-846 -847 833 0
-833 847 0
-833 846 0
846 -837 847 0
-847 837 0
-846 837 0
-58 845 -59 0
-845 59 0
-845 58 0
58 59 -843 0
843 -59 0
-58 843 0
-56 -57 844 0
-844 57 0
56 -844 0
56 57 -842 0
842 -57 0
-56 842 0
-845 -844 838 0
-838 845 0
-838 844 0
-840 844 845 0
-845 840 0
-844 840 0
-842 -843 841 0
-841 843 0
842 -841 0
842 -830 843 0
830 -843 0
830 -842 0
-840 -841 832 0
-832 841 0
840 -832 0
840 -836 841 0
-841 836 0
-840 836 0
-791 839 0
-791 838 0
-834 839 838 0
-839 834 0
-838 834 0
-837 -836 835 0
-835 837 0
-835 836 0
-822 837 836 0
-837 822 0
822 -836 0
-834 -835 826 0
-826 835 0
-826 834 0
-824 834 835 0
-835 824 0
-834 824 0
-833 -832 827 0
-827 833 0
-827 832 0
-828 833 832 0
-833 828 0
-832 828 0
-830 -831 829 0
-829 831 0
-829 830 0
830 -765 831 0
765 -831 0
765 -830 0
-829 -828 825 0
-825 829 0
-825 828 0
828 -823 829 0
-829 823 0
-828 823 0
-826 -827 773 0
-773 827 0
-773 826 0
-785 826 827 0
-827 785 0
-826 785 0
-824 -825 767 0
-767 825 0
824 -767 0
-789 824 825 0
-825 789 0
-824 789 0
771 -823 -822 0
-771 823 0
822 -771 0
822 -783 823 0
-823 783 0
783 -822 0
-54 821 -55 0
-821 55 0
-821 54 0
-819 55 54 0
-55 819 0
-54 819 0
-53 -52 820 0
-820 53 0
-820 52 0
-818 52 53 0
-53 818 0
-52 818 0
-820 -821 809 0
-809 821 0
-809 820 0
-816 820 821 0
-821 816 0
-820 816 0
-818 817 -819 0
819 -817 0
-817 818 0
819 -801 818 0
-819 801 0
-818 801 0
-816 -817 803 0
-803 817 0
-803 816 0
-807 816 817 0
-817 807 0
-816 807 0
-51 815 -50 0
-815 51 0
-815 50 0
50 -813 51 0
-51 813 0
813 -50 0
-49 814 -48 0
-814 49 0
48 -814 0
48 -812 49 0
-49 812 0
812 -48 0
-814 -815 808 0
-808 815 0
-808 814 0
-810 814 815 0
-815 810 0
-814 810 0
811 -812 -813 0
-811 813 0
-811 812 0
812 -800 813 0
800 -813 0
-812 800 0
-810 -811 802 0
-802 811 0
-802 810 0
810 811 -806 0
806 -811 0
806 -810 0
-808 -809 790 0
-790 809 0
-790 808 0
-804 809 808 0
-809 804 0
-808 804 0
-807 -806 805 0
-805 807 0
-805 806 0
-792 806 807 0
-807 792 0
792 -806 0
-804 -805 796 0
-796 805 0
-796 804 0
-794 804 805 0
-805 794 0
-804 794 0
-803 -802 797 0
-797 803 0
-797 802 0
-798 803 802 0
-803 798 0
-802 798 0
-801 799 -800 0
-799 801 0
-799 800 0
800 -764 801 0
764 -801 0
764 -800 0
-798 -799 795 0
-795 799 0
798 -795 0
798 -793 799 0
-799 793 0
-798 793 0
-796 -797 772 0
-772 797 0
-772 796 0
-784 796 797 0
-797 784 0
-796 784 0
-795 -794 766 0
-766 795 0
794 -766 0
-788 794 795 0
-795 788 0
-794 788 0
770 -793 -792 0
-770 793 0
-770 792 0
792 -782 793 0
-793 782 0
782 -792 0
-631 791 0
-631 790 0
790 -786 791 0
786 -791 0
786 -790 0
-788 787 -789 0
-787 789 0
-787 788 0
-774 789 788 0
-789 774 0
-788 774 0
-786 -787 778 0
-778 787 0
-778 786 0
786 -776 787 0
-787 776 0
-786 776 0
-785 -784 779 0
-779 785 0
-779 784 0
-780 784 785 0
-785 780 0
-784 780 0
-783 -782 781 0
-781 783 0
-781 782 0
742 -783 0
742 -782 0
-780 -781 777 0
-777 781 0
-777 780 0
-775 780 781 0
-781 775 0
-780 775 0
-778 -779 754 0
-754 779 0
-754 778 0
-752 778 779 0
-779 752 0
-778 752 0
750 -777 -776 0
-750 777 0
-750 776 0
776 -748 777 0
-777 748 0
-776 748 0
-774 746 -775 0
-746 775 0
-746 774 0
775 -744 774 0
-775 744 0
-774 744 0
-755 773 0
-755 772 0
-768 773 772 0
-773 768 0
-772 768 0
-770 -771 769 0
-769 771 0
-769 770 0
-756 770 771 0
756 -771 0
-770 756 0
-769 -768 760 0
-760 769 0
-760 768 0
-758 768 769 0
-769 758 0
-768 758 0
-767 -766 761 0
-761 767 0
-761 766 0
-762 767 766 0
762 -767 0
-766 762 0
763 -765 -764 0
765 -763 0
-763 764 0
555 -765 0
555 -764 0
-762 -763 759 0
-759 763 0
-759 762 0
763 -757 762 0
757 -763 0
-762 757 0
-760 -761 753 0
-753 761 0
-753 760 0
-751 761 760 0
-761 751 0
-760 751 0
-759 -758 749 0
-749 759 0
758 -749 0
-747 758 759 0
-759 747 0
-758 747 0
-756 -757 745 0
757 -745 0
-745 756 0
757 -743 756 0
743 -757 0
743 -756 0
-581 755 0
-581 754 0
-613 754 755 0
-755 613 0
-754 613 0
-752 -753 563 0
-563 753 0
-563 752 0
-625 752 753 0
-753 625 0
-752 625 0
-750 -751 575 0
-575 751 0
-575 750 0
-607 751 750 0
-751 607 0
-750 607 0
-748 -749 557 0
-557 749 0
-557 748 0
748 749 -629 0
-749 629 0
-748 629 0
-746 -747 579 0
-579 747 0
-579 746 0
-611 747 746 0
-747 611 0
-746 611 0
-744 -745 561 0
-561 745 0
744 -561 0
744 -623 745 0
-745 623 0
-744 623 0
573 -743 -742 0
743 -573 0
605 -742 0
-46 -47 741 0
-741 47 0
-741 46 0
47 -739 46 0
-47 739 0
-46 739 0
-44 -45 740 0
-740 45 0
-740 44 0
-738 44 45 0
-45 738 0
-44 738 0
-740 -741 729 0
-729 741 0
-729 740 0
741 -736 740 0
-741 736 0
-740 736 0
-739 -738 737 0
-737 739 0
-737 738 0
739 -721 738 0
-739 721 0
-738 721 0
-736 -737 723 0
-723 737 0
736 -723 0
736 -727 737 0
-737 727 0
-736 727 0
-42 -43 735 0
-735 43 0
-735 42 0
-733 43 42 0
733 -43 0
-42 733 0
-40 -41 734 0
-734 41 0
-734 40 0
-732 40 41 0
-41 732 0
-40 732 0
-735 -734 728 0
-728 735 0
-728 734 0
-730 735 734 0
-735 730 0
-734 730 0
-733 -732 731 0
-731 733 0
-731 732 0
-720 733 732 0
720 -733 0
720 -732 0
-730 -731 722 0
-722 731 0
-722 730 0
-726 730 731 0
-731 726 0
-730 726 0
-728 -729 681 0
-681 729 0
-681 728 0
-724 729 728 0
-729 724 0
-728 724 0
-726 -727 725 0
-725 727 0
-725 726 0
727 -712 726 0
712 -727 0
-726 712 0
-724 -725 716 0
-716 725 0
-716 724 0
-714 725 724 0
-725 714 0
-724 714 0
-723 -722 717 0
-717 723 0
-717 722 0
-718 723 722 0
-723 718 0
-722 718 0
-721 719 -720 0
721 -719 0
720 -719 0
720 -655 721 0
655 -721 0
655 -720 0
-718 715 -719 0
-715 719 0
-715 718 0
718 719 -713 0
713 -719 0
-718 713 0
-716 -717 663 0
-663 717 0
-663 716 0
-675 716 717 0
-717 675 0
-716 675 0
-714 -715 657 0
-657 715 0
714 -657 0
-679 714 715 0
-715 679 0
-714 679 0
661 -712 -713 0
-661 713 0
-661 712 0
713 712 -673 0
673 -713 0
673 -712 0
-38 -39 711 0
-711 39 0
-711 38 0
38 39 -709 0
-39 709 0
709 -38 0
-37 -36 710 0
-710 37 0
-710 36 0
-708 37 36 0
-37 708 0
708 -36 0
-710 -711 699 0
-699 711 0
-699 710 0
-706 711 710 0
-711 706 0
-710 706 0
-709 -708 707 0
709 -707 0
-707 708 0
709 708 -691 0
691 -709 0
691 -708 0
-706 -707 693 0
-693 707 0
-693 706 0
-697 706 707 0
-707 697 0
-706 697 0
-34 -35 705 0
-705 35 0
-705 34 0
-703 34 35 0
-35 703 0
-34 703 0
-33 704 -32 0
-704 33 0
-704 32 0
-702 32 33 0
-33 702 0
702 -32 0
-704 -705 698 0
-698 705 0
-698 704 0
-700 704 705 0
-705 700 0
-704 700 0
701 -702 -703 0
703 -701 0
-701 702 0
703 -690 702 0
690 -703 0
-702 690 0
-700 692 -701 0
701 -692 0
-692 700 0
701 -696 700 0
696 -701 0
-700 696 0
-698 -699 680 0
-680 699 0
-680 698 0
-694 698 699 0
694 -699 0
694 -698 0
695 -697 -696 0
-695 697 0
696 -695 0
696 -682 697 0
682 -697 0
682 -696 0
-694 -695 686 0
-686 695 0
-686 694 0
-684 694 695 0
684 -695 0
-694 684 0
-692 -693 687 0
-687 693 0
-687 692 0
-688 692 693 0
-693 688 0
-692 688 0
689 -690 -691 0
-689 691 0
-689 690 0
691 690 -654 0
654 -691 0
654 -690 0
-688 -689 685 0
-685 689 0
-685 688 0
688 -683 689 0
-689 683 0
-688 683 0
-686 -687 662 0
-662 687 0
-662 686 0
-674 686 687 0
-687 674 0
-686 674 0
-685 -684 656 0
-656 685 0
-656 684 0
-678 685 684 0
678 -685 0
678 -684 0
660 -683 -682 0
-660 683 0
682 -660 0
682 -672 683 0
-683 672 0
672 -682 0
-630 681 0
-630 680 0
-676 681 680 0
676 -681 0
676 -680 0
-679 677 -678 0
-677 679 0
678 -677 0
678 -664 679 0
-679 664 0
664 -678 0
-676 -677 668 0
-668 677 0
-668 676 0
-666 677 676 0
-677 666 0
-676 666 0
-674 -675 669 0
-669 675 0
-669 674 0
-670 675 674 0
670 -675 0
670 -674 0
671 -673 -672 0
-671 673 0
-671 672 0
632 -673 0
632 -672 0
-670 -671 667 0
-667 671 0
-667 670 0
-665 671 670 0
-671 665 0
-670 665 0
-668 -669 644 0
-644 669 0
-644 668 0
-642 668 669 0
-669 642 0
-668 642 0
640 -667 -666 0
-640 667 0
-640 666 0
667 666 -638 0
-667 638 0
-666 638 0
636 -665 -664 0
-636 665 0
-636 664 0
-634 664 665 0
634 -665 0
634 -664 0
-662 -663 645 0
-645 663 0
-645 662 0
-658 663 662 0
-663 658 0
-662 658 0
-661 -660 659 0
-659 661 0
-659 660 0
-646 661 660 0
-661 646 0
-660 646 0
-658 -659 650 0
-650 659 0
-650 658 0
-648 659 658 0
648 -659 0
648 -658 0
-656 -657 651 0
-651 657 0
-651 656 0
-652 657 656 0
-657 652 0
-656 652 0
653 -655 -654 0
-653 655 0
654 -653 0
554 -655 0
554 -654 0
-652 -653 649 0
-649 653 0
-649 652 0
653 -647 652 0
-653 647 0
-652 647 0
-650 -651 643 0
-643 651 0
-643 650 0
-641 650 651 0
-651 641 0
-650 641 0
-648 -649 639 0
-639 649 0
648 -639 0
648 -637 649 0
-649 637 0
-648 637 0
635 -646 -647 0
647 -635 0
-635 646 0
-647 633 0
-646 633 0
-580 645 0
-580 644 0
-612 644 645 0
-645 612 0
-644 612 0
-642 -643 562 0
-562 643 0
-562 642 0
-624 643 642 0
-643 624 0
-642 624 0
-640 -641 574 0
-574 641 0
-574 640 0
-606 640 641 0
-641 606 0
-640 606 0
556 -639 -638 0
-556 639 0
-556 638 0
-628 638 639 0
-639 628 0
628 -638 0
-636 -637 578 0
637 -578 0
636 -578 0
636 637 -610 0
-637 610 0
-636 610 0
-635 -634 560 0
-560 635 0
634 -560 0
634 635 -622 0
-635 622 0
622 -634 0
572 -633 -632 0
-572 632 0
-633 604 0
604 -632 0
-169 630 0
-626 631 630 0
-630 626 0
627 -628 -629 0
-627 629 0
-627 628 0
628 629 -614 0
614 -629 0
614 -628 0
-616 627 626 0
-627 616 0
-626 616 0
619 -624 -625 0
-620 625 624 0
-625 620 0
-624 620 0
-623 621 -622 0
-621 623 0
622 623 -582 0
582 -623 0
582 -622 0
-620 -621 617 0
-617 620 0
-615 620 621 0
-621 615 0
-620 615 0
592 -619 0
590 -616 -617 0
-588 616 617 0
-617 588 0
-616 588 0
-615 586 -614 0
-586 615 0
-586 614 0
584 -615 0
584 -614 0
-608 613 612 0
-613 608 0
-612 608 0
-611 609 -610 0
-609 611 0
610 -609 0
-596 610 611 0
596 -611 0
596 -610 0
-609 -608 600 0
-600 609 0
-600 608 0
-598 609 608 0
-609 598 0
-608 598 0
-606 -607 601 0
-601 607 0
-601 606 0
-602 606 607 0
602 -607 0
602 -606 0
603 -605 -604 0
504 -604 0
-602 -603 599 0
602 -599 0
597 -603 0
-602 597 0
-593 601 0
-593 600 0
-591 601 600 0
-601 591 0
-600 591 0
-599 589 -598 0
-589 599 0
598 -589 0
598 -587 599 0
-599 587 0
-598 587 0
585 -597 -596 0
596 -585 0
583 -597 0
-528 593 0
526 -593 0
-592 526 0
-591 522 0
-590 522 0
-588 -589 520 0
-520 589 0
-520 588 0
-518 588 589 0
-589 518 0
-588 518 0
-586 -587 516 0
587 -516 0
-516 586 0
587 -514 586 0
-587 514 0
-586 514 0
-585 512 -584 0
585 -512 0
510 -585 0
510 -584 0
508 -583 -582 0
582 583 -506 0
506 -583 0
506 -582 0
-576 581 580 0
-578 -579 577 0
-577 579 0
-577 578 0
578 -564 579 0
-579 564 0
-578 564 0
-566 576 577 0
-577 566 0
569 -574 -575 0
-570 574 575 0
570 -575 0
570 -574 0
-572 571 -573 0
-571 572 0
532 -573 0
-570 567 -571 0
570 -567 0
570 -565 571 0
565 -571 0
542 -569 0
540 -566 -567 0
-540 567 0
-540 566 0
-538 567 566 0
538 -567 0
538 -566 0
536 -564 -565 0
-534 564 565 0
534 -565 0
534 -564 0
-558 563 562 0
-563 558 0
-562 558 0
-561 -560 559 0
-559 561 0
-559 560 0
-546 560 561 0
546 -561 0
546 -560 0
-558 -559 550 0
-550 559 0
-550 558 0
-548 558 559 0
548 -559 0
548 -558 0
-556 -557 551 0
-551 557 0
-551 556 0
556 -552 557 0
-557 552 0
-556 552 0
553 -555 -554 0
72 -555 0
549 -553 -552 0
-549 553 0
552 -549 0
547 -553 0
-541 551 550 0
-551 541 0
-550 541 0
-548 -549 539 0
-539 549 0
-539 548 0
-537 549 548 0
-549 537 0
-548 537 0
-546 535 -547 0
546 -535 0
533 -547 0
-542 525 0
-540 -541 523 0
-521 541 540 0
-541 521 0
-540 521 0
-538 -539 519 0
-519 539 0
538 -519 0
538 -517 539 0
-539 517 0
-538 517 0
-536 -537 515 0
-537 513 0
-536 513 0
-534 -535 511 0
535 -511 0
534 535 -509 0
-534 509 0
507 -533 -532 0
505 -533 0
-110 528 0
166 -526 0
140 -525 0
-523 152 0
-522 152 0
-520 -521 104 0
521 -104 0
-104 520 0
-128 521 520 0
128 -521 0
128 -520 0
74 -519 -518 0
-168 518 519 0
-519 168 0
-518 168 0
-516 120 -517 0
-120 517 0
-120 516 0
142 -517 0
142 -516 0
92 -515 -514 0
156 -515 0
156 -514 0
-513 -512 108 0
-108 512 0
132 -513 0
132 -512 0
78 -511 -510 0
164 -511 0
164 -510 0
116 -509 -508 0
138 -509 0
-507 150 0
150 -506 0
102 -505 -504 0
505 -102 0
126 -505 0
-30 -31 503 0
-503 31 0
-503 30 0
-501 30 31 0
-31 501 0
-30 501 0
-28 -29 502 0
-502 29 0
-502 28 0
-500 29 28 0
-29 500 0
-28 500 0
-502 -503 491 0
-491 503 0
-491 502 0
-498 503 502 0
-503 498 0
-502 498 0
-500 -501 499 0
-499 501 0
-499 500 0
501 -483 500 0
-501 483 0
-500 483 0
-498 -499 485 0
-485 499 0
498 -485 0
-489 498 499 0
-499 489 0
-498 489 0
-27 497 -26 0
-497 27 0
-497 26 0
-495 26 27 0
-27 495 0
-26 495 0
-25 -24 496 0
-496 25 0
-496 24 0
25 24 -494 0
-25 494 0
-24 494 0
-496 -497 490 0
-490 497 0
-490 496 0
-492 497 496 0
-497 492 0
-496 492 0
-495 -494 493 0
-493 495 0
-493 494 0
-482 494 495 0
-495 482 0
482 -494 0
-492 -493 484 0
-484 493 0
492 -484 0
-488 492 493 0
-493 488 0
-492 488 0
-490 -491 443 0
-443 491 0
-443 490 0
-486 490 491 0
-491 486 0
-490 486 0
-489 -488 487 0
-487 489 0
-487 488 0
-474 488 489 0
-489 474 0
-488 474 0
-486 -487 478 0
-478 487 0
-478 486 0
-476 486 487 0
-487 476 0
-486 476 0
-484 -485 479 0
-479 485 0
-479 484 0
-480 484 485 0
-485 480 0
-484 480 0
481 -483 -482 0
-481 483 0
482 -481 0
482 -417 483 0
417 -483 0
417 -482 0
-480 477 -481 0
-477 481 0
-477 480 0
480 -475 481 0
475 -481 0
-480 475 0
-478 -479 425 0
-425 479 0
-425 478 0
-437 479 478 0
-479 437 0
-478 437 0
-476 -477 419 0
-419 477 0
-419 476 0
-441 476 477 0
-477 441 0
-476 441 0
-474 -475 423 0
-423 475 0
474 -423 0
474 475 -435 0
435 -475 0
435 -474 0
-22 473 -23 0
-473 23 0
22 -473 0
-471 22 23 0
-23 471 0
-22 471 0
-20 -21 472 0
-472 21 0
-472 20 0
21 -470 20 0
-21 470 0
-20 470 0
-472 461 -473 0
-461 473 0
-461 472 0
-468 473 472 0
-473 468 0
-472 468 0
-471 -470 469 0
-469 471 0
-469 470 0
-453 471 470 0
-471 453 0
-470 453 0
455 -469 -468 0
-455 469 0
-455 468 0
-459 468 469 0
-469 459 0
-468 459 0
-18 -19 467 0
-467 19 0
-467 18 0
18 -465 19 0
-19 465 0
-18 465 0
-17 -16 466 0
-466 17 0
-466 16 0
-464 17 16 0
-17 464 0
-16 464 0
-466 -467 460 0
-460 467 0
-460 466 0
-462 467 466 0
-467 462 0
-466 462 0
-464 -465 463 0
465 -463 0
-463 464 0
465 -452 464 0
-465 452 0
-464 452 0
-462 -463 454 0
-454 463 0
-454 462 0
-458 462 463 0
-463 458 0
-462 458 0
-460 -461 442 0
-442 461 0
-442 460 0
-456 460 461 0
-461 456 0
-460 456 0
457 -458 -459 0
-457 459 0
-457 458 0
-444 459 458 0
-459 444 0
-458 444 0
-456 -457 448 0
-448 457 0
-448 456 0
-446 456 457 0
446 -457 0
446 -456 0
-454 -455 449 0
-449 455 0
-449 454 0
-450 454 455 0
450 -455 0
-454 450 0
451 -452 -453 0
-451 453 0
-451 452 0
453 -416 452 0
-453 416 0
-452 416 0
-450 -451 447 0
-447 451 0
-447 450 0
-445 450 451 0
445 -451 0
445 -450 0
-448 -449 424 0
-424 449 0
-424 448 0
-436 448 449 0
436 -449 0
-448 436 0
-447 -446 418 0
-418 447 0
-418 446 0
-440 446 447 0
440 -447 0
440 -446 0
-444 -445 422 0
-422 445 0
-422 444 0
-434 444 445 0
434 -445 0
434 -444 0
-294 443 0
-294 442 0
-438 443 442 0
-443 438 0
-442 438 0
-441 -440 439 0
-439 441 0
-439 440 0
-426 441 440 0
-441 426 0
426 -440 0
-438 -439 430 0
-430 439 0
-430 438 0
-428 438 439 0
-439 428 0
-438 428 0
-436 -437 431 0
-431 437 0
-431 436 0
-432 437 436 0
432 -437 0
432 -436 0
433 -434 -435 0
-433 435 0
-433 434 0
394 -435 0
394 -434 0
-432 -433 429 0
-429 433 0
432 -429 0
-427 432 433 0
427 -433 0
-432 427 0
-406 431 0
-406 430 0
-404 430 431 0
404 -431 0
404 -430 0
-428 -429 402 0
-402 429 0
-402 428 0
-400 428 429 0
-429 400 0
-428 400 0
398 -427 -426 0
-398 427 0
-398 426 0
-396 426 427 0
396 -427 0
396 -426 0
-424 -425 407 0
-407 425 0
-407 424 0
-420 425 424 0
-425 420 0
-424 420 0
-423 421 -422 0
-421 423 0
-421 422 0
423 -408 422 0
-423 408 0
-422 408 0
-420 -421 412 0
-412 421 0
-412 420 0
-410 420 421 0
410 -421 0
410 -420 0
-418 -419 413 0
-413 419 0
-413 418 0
-414 419 418 0
-419 414 0
-418 414 0
-416 -417 415 0
417 -415 0
-415 416 0
221 -417 0
221 -416 0
-414 -415 411 0
-411 415 0
414 -411 0
414 -409 415 0
-415 409 0
-414 409 0
-412 -413 405 0
-405 413 0
-405 412 0
-403 412 413 0
-413 403 0
-412 403 0
-410 -411 401 0
-401 411 0
410 -401 0
-399 410 411 0
-411 399 0
-410 399 0
397 -409 -408 0
409 -397 0
-397 408 0
-409 395 0
-408 395 0
-247 407 0
-247 406 0
-279 406 407 0
279 -407 0
279 -406 0
-404 -405 229 0
-229 405 0
-229 404 0
-291 404 405 0
-405 291 0
-404 291 0
-402 -403 241 0
-241 403 0
-241 402 0
-273 402 403 0
-403 273 0
-402 273 0
-400 -401 223 0
-223 401 0
-223 400 0
-293 400 401 0
-401 293 0
-400 293 0
-398 -399 245 0
-245 399 0
398 -245 0
-277 398 399 0
-399 277 0
-398 277 0
-397 227 -396 0
-227 397 0
-227 396 0
-289 396 397 0
289 -397 0
289 -396 0
239 -395 -394 0
271 -395 0
271 -394 0
-15 393 -14 0
-393 15 0
-393 14 0
15 -391 14 0
-15 391 0
-14 391 0
392 -13 -12 0
-392 13 0
-392 12 0
13 -390 12 0
-13 390 0
-12 390 0
-392 -393 381 0
-381 393 0
-381 392 0
-388 392 393 0
-393 388 0
-392 388 0
-391 389 -390 0
-389 391 0
-389 390 0
390 -373 391 0
-391 373 0
-390 373 0
375 -389 -388 0
-375 389 0
388 -375 0
-379 388 389 0
-389 379 0
-388 379 0
-10 -11 387 0
-387 11 0
-387 10 0
-385 10 11 0
-11 385 0
-10 385 0
-8 -9 386 0
-386 9 0
8 -386 0
-384 8 9 0
-9 384 0
-8 384 0
-387 -386 380 0
-380 387 0
-380 386 0
-382 386 387 0
-387 382 0
-386 382 0
383 -385 -384 0
-383 385 0
384 -383 0
384 -372 385 0
-385 372 0
-384 372 0
374 -383 -382 0
-374 383 0
382 -374 0
-378 382 383 0
-383 378 0
-382 378 0
-380 -381 341 0
-341 381 0
-341 380 0
-376 380 381 0
-381 376 0
-380 376 0
-378 -379 377 0
-377 379 0
-377 378 0
-364 378 379 0
-379 364 0
-378 364 0
368 -377 -376 0
-368 377 0
-368 376 0
-366 377 376 0
-377 366 0
-376 366 0
-374 -375 369 0
-369 375 0
-369 374 0
-370 374 375 0
-375 370 0
-374 370 0
-372 371 -373 0
-371 373 0
-371 372 0
373 -318 372 0
-373 318 0
-372 318 0
-370 -371 367 0
-367 371 0
370 -367 0
-365 370 371 0
-371 365 0
-370 365 0
-369 -368 326 0
-326 369 0
-326 368 0
-338 368 369 0
-369 338 0
338 -368 0
320 -367 -366 0
-320 367 0
-320 366 0
-340 366 367 0
-367 340 0
-366 340 0
324 -365 -364 0
-324 365 0
364 -324 0
-336 364 365 0
-365 336 0
-364 336 0
-7 363 -6 0
-363 7 0
6 -363 0
6 -361 7 0
-7 361 0
361 -6 0
-5 -4 362 0
-362 5 0
-362 4 0
-360 5 4 0
360 -5 0
360 -4 0
-363 -362 356 0
363 -356 0
-356 362 0
-358 363 362 0
-363 358 0
-362 358 0
-360 359 -361 0
361 -359 0
360 -359 0
360 361 -351 0
-361 351 0
-360 351 0
-359 -358 353 0
359 -353 0
358 -353 0
-355 359 358 0
-359 355 0
355 -358 0
-354 3 0
2 -354 0
-354 1 0
-1 354 -3 -2 0
3 1 -357 0
2 -357 3 0
2 1 -357 0
-1 -3 357 0
-3 357 -2 0
-1 357 -2 0
2 -352 3 1 0
-3 352 0
-2 352 0
-1 352 0
-347 357 0
-347 356 0
347 -356 -357 -355 0
-345 356 357 0
-345 355 356 0
-355 345 -357 0
-355 -356 345 0
355 357 -343 356 0
343 -357 0
-355 343 0
-353 -354 348 0
-348 354 0
353 -348 0
-349 353 354 0
349 -354 0
-353 349 0
350 -352 -351 0
-350 352 0
351 -350 0
351 -319 352 0
-352 319 0
-351 319 0
-350 -349 346 0
-346 350 0
-346 349 0
350 -344 349 0
-350 344 0
344 -349 0
-327 348 0
347 -327 0
-339 348 347 0
339 -348 0
-347 339 0
-346 321 -345 0
-321 346 0
-321 345 0
345 -342 346 0
-346 342 0
-345 342 0
-344 325 -343 0
344 -325 0
-325 343 0
344 -337 343 0
-344 337 0
337 -343 0
-332 342 0
-332 341 0
-330 342 341 0
-330 340 341 0
-342 -340 330 0
-340 -341 330 0
342 -328 340 341 0
-342 328 0
-340 328 0
-338 -339 333 0
-333 339 0
-333 338 0
-334 339 338 0
334 -339 0
334 -338 0
-336 -337 335 0
-335 337 0
-335 336 0
-296 337 336 0
296 -337 0
296 -336 0
-335 331 -334 0
-331 335 0
334 -331 0
334 -329 335 0
-335 329 0
329 -334 0
-308 333 0
-308 332 0
-306 333 332 0
306 -333 0
306 -332 0
-331 -330 304 0
-304 331 0
-304 330 0
-302 331 330 0
302 -331 0
302 -330 0
-329 -328 300 0
-300 329 0
-300 328 0
-298 329 328 0
298 -329 0
298 -328 0
-309 327 0
-309 326 0
-322 327 326 0
-327 322 0
322 -326 0
-325 -324 323 0
-323 325 0
-323 324 0
-310 325 324 0
310 -325 0
310 -324 0
314 -323 -322 0
-314 323 0
-314 322 0
-312 322 323 0
312 -323 0
312 -322 0
-320 -321 315 0
-315 321 0
-315 320 0
-316 321 320 0
316 -321 0
316 -320 0
-319 -318 317 0
319 -317 0
-317 318 0
-319 222 0
-318 222 0
-316 -317 313 0
-313 317 0
-313 316 0
-311 316 317 0
311 -317 0
311 -316 0
-314 -315 307 0
-307 315 0
-307 314 0
-305 314 315 0
-315 305 0
-314 305 0
-313 303 -312 0
-303 313 0
312 -303 0
312 -301 313 0
-313 301 0
301 -312 0
299 -311 -310 0
311 -299 0
310 -299 0
310 311 -297 0
-311 297 0
297 -310 0
-248 309 0
-248 308 0
-280 308 309 0
280 -309 0
-306 -307 230 0
-230 307 0
306 -230 0
-292 306 307 0
-307 292 0
-306 292 0
-304 -305 242 0
-242 305 0
-242 304 0
-274 304 305 0
-305 274 0
-304 274 0
-303 224 -302 0
-224 303 0
302 -224 0
-295 302 303 0
-303 295 0
295 -302 0
246 -300 -301 0
301 -246 0
-246 300 0
-278 301 300 0
278 -301 0
278 -300 0
228 -299 -298 0
299 -228 0
298 -228 0
298 299 -290 0
-299 290 0
290 -298 0
240 -297 -296 0
297 -240 0
296 -240 0
272 -296 0
-285 295 0
-285 294 0
-283 294 295 0
-283 293 294 0
-293 283 -295 0
-281 293 295 294 0
281 -295 0
-293 281 0
-286 292 0
-286 291 0
-287 291 292 0
287 -292 0
287 -291 0
288 -290 -289 0
290 -288 0
289 -288 0
249 -290 0
249 -289 0
-287 -288 284 0
287 -284 0
287 288 -282 0
-288 282 0
-287 282 0
-259 285 286 0
259 -285 0
257 -284 -283 0
-255 283 284 0
255 -284 0
255 -283 0
253 -282 -281 0
-253 282 0
-253 281 0
281 282 -251 0
-282 251 0
251 -281 0
-275 279 280 0
-280 275 0
-279 275 0
276 -277 -278 0
278 -276 0
-276 277 0
278 -263 277 0
263 -278 0
263 -277 0
267 -275 -276 0
-267 276 0
-265 276 275 0
265 -276 0
265 -275 0
-273 -274 268 0
-268 274 0
-268 273 0
-269 273 274 0
269 -274 0
269 -273 0
270 -272 -271 0
171 -272 0
-269 -270 266 0
269 -266 0
264 -270 0
-260 268 0
267 -260 0
267 -258 268 0
-268 258 0
-267 258 0
-265 -266 256 0
266 -256 0
265 -256 0
265 266 -254 0
-266 254 0
-265 254 0
-264 252 -263 0
263 -252 0
250 -264 0
-259 -260 195 0
-195 260 0
-195 259 0
-258 189 0
-257 189 0
-256 187 -255 0
256 -187 0
255 256 -185 0
-256 185 0
185 -255 0
-253 -254 183 0
254 -183 0
253 -183 0
253 -181 254 0
-254 181 0
-253 181 0
-252 179 -251 0
252 -179 0
251 -179 0
177 -252 0
177 -251 0
175 -250 -249 0
173 -250 0
-243 247 248 0
-245 -246 244 0
-244 246 0
-244 245 0
-231 246 245 0
231 -246 0
-245 231 0
-244 235 -243 0
-235 244 0
-233 243 244 0
-244 233 0
-241 -242 236 0
-236 242 0
-236 241 0
-237 241 242 0
237 -242 0
237 -241 0
-240 -239 238 0
240 -238 0
-237 -238 234 0
-234 238 0
237 -234 0
-238 232 0
209 -236 0
209 -235 0
-233 -234 207 0
-207 234 0
-207 233 0
-205 233 234 0
205 -234 0
205 -233 0
203 -232 -231 0
-203 232 0
-203 231 0
201 -232 0
201 -231 0
-225 229 230 0
-230 225 0
-229 225 0
-227 226 -228 0
228 -226 0
-226 227 0
228 -213 227 0
213 -228 0
-227 213 0
-225 -226 217 0
-217 226 0
-217 225 0
-215 225 226 0
215 -226 0
215 -225 0
-224 -223 218 0
-218 224 0
-219 223 224 0
219 -224 0
219 -223 0
-221 -222 220 0
73 -222 0
-219 216 -220 0
219 -216 0
214 -220 0
-208 217 218 0
-218 208 0
-217 208 0
-215 -216 206 0
-206 216 0
215 -206 0
215 -204 216 0
-216 204 0
-215 204 0
202 -213 -214 0
213 -202 0
200 -214 0
-209 192 0
-207 -208 190 0
-188 207 208 0
-208 188 0
-207 188 0
-205 -206 186 0
-186 206 0
205 -186 0
205 -184 206 0
-206 184 0
-205 184 0
-203 -204 182 0
204 -182 0
203 -182 0
203 204 -180 0
-204 180 0
-203 180 0
-202 178 -201 0
202 -178 0
-202 176 0
176 -201 0
172 -200 0
-111 195 0
135 -195 0
-192 141 0
-190 153 0
-189 153 0
-188 -187 105 0
-105 188 0
187 -105 0
187 -129 188 0
-188 129 0
129 -187 0
-186 75 -185 0
185 -170 186 0
-186 170 0
170 -185 0
-183 -184 121 0
-121 184 0
-121 183 0
143 -184 0
143 -183 0
-181 -182 93 0
182 181 -157 0
157 -182 0
157 -181 0
109 -180 -179 0
180 -109 0
179 -109 0
-180 133 0
133 -179 0
79 -178 -177 0
165 -178 0
165 -177 0
117 -175 -176 0
139 -176 0
151 -173 0
103 -171 -172 0
127 -172 0
127 -171 0
-168 -170 0
-168 -169 0
170 -160 169 168 0
160 -170 0
-168 160 0
162 -166 0
163 -165 -164 0
-162 -163 0
161 -163 0
-162 161 0
-161 144 -160 0
155 -157 -156 0
146 -155 0
148 -153 0
148 -152 0
149 -151 -150 0
147 -149 -148 0
-147 -146 0
145 -147 0
145 -146 0
-144 -145 0
-142 -143 0
136 -141 0
136 -140 0
-138 137 -139 0
-137 -136 0
130 -135 0
131 -133 -132 0
122 -131 0
122 -130 0
-128 -129 0
128 129 -124 0
-129 124 0
-128 124 0
125 -126 -127 0
123 -124 -125 0
-123 -122 0
121 -112 120 0
-121 112 0
-120 112 0
-116 -117 115 0
-115 113 0
96 -113 -112 0
-106 110 111 0
-108 -109 107 0
109 -107 0
108 -107 0
-98 106 107 0
98 -107 0
-100 104 105 0
100 -105 0
100 -104 0
-103 -102 101 0
-101 -100 99 0
100 -99 0
98 -97 99 0
97 -99 0
-98 97 0
64 -97 -96 0
91 -93 -92 0
82 -91 0
66 -82 0
-78 -79 77 0
68 -77 0
-75 70 0
-74 70 0
71 -72 -73 0
-70 69 -71 0
-69 -68 67 0
65 -67 0
65 -66 0
-64 -65 0
54 63 53 62 0
54 62 44 52 0
53 62 52 61 0
51 45 34 62 0
53 61 43 51 0
61 51 52 60 0
62 24 36 50 0
50 44 33 61 0
42 60 52 50 0
59 50 51 60 0
62 49 14 27 0
49 23 35 61 0
32 43 60 49 0
59 49 41 51 0
58 59 49 50 0
62 4 48 18 0
48 26 13 61 0
60 48 34 22 0
42 48 31 59 0
58 50 40 48 0
57 58 49 48 0
47 3 61 17 0
60 25 12 47 0
47 21 33 59 0
47 41 30 58 0
47 49 39 57 0
56 47 48 57 0
2 60 16 46 0
46 24 11 59 0
32 58 20 46 0
46 57 29 40 0
56 46 48 38 0
56 55 46 47 0
54 53 45 44 0
63 61 43 45 0
53 43 35 45 0
43 52 44 53 0
54 42 35 61 0
62 42 44 60 0
53 25 36 42 0
42 52 34 44 0
52 43 42 51 0
61 45 25 41 0
53 41 34 60 0
61 43 41 59 0
41 27 15 53 0
52 41 35 24 0
43 41 33 51 0
42 50 41 51 0
61 40 15 36 0
60 44 40 24 0
59 40 33 52 0
42 60 40 58 0
53 40 18 5 0
52 40 14 26 0
51 40 34 23 0
32 42 50 40 0
50 49 40 41 0
5 39 27 61 0
60 14 35 39 0
43 39 23 59 0
32 51 39 58 0
57 59 41 39 0
52 39 17 4 0
51 39 25 13 0
50 39 33 22 0
49 41 31 39 0
49 40 39 48 0
60 26 38 4 0
59 34 13 38 0
42 38 22 58 0
50 31 38 57 0
56 58 38 40 0
3 51 38 16 0
50 38 12 24 0
32 49 21 38 0
48 30 38 40 0
47 48 39 38 0
3 25 37 59 0
58 33 12 37 0
57 41 37 21 0
49 30 37 56 0
55 57 37 39 0
50 37 15 2 0
49 37 11 23 0
48 31 20 37 0
47 39 29 37 0
46 47 38 37 0
44 45 35 36 0
54 52 36 34 0
44 26 36 34 0
43 34 35 44 0
60 33 36 63 0
45 26 33 52 0
53 33 35 51 0
44 16 33 27 0
43 33 35 25 0
42 43 34 33 0
32 60 26 54 0
62 59 32 35 0
32 16 36 52 0
32 51 44 25 0
50 52 34 32 0
6 44 18 32 0
43 26 15 32 0
42 32 34 24 0
32 41 33 42 0
60 31 16 45 0
53 59 25 31 0
61 31 34 58 0
6 52 31 27 0
51 31 35 15 0
43 50 31 24 0
51 49 31 33 0
5 43 17 31 0
42 25 14 31 0
41 31 33 23 0
32 41 31 40 0
6 30 36 60 0
44 30 15 59 0
52 58 24 30 0
57 30 33 60 0
5 51 26 30 0
50 30 34 14 0
42 49 30 23 0
32 50 30 48 0
4 42 30 16 0
41 24 13 30 0
32 40 30 22 0
39 40 31 30 0
5 59 35 29 0
43 58 14 29 0
57 51 29 23 0
56 32 29 59 0
4 50 29 25 0
29 33 13 49 0
48 41 29 22 0
47 49 29 31 0
3 41 15 29 0
40 29 12 23 0
39 31 21 29 0
39 38 30 29 0
4 58 34 28 0
57 42 28 13 0
50 56 28 22 0
55 58 28 31 0
3 49 24 28 0
32 48 12 28 0
47 40 28 21 0
46 48 28 30 0
2 40 14 28 0
39 22 11 28 0
30 38 20 28 0
38 29 37 28 0
27 26 35 36 0
45 43 25 27 0
25 17 35 27 0
26 34 35 25 0
54 51 24 27 0
24 17 36 43 0
44 42 24 26 0
7 18 35 24 0
24 26 34 16 0
25 24 34 33 0
63 59 27 23 0
51 45 23 17 0
53 50 26 23 0
7 43 27 23 0
42 16 35 23 0
43 41 23 25 0
6 17 34 23 0
23 33 15 25 0
32 23 33 24 0
54 59 22 17 0
62 58 22 26 0
7 51 36 22 0
50 44 22 16 0
49 52 25 22 0
6 42 26 22 0
41 34 15 22 0
42 40 24 22 0
5 22 33 16 0
32 22 14 24 0
32 31 22 23 0
7 59 21 45 0
53 58 16 21 0
57 25 21 61 0
6 50 21 35 0
49 21 15 43 0
51 24 21 48 0
5 25 21 41 0
40 21 33 14 0
41 39 23 21 0
4 32 21 15 0
31 23 13 21 0
31 30 21 22 0
6 58 20 44 0
52 20 15 57 0
60 56 24 20 0
49 5 34 20 0
42 48 20 14 0
47 50 23 20 0
4 40 20 24 0
32 39 13 20 0
40 38 20 22 0
3 31 14 20 0
30 20 12 22 0
30 29 20 21 0
57 43 19 5 0
56 51 19 14 0
59 55 23 19 0
4 48 33 19 0
47 19 13 41 0
46 49 22 19 0
3 39 23 19 0
31 38 12 19 0
39 37 21 19 0
30 19 13 2 0
29 19 11 21 0
28 29 20 19 0
27 26 17 18 0
18 34 36 16 0
18 8 26 16 0
25 26 16 17 0
45 18 15 42 0
34 27 8 15 0
33 15 35 17 0
7 25 17 15 0
16 24 15 25 0
54 18 14 50 0
42 14 36 8 0
44 17 14 41 0
26 33 14 7 0
32 34 14 16 0
6 24 14 16 0
23 24 15 14 0
63 58 13 18 0
50 45 8 13 0
53 17 13 49 0
41 13 35 7 0
43 16 13 40 0
6 32 25 13 0
31 33 15 13 0
5 23 13 15 0
23 22 14 13 0
54 58 12 8 0
57 17 12 62 0
49 44 12 7 0
52 16 12 48 0
40 34 12 6 0
42 39 15 12 0
5 24 12 31 0
32 30 12 14 0
4 22 12 14 0
22 21 12 13 0
7 57 11 53 0
61 16 11 56 0
43 48 11 6 0
47 51 15 11 0
39 33 11 5 0
41 38 14 11 0
4 30 11 23 0
29 31 11 13 0
3 21 13 11 0
21 20 11 12 0
6 52 10 56 0
55 60 15 10 0
5 42 10 47 0
46 50 10 14 0
32 4 38 10 0
40 37 13 10 0
3 22 10 29 0
28 30 10 12 0
2 20 12 10 0
20 19 11 10 0
18 17 9 8 0
7 25 9 27 0
7 17 8 16 0
6 9 36 33 0
6 24 8 26 0
6 16 15 7 0
5 45 9 41 0
5 32 8 35 0
7 5 23 25 0
6 5 15 14 0
54 4 9 49 0
4 44 8 40 0
4 31 34 7 0
6 4 24 22 0
4 5 13 14 0
3 63 9 57 0
53 3 8 48 0
3 43 39 7 0
6 3 33 30 0
5 3 23 21 0
4 3 12 13 0
56 62 8 2 0
2 47 7 52 0
6 2 38 42 0
5 32 29 2 0
2 4 20 22 0
2 3 11 12 0
55 7 61 1 0
46 1 51 6 0
1 41 37 5 0
4 1 28 31 0
1 3 21 19 0
1 2 11 10 0
