p cnf 932 2324
-929 66 0
-929 65 0
-929 64 0
-66 -64 929 -65 0
66 -932 64 0
66 -932 65 0
-932 64 65 0
-66 -64 932 0
-66 932 -65 0
-64 932 -65 0
66 65 -928 64 0
-66 928 0
928 -65 0
-64 928 0
-63 931 -62 0
-931 63 0
62 -931 0
62 -930 63 0
-63 930 0
930 -62 0
-932 -931 926 0
-926 932 0
-926 931 0
-924 931 932 0
-932 924 0
-931 924 0
-927 930 0
-927 929 0
-929 -930 927 -928 0
-925 929 930 0
-925 929 928 0
-930 -928 925 0
-929 -928 925 0
930 -907 928 929 0
-930 907 0
907 -928 0
-927 908 -926 0
-908 927 0
-908 926 0
-917 926 927 0
-927 917 0
-926 917 0
-924 -925 911 0
-911 925 0
-911 924 0
924 -915 925 0
-925 915 0
-924 915 0
-61 923 -60 0
-923 61 0
-923 60 0
61 60 -921 0
-61 921 0
921 -60 0
-58 922 -59 0
-922 59 0
-922 58 0
-920 59 58 0
920 -59 0
-58 920 0
-922 -923 916 0
-916 923 0
-916 922 0
-918 922 923 0
-923 918 0
-922 918 0
919 -921 -920 0
-919 921 0
-919 920 0
920 -909 921 0
-921 909 0
909 -920 0
-918 910 -919 0
-910 919 0
-910 918 0
919 -914 918 0
914 -919 0
-918 914 0
-916 901 -917 0
-901 917 0
-901 916 0
-912 916 917 0
-917 912 0
-916 912 0
-915 913 -914 0
-913 915 0
-913 914 0
915 914 -895 0
-915 895 0
895 -914 0
-913 -912 899 0
-899 913 0
-899 912 0
-897 912 913 0
-913 897 0
-912 897 0
-910 -911 905 0
-905 911 0
-905 910 0
-903 910 911 0
-911 903 0
-910 903 0
-906 909 0
-906 908 0
-908 906 -909 -907 0
-904 909 908 0
908 -904 907 0
904 -907 -909 0
-908 904 -907 0
836 -909 0
836 -907 0
-905 -906 902 0
-902 906 0
-902 905 0
-900 906 905 0
-906 900 0
-905 900 0
-903 898 -904 0
904 -898 0
903 -898 0
903 904 -896 0
896 -904 0
-903 896 0
-902 -901 837 0
-837 902 0
-837 901 0
-864 901 902 0
-902 864 0
864 -901 0
-899 -900 846 0
-846 900 0
-846 899 0
-858 900 899 0
-900 858 0
-899 858 0
-898 -897 840 0
898 -840 0
-840 897 0
-862 898 897 0
-898 862 0
862 -897 0
-896 844 -895 0
896 -844 0
-844 895 0
856 -896 0
856 -895 0
-56 -57 894 0
-894 57 0
-894 56 0
-892 57 56 0
-57 892 0
-56 892 0
-55 -54 893 0
-893 55 0
-893 54 0
-891 55 54 0
-55 891 0
891 -54 0
-894 -893 882 0
-882 894 0
-882 893 0
-889 893 894 0
-894 889 0
-893 889 0
-892 -891 890 0
892 -890 0
-890 891 0
892 -874 891 0
-892 874 0
-891 874 0
-890 -889 876 0
-876 890 0
-876 889 0
-880 889 890 0
-890 880 0
-889 880 0
-52 -53 888 0
-888 53 0
-888 52 0
52 -886 53 0
886 -53 0
886 -52 0
-51 887 -50 0
-887 51 0
-887 50 0
51 50 -885 0
-51 885 0
885 -50 0
881 -888 -887 0
-881 888 0
-881 887 0
-883 888 887 0
-888 883 0
-887 883 0
884 -886 -885 0
886 -884 0
885 -884 0
885 886 -873 0
873 -886 0
873 -885 0
-883 875 -884 0
-875 884 0
-875 883 0
883 884 -879 0
879 -884 0
-883 879 0
-882 -881 863 0
-863 882 0
-863 881 0
-877 881 882 0
-882 877 0
877 -881 0
878 -880 -879 0
-878 880 0
-878 879 0
880 879 -865 0
-880 865 0
865 -879 0
-877 -878 869 0
-869 878 0
-869 877 0
-867 877 878 0
867 -878 0
867 -877 0
-876 -875 870 0
-870 876 0
-870 875 0
876 -871 875 0
-876 871 0
-875 871 0
-874 872 -873 0
874 -872 0
873 -872 0
874 873 -838 0
838 -874 0
838 -873 0
-871 868 -872 0
-868 872 0
871 -868 0
871 -866 872 0
-872 866 0
-871 866 0
-869 -870 845 0
-845 870 0
-845 869 0
-857 869 870 0
-870 857 0
-869 857 0
-867 -868 839 0
-839 868 0
867 -839 0
-861 867 868 0
861 -868 0
861 -867 0
-865 -866 843 0
-843 866 0
865 -843 0
865 -855 866 0
-866 855 0
855 -865 0
-822 864 0
-822 863 0
-859 864 863 0
859 -864 0
859 -863 0
860 -861 -862 0
-860 862 0
-860 861 0
-847 862 861 0
847 -862 0
847 -861 0
-859 851 -860 0
-851 860 0
-851 859 0
-849 859 860 0
849 -860 0
849 -859 0
-858 -857 852 0
-852 858 0
-852 857 0
-853 858 857 0
-858 853 0
-857 853 0
854 -855 -856 0
-854 855 0
808 -856 0
808 -855 0
-853 -854 850 0
-850 854 0
-850 853 0
-848 853 854 0
-854 848 0
-853 848 0
-852 -851 820 0
-820 852 0
-820 851 0
-818 851 852 0
-852 818 0
-851 818 0
816 -850 -849 0
-816 850 0
-816 849 0
-814 849 850 0
814 -850 0
814 -849 0
-848 -847 812 0
-812 848 0
-812 847 0
848 847 -810 0
-848 810 0
810 -847 0
-830 846 0
-830 845 0
-841 845 846 0
841 -846 0
-845 841 0
-844 -843 842 0
-842 844 0
-842 843 0
-824 844 843 0
824 -844 0
824 -843 0
-841 -842 828 0
-828 842 0
-828 841 0
-826 841 842 0
826 -842 0
826 -841 0
-840 -839 834 0
-834 840 0
-834 839 0
-832 840 839 0
-840 832 0
832 -839 0
-835 837 0
-837 835 -836 -838 0
838 -833 837 0
833 -838 -836 0
-837 833 -836 0
619 -838 0
619 -836 0
-834 -835 831 0
-831 835 0
-831 834 0
-829 835 834 0
-835 829 0
-834 829 0
827 -832 -833 0
-827 833 0
-827 832 0
825 -833 0
825 -832 0
-823 831 0
-823 830 0
-821 830 831 0
-831 821 0
-828 819 -829 0
-819 829 0
-819 828 0
-817 829 828 0
817 -829 0
-828 817 0
-827 -826 815 0
-815 827 0
-815 826 0
-813 826 827 0
813 -827 0
813 -826 0
811 -824 -825 0
-811 825 0
-811 824 0
809 -825 0
-620 823 0
-697 823 822 0
-820 -821 647 0
-647 821 0
-647 820 0
-679 821 820 0
-821 679 0
-819 -818 629 0
-629 819 0
-629 818 0
-691 818 819 0
691 -819 0
691 -818 0
-816 641 -817 0
-641 817 0
-641 816 0
-673 817 816 0
673 -817 0
-816 673 0
-814 -815 623 0
-623 815 0
-623 814 0
-695 814 815 0
-815 695 0
695 -814 0
-813 -812 645 0
-645 813 0
-645 812 0
-677 813 812 0
-813 677 0
677 -812 0
627 -811 -810 0
-627 811 0
-627 810 0
689 -811 0
689 -810 0
639 -809 -808 0
671 -809 0
671 -808 0
807 -49 -48 0
49 -807 0
48 -807 0
49 -805 48 0
805 -49 0
805 -48 0
-47 806 -46 0
47 -806 0
46 -806 0
47 46 -804 0
804 -47 0
-46 804 0
795 -806 -807 0
807 -795 0
806 -795 0
807 -802 806 0
802 -807 0
802 -806 0
803 -804 -805 0
-803 805 0
804 -803 0
804 805 -787 0
787 -805 0
787 -804 0
789 -803 -802 0
-789 803 0
802 -789 0
802 -793 803 0
-803 793 0
793 -802 0
-45 801 -44 0
45 -801 0
44 -801 0
44 -799 45 0
-45 799 0
799 -44 0
-42 800 -43 0
43 -800 0
42 -800 0
42 43 -798 0
798 -43 0
798 -42 0
-800 794 -801 0
801 -794 0
800 -794 0
800 -796 801 0
796 -801 0
-800 796 0
797 -798 -799 0
-797 799 0
-797 798 0
-786 799 798 0
786 -799 0
786 -798 0
788 -797 -796 0
-788 797 0
796 -788 0
796 797 -792 0
792 -797 0
792 -796 0
-794 747 -795 0
795 -747 0
794 -747 0
-790 795 794 0
790 -795 0
-794 790 0
791 -792 -793 0
-791 793 0
-791 792 0
792 793 -778 0
778 -793 0
778 -792 0
782 -791 -790 0
-782 791 0
-782 790 0
-780 790 791 0
-791 780 0
780 -790 0
783 -788 -789 0
-783 789 0
788 -783 0
-784 788 789 0
784 -789 0
-788 784 0
785 -786 -787 0
-785 787 0
786 -785 0
786 787 -721 0
721 -787 0
721 -786 0
-784 781 -785 0
-781 785 0
784 -781 0
784 -779 785 0
779 -785 0
779 -784 0
-783 -782 729 0
-729 783 0
-729 782 0
783 -741 782 0
-783 741 0
741 -782 0
723 -781 -780 0
-723 781 0
780 -723 0
780 781 -745 0
-781 745 0
745 -780 0
727 -779 -778 0
-727 779 0
778 -727 0
778 779 -739 0
-779 739 0
739 -778 0
777 -40 -41 0
-777 41 0
-777 40 0
40 41 -775 0
775 -41 0
775 -40 0
776 -39 -38 0
39 -776 0
38 -776 0
38 -774 39 0
774 -39 0
774 -38 0
765 -776 -777 0
-765 777 0
776 -765 0
-772 776 777 0
772 -777 0
-776 772 0
773 -774 -775 0
775 -773 0
-773 774 0
775 -757 774 0
757 -775 0
-774 757 0
759 -773 -772 0
-759 773 0
-759 772 0
-763 772 773 0
-773 763 0
763 -772 0
-37 -36 771 0
37 -771 0
-771 36 0
37 -769 36 0
-37 769 0
-36 769 0
-34 -35 770 0
-770 35 0
34 -770 0
34 -768 35 0
-35 768 0
-34 768 0
-771 -770 764 0
-764 771 0
-764 770 0
-766 771 770 0
766 -771 0
-770 766 0
-768 767 -769 0
769 -767 0
-767 768 0
769 -756 768 0
-769 756 0
-768 756 0
758 -767 -766 0
-758 767 0
-758 766 0
-762 766 767 0
-767 762 0
762 -766 0
-764 746 -765 0
-746 765 0
-746 764 0
764 765 -760 0
760 -765 0
-764 760 0
-762 761 -763 0
-761 763 0
-761 762 0
763 -748 762 0
748 -763 0
748 -762 0
-761 752 -760 0
-752 761 0
760 -752 0
-750 760 761 0
-761 750 0
750 -760 0
-758 753 -759 0
-753 759 0
-753 758 0
-754 759 758 0
754 -759 0
-758 754 0
755 -756 -757 0
-755 757 0
-755 756 0
720 -757 0
720 -756 0
-755 751 -754 0
-751 755 0
-751 754 0
754 -749 755 0
-755 749 0
749 -754 0
-752 -753 728 0
-728 753 0
-728 752 0
752 -740 753 0
-753 740 0
-752 740 0
-751 722 -750 0
-722 751 0
-722 750 0
750 -744 751 0
-751 744 0
744 -750 0
726 -749 -748 0
-726 749 0
748 -726 0
748 749 -738 0
-749 738 0
738 -748 0
-696 747 0
-696 746 0
747 -742 746 0
742 -747 0
-746 742 0
743 -745 -744 0
745 -743 0
744 -743 0
744 745 -730 0
730 -745 0
730 -744 0
734 -743 -742 0
743 -734 0
742 -734 0
-732 742 743 0
732 -743 0
732 -742 0
735 -740 -741 0
741 -735 0
740 -735 0
741 -736 740 0
-741 736 0
736 -740 0
737 -738 -739 0
739 -737 0
738 -737 0
698 -739 0
698 -738 0
733 -736 -737 0
737 -733 0
736 -733 0
736 737 -731 0
731 -737 0
731 -736 0
-734 710 -735 0
735 -710 0
734 -710 0
-708 734 735 0
708 -735 0
-734 708 0
706 -733 -732 0
-706 733 0
-706 732 0
732 733 -704 0
704 -733 0
704 -732 0
702 -731 -730 0
-702 731 0
730 -702 0
730 731 -700 0
700 -731 0
700 -730 0
-729 -728 711 0
-711 729 0
-711 728 0
-724 728 729 0
-729 724 0
724 -728 0
-727 725 -726 0
-725 727 0
-725 726 0
-712 726 727 0
712 -727 0
712 -726 0
-724 -725 716 0
-716 725 0
-716 724 0
-714 725 724 0
714 -725 0
714 -724 0
-722 -723 717 0
-717 723 0
-717 722 0
-718 723 722 0
718 -723 0
718 -722 0
719 -721 -720 0
721 -719 0
621 -721 0
621 -720 0
715 -718 -719 0
719 -715 0
-715 718 0
713 -719 0
713 -718 0
-716 -717 709 0
-709 717 0
-709 716 0
-707 716 717 0
707 -717 0
-716 707 0
-715 -714 705 0
-705 715 0
-705 714 0
-703 714 715 0
-715 703 0
703 -714 0
701 -712 -713 0
712 -701 0
699 -713 0
699 -712 0
-646 711 0
-646 710 0
710 -678 711 0
678 -711 0
678 -710 0
628 -709 -708 0
-628 709 0
-628 708 0
708 -690 709 0
690 -709 0
690 -708 0
640 -706 -707 0
707 -640 0
-640 706 0
-672 707 706 0
672 -707 0
-706 672 0
622 -705 -704 0
-622 705 0
704 -622 0
704 705 -694 0
694 -705 0
694 -704 0
-703 644 -702 0
703 -644 0
-644 702 0
703 702 -676 0
676 -703 0
676 -702 0
626 -701 -700 0
700 -626 0
688 -701 0
688 -700 0
638 -699 -698 0
670 -699 0
670 -698 0
-692 697 696 0
693 -695 -694 0
-693 695 0
694 -693 0
694 -680 695 0
680 -695 0
680 -694 0
-682 693 692 0
682 -693 0
-686 691 690 0
686 -691 0
686 -690 0
687 -689 -688 0
648 -689 0
648 -688 0
683 -686 -687 0
686 -683 0
681 -687 0
681 -686 0
656 -682 -683 0
-656 683 0
-656 682 0
682 683 -654 0
654 -683 0
654 -682 0
652 -681 -680 0
680 -652 0
650 -681 0
-661 679 0
678 -674 679 0
-679 674 0
674 -678 0
675 -677 -676 0
-675 677 0
676 -675 0
662 -677 0
662 -676 0
-675 666 -674 0
-666 674 0
675 674 -664 0
664 -675 0
664 -674 0
-672 667 -673 0
-667 673 0
-668 673 672 0
668 -673 0
668 -672 0
669 -670 -671 0
559 -671 0
665 -668 -669 0
668 -665 0
663 -669 0
-657 667 666 0
-667 657 0
-666 657 0
655 -665 -664 0
-655 665 0
664 -655 0
664 665 -653 0
653 -665 0
653 -664 0
651 -662 -663 0
649 -663 0
-587 661 0
585 -661 0
-656 -657 579 0
-579 657 0
-579 656 0
-577 656 657 0
-657 577 0
-656 577 0
-655 -654 575 0
-575 655 0
654 -573 655 0
-655 573 0
573 -654 0
571 -653 -652 0
653 -571 0
652 -571 0
569 -653 0
569 -652 0
567 -650 -651 0
563 -649 -648 0
561 -648 0
-642 647 646 0
642 -647 0
-646 642 0
-645 -644 643 0
-643 645 0
-643 644 0
-630 644 645 0
630 -645 0
630 -644 0
-642 -643 634 0
-634 643 0
-632 642 643 0
632 -643 0
-642 632 0
-640 -641 635 0
-635 641 0
-636 640 641 0
636 -641 0
636 -640 0
637 -638 -639 0
591 -639 0
633 -636 -637 0
-633 636 0
631 -637 0
-601 634 635 0
601 -635 0
601 -634 0
-632 -633 599 0
-599 633 0
-599 632 0
632 -597 633 0
597 -633 0
597 -632 0
595 -630 -631 0
593 -631 0
-624 628 629 0
-629 624 0
624 -628 0
625 -627 -626 0
626 -625 0
607 -627 0
-624 -625 611 0
-611 625 0
-611 624 0
-609 625 624 0
609 -625 0
609 -624 0
-623 -622 617 0
-617 623 0
-617 622 0
-615 623 622 0
615 -623 0
615 -622 0
-618 620 0
616 -619 -621 0
-612 617 618 0
-618 612 0
-617 612 0
610 -615 -616 0
615 -610 0
608 -616 0
-611 -612 602 0
-602 612 0
-602 611 0
-600 612 611 0
-612 600 0
-611 600 0
598 -609 -610 0
610 -598 0
609 -598 0
596 -610 0
596 -609 0
-607 594 -608 0
592 -608 0
592 -607 0
-580 601 602 0
-602 580 0
-601 580 0
-599 -600 578 0
-578 600 0
-578 599 0
-600 576 0
-599 576 0
574 -598 -597 0
598 -574 0
597 -574 0
597 598 -572 0
-598 572 0
572 -597 0
570 -596 -595 0
568 -596 0
568 -595 0
-594 566 -593 0
-594 564 0
562 -591 -592 0
560 -592 0
-132 587 0
-585 170 0
-126 580 0
-126 579 0
148 -580 0
148 -579 0
-578 -577 96 0
-96 578 0
-164 577 578 0
-578 164 0
164 -577 0
112 -575 -576 0
-576 134 0
-575 134 0
82 -574 -573 0
573 574 -182 0
182 -574 0
182 -573 0
130 -572 -571 0
572 -130 0
571 -130 0
571 572 -152 0
152 -572 0
152 -571 0
100 -569 -570 0
168 -570 0
168 -569 0
116 -567 -568 0
176 -566 0
124 -564 -563 0
-564 146 0
146 -563 0
94 -561 -562 0
162 -561 0
110 -559 -560 0
-555 33 0
32 -555 0
-555 31 0
-31 555 -33 -32 0
-558 33 31 0
32 -558 33 0
-558 32 31 0
-31 558 -33 0
558 -32 -33 0
-31 558 -32 0
31 32 -554 33 0
-33 554 0
-32 554 0
-31 554 0
-30 557 -29 0
-557 30 0
-557 29 0
29 -556 30 0
-30 556 0
-29 556 0
-557 552 -558 0
-552 558 0
-552 557 0
557 558 -550 0
550 -558 0
-557 550 0
-553 556 0
-553 555 0
-555 553 -556 -554 0
-551 555 556 0
-551 555 554 0
-556 551 -554 0
-555 551 -554 0
556 -533 554 555 0
-556 533 0
-554 533 0
-552 -553 534 0
-534 553 0
-534 552 0
-543 552 553 0
-553 543 0
543 -552 0
-551 537 -550 0
-537 551 0
550 -537 0
-541 550 551 0
541 -551 0
541 -550 0
-27 -28 549 0
-549 28 0
27 -549 0
-547 27 28 0
-28 547 0
-27 547 0
548 -26 -25 0
26 -548 0
-548 25 0
26 25 -546 0
-26 546 0
-25 546 0
542 -549 -548 0
-542 549 0
-542 548 0
-544 548 549 0
544 -549 0
544 -548 0
545 -547 -546 0
-545 547 0
546 -545 0
546 -535 547 0
-547 535 0
-546 535 0
536 -545 -544 0
545 -536 0
544 -536 0
545 544 -540 0
540 -545 0
540 -544 0
-543 527 -542 0
-527 543 0
542 -527 0
-538 542 543 0
538 -543 0
538 -542 0
539 -541 -540 0
-539 541 0
540 -539 0
540 -521 541 0
521 -541 0
521 -540 0
525 -538 -539 0
-525 539 0
538 -525 0
538 539 -523 0
523 -539 0
523 -538 0
-537 531 -536 0
-531 537 0
536 -531 0
536 -529 537 0
529 -537 0
529 -536 0
-532 535 0
-532 534 0
-534 -535 532 -533 0
-530 534 535 0
534 -530 533 0
530 -533 -535 0
530 -534 -533 0
-535 462 0
-533 462 0
-532 -531 528 0
-528 532 0
-528 531 0
-526 531 532 0
-532 526 0
526 -531 0
-529 524 -530 0
-524 530 0
529 -524 0
529 530 -522 0
522 -530 0
522 -529 0
-528 463 -527 0
-463 528 0
527 -463 0
-490 527 528 0
490 -528 0
-527 490 0
472 -525 -526 0
-472 526 0
525 -472 0
-484 525 526 0
484 -526 0
484 -525 0
466 -524 -523 0
-466 524 0
523 -466 0
523 -488 524 0
488 -524 0
488 -523 0
470 -521 -522 0
522 -470 0
-470 521 0
522 521 -482 0
482 -522 0
482 -521 0
520 -23 -24 0
24 -520 0
23 -520 0
23 24 -518 0
518 -24 0
518 -23 0
519 -21 -22 0
-519 22 0
21 -519 0
21 22 -517 0
517 -22 0
517 -21 0
-519 508 -520 0
520 -508 0
-508 519 0
-515 520 519 0
515 -520 0
515 -519 0
516 -517 -518 0
-516 518 0
-516 517 0
517 518 -500 0
500 -518 0
500 -517 0
502 -516 -515 0
516 -502 0
-502 515 0
516 515 -506 0
-516 506 0
506 -515 0
514 -20 -19 0
-514 20 0
19 -514 0
19 -512 20 0
-20 512 0
-19 512 0
513 -18 -17 0
18 -513 0
-513 17 0
18 17 -511 0
-18 511 0
511 -17 0
-514 507 -513 0
514 -507 0
-507 513 0
-509 513 514 0
-514 509 0
509 -513 0
510 -512 -511 0
-510 512 0
-510 511 0
512 511 -499 0
-512 499 0
499 -511 0
501 -510 -509 0
-501 510 0
509 -501 0
-505 509 510 0
505 -510 0
505 -509 0
-507 489 -508 0
-489 508 0
-489 507 0
-503 508 507 0
503 -508 0
503 -507 0
-506 -505 504 0
-504 506 0
-504 505 0
506 -491 505 0
491 -506 0
491 -505 0
-503 -504 495 0
-495 504 0
-495 503 0
503 -493 504 0
493 -504 0
493 -503 0
496 -501 -502 0
502 -496 0
-496 501 0
502 -497 501 0
497 -502 0
497 -501 0
-500 498 -499 0
500 -498 0
-498 499 0
-500 464 0
464 -499 0
-497 -498 494 0
-494 498 0
497 -494 0
497 -492 498 0
492 -498 0
492 -497 0
-495 -496 471 0
-471 496 0
495 -471 0
-483 495 496 0
483 -496 0
483 -495 0
465 -494 -493 0
-465 494 0
-465 493 0
493 -487 494 0
487 -494 0
487 -493 0
469 -492 -491 0
-469 492 0
491 -469 0
491 492 -481 0
481 -492 0
481 -491 0
-489 -490 448 0
-448 490 0
-448 489 0
-485 490 489 0
485 -490 0
485 -489 0
486 -487 -488 0
-486 488 0
487 -486 0
487 488 -473 0
473 -488 0
473 -487 0
477 -486 -485 0
-477 486 0
485 -477 0
485 -475 486 0
-486 475 0
475 -485 0
-483 -484 478 0
-478 484 0
-478 483 0
-479 484 483 0
479 -484 0
479 -483 0
480 -481 -482 0
-480 482 0
481 -480 0
434 -482 0
434 -481 0
476 -479 -480 0
-476 480 0
479 -476 0
474 -480 0
474 -479 0
-477 -478 446 0
-446 478 0
-446 477 0
-444 477 478 0
444 -478 0
444 -477 0
442 -476 -475 0
-442 476 0
-442 475 0
-440 475 476 0
-476 440 0
440 -475 0
438 -474 -473 0
474 -438 0
473 -438 0
436 -474 0
436 -473 0
-471 -472 456 0
-456 472 0
-456 471 0
-467 472 471 0
467 -472 0
467 -471 0
468 -469 -470 0
-468 470 0
469 -468 0
450 -470 0
450 -469 0
454 -468 -467 0
-454 468 0
-454 467 0
467 468 -452 0
452 -468 0
452 -467 0
-465 -466 460 0
-460 466 0
-460 465 0
-458 466 465 0
458 -466 0
458 -465 0
463 -461 0
-463 -462 -464 461 0
459 -462 -464 0
-462 245 0
-461 -460 457 0
-457 461 0
-457 460 0
-455 460 461 0
455 -461 0
455 -460 0
453 -459 -458 0
-453 458 0
451 -459 0
-456 -457 449 0
-449 457 0
-449 456 0
-447 456 457 0
447 -457 0
447 -456 0
-454 -455 445 0
-445 455 0
-445 454 0
-443 454 455 0
443 -455 0
443 -454 0
441 -453 -452 0
-441 453 0
-441 452 0
452 -439 453 0
439 -453 0
439 -452 0
437 -451 -450 0
435 -451 0
-449 246 -448 0
-246 449 0
448 -246 0
-323 448 449 0
323 -448 0
-446 -447 273 0
-273 447 0
-273 446 0
-305 446 447 0
305 -447 0
305 -446 0
255 -445 -444 0
-255 445 0
444 -255 0
444 -317 445 0
317 -445 0
317 -444 0
267 -442 -443 0
-267 443 0
-267 442 0
-299 443 442 0
299 -443 0
299 -442 0
249 -441 -440 0
-249 441 0
440 -249 0
440 -321 441 0
-441 321 0
321 -440 0
271 -439 -438 0
-271 439 0
438 -271 0
303 -439 0
303 -438 0
253 -437 -436 0
315 -437 0
315 -436 0
265 -435 -434 0
297 -435 0
-15 433 -16 0
-433 16 0
-433 15 0
-431 16 15 0
431 -16 0
431 -15 0
432 -13 -14 0
-432 14 0
13 -432 0
13 14 -430 0
430 -14 0
430 -13 0
421 -433 -432 0
-421 433 0
-421 432 0
-428 432 433 0
-433 428 0
428 -432 0
429 -431 -430 0
-429 431 0
430 -429 0
430 431 -413 0
413 -431 0
413 -430 0
-429 415 -428 0
-415 429 0
-415 428 0
-419 428 429 0
-429 419 0
419 -428 0
427 -11 -12 0
-427 12 0
-427 11 0
11 -425 12 0
-12 425 0
-11 425 0
-10 426 -9 0
-426 10 0
-426 9 0
10 -424 9 0
-10 424 0
-9 424 0
-426 420 -427 0
-420 427 0
-420 426 0
-422 426 427 0
422 -427 0
-426 422 0
423 -424 -425 0
-423 425 0
-423 424 0
424 -412 425 0
-425 412 0
-424 412 0
-422 -423 414 0
-414 423 0
-414 422 0
-418 422 423 0
418 -423 0
418 -422 0
-421 -420 373 0
-373 421 0
-373 420 0
-416 421 420 0
-421 416 0
416 -420 0
-419 -418 417 0
-417 419 0
-417 418 0
419 -404 418 0
-419 404 0
404 -418 0
-416 -417 408 0
-408 417 0
-408 416 0
-406 416 417 0
406 -417 0
406 -416 0
-414 -415 409 0
-409 415 0
-409 414 0
-410 415 414 0
-415 410 0
-414 410 0
-413 -412 411 0
-411 413 0
-411 412 0
-413 347 0
-412 347 0
-410 -411 407 0
-407 411 0
-407 410 0
-405 410 411 0
405 -411 0
-410 405 0
-409 355 -408 0
-355 409 0
-355 408 0
-367 408 409 0
-409 367 0
-408 367 0
-407 349 -406 0
-349 407 0
-349 406 0
-371 406 407 0
371 -407 0
371 -406 0
353 -404 -405 0
-353 405 0
-353 404 0
365 -405 0
365 -404 0
403 -8 -7 0
-403 8 0
-403 7 0
7 8 -401 0
401 -8 0
401 -7 0
402 -5 -6 0
-402 6 0
-402 5 0
5 6 -400 0
400 -6 0
400 -5 0
-402 -403 391 0
-391 403 0
-391 402 0
-398 403 402 0
-403 398 0
-402 398 0
399 -400 -401 0
-399 401 0
-399 400 0
401 -383 400 0
383 -401 0
383 -400 0
-398 385 -399 0
-385 399 0
-385 398 0
399 -389 398 0
389 -399 0
-398 389 0
-4 397 -3 0
4 -397 0
-397 3 0
3 4 -395 0
-4 395 0
-3 395 0
-2 -1 396 0
-396 2 0
-396 1 0
1 -394 2 0
-2 394 0
-1 394 0
-396 -397 390 0
-390 397 0
-390 396 0
-392 397 396 0
-397 392 0
-396 392 0
-395 -394 393 0
395 -393 0
-393 394 0
-395 382 0
-394 382 0
-392 -393 384 0
-384 393 0
-384 392 0
-388 392 393 0
-393 388 0
-392 388 0
-390 -391 372 0
-372 391 0
-372 390 0
-386 391 390 0
-391 386 0
-390 386 0
387 -388 -389 0
-387 389 0
-387 388 0
389 -374 388 0
374 -389 0
-388 374 0
-386 -387 378 0
-378 387 0
-378 386 0
-376 386 387 0
-387 376 0
-386 376 0
-384 -385 379 0
-379 385 0
-379 384 0
-380 385 384 0
-385 380 0
-384 380 0
-382 381 -383 0
383 -381 0
-382 346 0
-380 -381 377 0
-377 381 0
-377 380 0
-375 380 381 0
375 -381 0
-380 375 0
-378 -379 354 0
-354 379 0
-354 378 0
-366 378 379 0
-379 366 0
-378 366 0
-376 -377 348 0
-348 377 0
-348 376 0
-370 376 377 0
-377 370 0
-376 370 0
352 -375 -374 0
375 -352 0
-352 374 0
375 374 -364 0
364 -375 0
364 -374 0
-322 373 0
-322 372 0
-368 372 373 0
-373 368 0
-372 368 0
-370 369 -371 0
-369 371 0
-369 370 0
356 -371 0
-370 356 0
-368 -369 360 0
-360 369 0
-360 368 0
-358 368 369 0
-369 358 0
-368 358 0
-367 -366 361 0
-361 367 0
-361 366 0
-362 366 367 0
-367 362 0
-366 362 0
363 -365 -364 0
324 -364 0
-362 359 -363 0
-359 362 0
357 -363 0
-362 357 0
-360 -361 336 0
-336 361 0
-336 360 0
-334 360 361 0
334 -361 0
334 -360 0
332 -359 -358 0
-332 359 0
-332 358 0
-330 358 359 0
-359 330 0
-358 330 0
328 -356 -357 0
326 -357 0
-356 326 0
-354 -355 337 0
-337 355 0
-337 354 0
-350 354 355 0
-355 350 0
-354 350 0
-352 351 -353 0
-351 353 0
-351 352 0
338 -353 0
-352 338 0
-350 -351 342 0
-342 351 0
-342 350 0
-340 350 351 0
340 -351 0
-350 340 0
-349 -348 343 0
-343 349 0
-343 348 0
-344 348 349 0
344 -349 0
344 -348 0
-346 -347 345 0
247 -347 0
341 -344 -345 0
-341 344 0
339 -345 0
-342 -343 335 0
-335 343 0
-335 342 0
-333 342 343 0
333 -343 0
-342 333 0
-340 -341 331 0
-331 341 0
-331 340 0
-329 340 341 0
329 -341 0
329 -340 0
327 -338 -339 0
325 -339 0
-336 -337 272 0
-272 337 0
-272 336 0
-304 336 337 0
304 -337 0
304 -336 0
-335 254 -334 0
-254 335 0
-254 334 0
-316 334 335 0
-335 316 0
316 -334 0
-333 -332 266 0
-266 333 0
-266 332 0
-298 332 333 0
298 -333 0
298 -332 0
248 -331 -330 0
-248 331 0
-248 330 0
-320 330 331 0
-331 320 0
-330 320 0
270 -329 -328 0
-270 329 0
-270 328 0
302 -328 0
252 -326 -327 0
-252 327 0
314 -327 0
264 -325 -324 0
296 -325 0
-318 323 322 0
318 -323 0
319 -320 -321 0
-319 321 0
-319 320 0
306 -321 0
-320 306 0
310 -319 -318 0
-310 318 0
318 -308 319 0
308 -319 0
308 -318 0
311 -316 -317 0
-312 317 316 0
312 -317 0
312 -316 0
313 -315 -314 0
274 -314 0
309 -312 -313 0
312 -309 0
307 -313 0
284 -311 0
284 -310 0
282 -309 -308 0
-282 309 0
-282 308 0
309 308 -280 0
280 -309 0
280 -308 0
278 -306 -307 0
276 -307 0
276 -306 0
-300 305 304 0
300 -305 0
-304 300 0
301 -303 -302 0
288 -303 0
288 -302 0
292 -300 -301 0
-292 300 0
290 -301 0
293 -298 -299 0
-293 299 0
-293 298 0
299 -294 298 0
294 -299 0
294 -298 0
295 -297 -296 0
185 -296 0
-294 291 -295 0
-291 294 0
289 -295 0
-292 -293 285 0
292 -283 293 0
283 -293 0
283 -292 0
-291 281 -290 0
-281 291 0
279 -291 0
279 -290 0
277 -289 -288 0
275 -289 0
207 -285 0
207 -284 0
205 -283 -282 0
-205 283 0
282 -205 0
-203 282 283 0
203 -283 0
203 -282 0
201 -281 -280 0
-201 281 0
280 -201 0
280 -199 281 0
199 -281 0
199 -280 0
197 -278 -279 0
195 -279 0
193 -277 -276 0
189 -275 -274 0
187 -275 0
-231 273 0
-268 273 272 0
268 -273 0
268 -272 0
-271 -270 269 0
271 -269 0
-269 270 0
271 -256 270 0
256 -270 0
260 -269 -268 0
-260 269 0
-260 268 0
268 -258 269 0
258 -269 0
258 -268 0
261 -266 -267 0
-261 267 0
-261 266 0
-262 267 266 0
262 -267 0
262 -266 0
263 -265 -264 0
217 -264 0
259 -262 -263 0
-259 262 0
257 -263 0
-227 260 261 0
227 -261 0
227 -260 0
225 -259 -258 0
-225 259 0
258 -223 259 0
223 -259 0
223 -258 0
221 -256 -257 0
219 -257 0
-239 255 0
-239 254 0
-250 255 254 0
250 -255 0
250 -254 0
251 -253 -252 0
233 -252 0
-250 -251 237 0
-237 250 0
235 -251 0
-248 243 -249 0
-243 249 0
-243 248 0
249 -241 248 0
241 -249 0
241 -248 0
-244 246 0
-246 -245 -247 244 0
242 -245 -247 0
-238 243 244 0
-244 238 0
238 -243 0
236 -241 -242 0
-236 241 0
234 -242 0
-232 239 0
-238 -237 228 0
-228 238 0
-228 237 0
238 -226 237 0
226 -238 0
226 -237 0
224 -236 -235 0
-224 236 0
222 -235 0
220 -233 -234 0
218 -234 0
-214 231 232 0
-232 214 0
208 -228 -227 0
-206 228 227 0
-228 206 0
206 -227 0
204 -226 -225 0
-204 225 0
202 -226 0
202 -225 0
200 -223 -224 0
-200 224 0
-200 223 0
198 -224 0
198 -223 0
196 -222 -221 0
194 -221 0
192 -219 -220 0
190 -220 0
188 -217 -218 0
186 -218 0
-131 214 0
153 -214 0
177 -208 0
177 -207 0
-205 -206 125 0
-125 206 0
205 -125 0
147 -206 0
147 -205 0
95 -204 -203 0
-95 204 0
-163 203 204 0
163 -204 0
163 -203 0
111 -201 -202 0
133 -202 0
133 -201 0
81 -200 -199 0
181 -200 0
181 -199 0
129 -197 -198 0
151 -198 0
151 -197 0
99 -196 -195 0
167 -196 0
167 -195 0
115 -193 -194 0
175 -192 0
123 -189 -190 0
145 -190 0
93 -187 -188 0
161 -187 0
109 -186 -185 0
180 -182 -181 0
182 -180 0
171 -180 0
173 -177 0
174 -176 -175 0
-174 172 -173 0
-172 -171 0
155 -172 0
155 -171 0
-170 165 0
166 -168 -167 0
-165 -166 0
157 -166 0
164 163 -159 0
-164 159 0
159 -163 0
160 -161 -162 0
158 -160 -159 0
156 -158 -157 0
-156 -155 0
-153 149 0
150 -152 -151 0
141 -150 0
141 -149 0
143 -148 0
143 -147 0
144 -146 -145 0
-143 142 -144 0
-142 -141 0
-134 -133 0
-127 132 131 0
128 -130 -129 0
130 -128 0
127 128 -119 0
119 -128 0
-121 126 125 0
121 -125 0
-124 122 -123 0
120 -122 -121 0
121 -120 0
119 -103 120 0
103 -120 0
103 -119 0
114 -116 -115 0
105 -114 0
-112 107 0
107 -111 0
108 -110 -109 0
106 -107 -108 0
104 -106 -105 0
68 -103 -104 0
98 -99 -100 0
89 -98 0
95 -91 96 0
-96 91 0
91 -95 0
92 -93 -94 0
90 -92 -91 0
-90 70 -89 0
-82 74 -81 0
-74 71 0
-71 69 0
-70 67 0
-69 67 0
-67 -68 0
54 55 65 0
54 53 64 0
52 53 63 0
62 52 51 0
61 51 50 0
49 60 50 0
49 59 48 0
47 58 48 0
47 57 46 0
43 45 64 0
42 44 63 0
43 62 41 0
42 61 40 0
39 41 60 0
38 59 40 0
39 58 37 0
54 44 45 0
43 44 53 0
42 43 52 0
42 51 41 0
40 41 50 0
49 39 40 0
39 38 48 0
38 47 37 0
36 63 33 0
35 62 32 0
61 34 31 0
60 30 33 0
59 29 32 0
34 36 53 0
52 35 33 0
51 34 32 0
50 31 33 0
49 30 32 0
48 29 31 0
44 36 35 0
43 34 35 0
42 34 33 0
41 32 33 0
40 32 31 0
39 30 31 0
38 29 30 0
24 62 28 0
23 27 61 0
26 60 22 0
52 25 28 0
24 27 51 0
23 26 50 0
49 22 25 0
26 43 28 0
42 27 25 0
24 26 41 0
23 25 40 0
24 39 22 0
27 35 28 0
34 27 26 0
26 25 33 0
24 25 32 0
23 24 31 0
23 22 30 0
21 61 16 0
21 51 17 0
50 16 20 0
42 21 18 0
41 20 17 0
40 16 19 0
21 34 19 0
20 18 33 0
32 19 17 0
31 16 18 0
21 27 20 0
26 20 19 0
25 19 18 0
24 18 17 0
23 16 17 0
41 15 11 0
15 33 12 0
14 32 11 0
26 13 15 0
25 14 12 0
24 13 11 0
14 15 20 0
14 13 19 0
13 18 12 0
17 11 12 0
25 7 10 0
8 19 10 0
9 7 18 0
14 10 9 0
8 13 9 0
7 8 12 0
4 13 6 0
5 6 9 0
4 8 5 0
3 5 2 0
55 66 65 0
54 65 64 0
53 63 64 0
52 62 63 0
51 61 62 0
61 60 50 0
59 49 60 0
59 58 48 0
47 57 58 0
57 46 56 0
45 66 64 0
44 63 65 0
43 62 64 0
42 61 63 0
62 41 60 0
59 61 40 0
39 58 60 0
57 38 59 0
58 37 56 0
54 55 45 0
54 44 53 0
52 43 53 0
42 51 52 0
51 41 50 0
49 40 50 0
39 49 48 0
47 38 48 0
47 46 37 0
36 63 66 0
35 62 65 0
61 34 64 0
63 60 33 0
59 62 32 0
58 61 31 0
57 60 30 0
59 29 56 0
55 36 53 0
52 54 35 0
51 34 53 0
52 50 33 0
49 51 32 0
48 50 31 0
47 49 30 0
46 48 29 0
44 36 45 0
43 44 35 0
42 43 34 0
42 41 33 0
32 40 41 0
39 40 31 0
39 38 30 0
38 29 37 0
62 28 66 0
27 61 65 0
26 64 60 0
59 25 63 0
24 58 62 0
23 57 61 0
60 22 56 0
55 52 28 0
27 54 51 0
26 53 50 0
49 52 25 0
24 48 51 0
23 47 50 0
46 49 22 0
43 45 28 0
42 27 44 0
26 43 41 0
42 25 40 0
24 39 41 0
23 38 40 0
39 22 37 0
36 35 28 0
27 34 35 0
26 34 33 0
25 32 33 0
24 32 31 0
23 30 31 0
22 30 29 0
21 61 66 0
65 60 20 0
59 64 19 0
58 63 18 0
57 62 17 0
61 56 16 0
55 21 51 0
54 50 20 0
49 53 19 0
48 52 18 0
47 51 17 0
46 50 16 0
42 21 45 0
44 41 20 0
43 40 19 0
42 39 18 0
38 41 17 0
37 40 16 0
21 34 36 0
35 20 33 0
34 32 19 0
31 18 33 0
30 32 17 0
16 29 31 0
21 27 28 0
27 26 20 0
26 19 25 0
24 18 25 0
24 23 17 0
23 22 16 0
66 60 15 0
59 65 14 0
58 64 13 0
57 63 12 0
62 56 11 0
55 50 15 0
54 49 14 0
48 53 13 0
47 52 12 0
46 51 11 0
45 41 15 0
44 40 14 0
39 43 13 0
42 38 12 0
37 41 11 0
36 15 33 0
35 14 32 0
34 13 31 0
30 33 12 0
29 32 11 0
26 28 15 0
27 25 14 0
24 26 13 0
23 25 12 0
24 22 11 0
21 15 20 0
14 19 20 0
13 19 18 0
18 17 12 0
16 17 11 0
59 66 10 0
58 65 9 0
57 64 8 0
63 56 7 0
49 55 10 0
54 48 9 0
47 53 8 0
46 52 7 0
40 45 10 0
39 44 9 0
38 43 8 0
42 37 7 0
36 32 10 0
35 31 9 0
34 8 30 0
7 29 33 0
25 28 10 0
24 27 9 0
23 26 8 0
22 25 7 0
21 19 10 0
20 18 9 0
8 19 17 0
16 7 18 0
14 15 10 0
13 14 9 0
13 8 12 0
7 12 11 0
58 66 6 0
57 65 5 0
4 64 56 0
48 55 6 0
47 54 5 0
46 53 4 0
39 45 6 0
38 44 5 0
43 37 4 0
36 6 31 0
35 5 30 0
34 4 29 0
24 28 6 0
23 27 5 0
26 22 4 0
21 6 18 0
5 20 17 0
4 16 19 0
13 15 6 0
14 5 12 0
4 13 11 0
6 10 9 0
8 5 9 0
7 4 8 0
57 3 66 0
65 56 2 0
47 55 3 0
54 46 2 0
38 3 45 0
44 37 2 0
36 3 30 0
35 29 2 0
23 3 28 0
27 22 2 0
21 3 17 0
16 20 2 0
3 15 12 0
14 2 11 0
3 8 10 0
9 7 2 0
3 6 5 0
4 5 2 0
66 56 1 0
46 55 1 0
37 45 1 0
36 29 1 0
22 28 1 0
21 16 1 0
15 1 11 0
10 7 1 0
4 6 1 0
3 1 2 0
