p cnf 819 3801
-14 13 0
-15 14 0
16 -17 0
17 -18 0
-20 19 0
20 -21 0
22 -23 0
23 -24 0
25 -26 0
-27 26 0
-29 28 0
-30 29 0
31 -32 0
32 -33 0
34 -35 0
-36 35 0
37 -38 0
-39 38 0
40 -41 0
-42 41 0
43 -44 0
44 -45 0
46 -47 0
-48 47 0
49 -50 0
-51 50 0
-53 52 0
-54 53 0
55 -56 0
-57 56 0
-59 58 0
-60 59 0
61 -62 0
62 -63 0
64 -65 0
-66 65 0
-68 67 0
-69 68 0
-71 70 0
-72 71 0
73 -74 0
74 -75 0
76 -77 0
-78 77 0
79 -80 0
-81 80 0
82 -83 0
-84 83 0
85 -86 0
86 -87 0
-89 88 0
-90 89 0
91 -92 0
-93 92 0
94 -95 0
-96 95 0
97 -98 0
98 -99 0
-130 1 0
-131 -7 0
-132 -8 0
-133 -11 0
13 -134 0
-14 -134 0
-134 -16 0
20 -134 0
-21 -134 0
24 -134 0
-135 16 0
-135 -17 0
-135 -19 0
-135 23 0
-135 -24 0
-135 27 0
-136 19 0
-136 -20 0
-136 -22 0
-136 26 0
-136 -27 0
-136 30 0
-137 22 0
-137 -23 0
-137 -25 0
-137 29 0
-137 -30 0
-137 33 0
25 -138 0
-138 -26 0
-138 -28 0
32 -138 0
-138 -33 0
36 -138 0
-139 28 0
-139 -29 0
-139 -31 0
-139 35 0
-139 -36 0
-139 39 0
-140 31 0
-140 -32 0
-140 -34 0
-140 38 0
-140 -39 0
-140 42 0
-141 34 0
-141 -35 0
-141 -37 0
-141 41 0
-141 -42 0
-141 45 0
37 -142 0
-142 -38 0
-142 -40 0
-142 44 0
-142 -45 0
-142 48 0
-143 40 0
-143 -41 0
-143 -43 0
-143 47 0
-143 -48 0
-143 51 0
-144 43 0
-144 -44 0
-144 -46 0
-144 50 0
-144 -51 0
-144 54 0
-145 46 0
-145 -47 0
-145 -49 0
-145 53 0
-145 -54 0
-145 57 0
-146 49 0
-146 -50 0
-146 -52 0
-146 56 0
-146 -57 0
-146 60 0
-147 52 0
-147 -53 0
-147 -55 0
-147 59 0
-147 -60 0
-147 63 0
55 -148 0
-148 -56 0
-148 -58 0
-148 62 0
-63 -148 0
-148 66 0
-149 58 0
-149 -59 0
-149 -61 0
-149 65 0
-149 -66 0
-149 69 0
-150 61 0
-150 -62 0
-150 -64 0
-150 68 0
-150 -69 0
-150 72 0
-151 64 0
-151 -65 0
-151 -67 0
-151 71 0
-151 -72 0
-151 75 0
-152 67 0
-152 -68 0
-152 -70 0
-152 74 0
-152 -75 0
-152 78 0
-153 70 0
-153 -71 0
-153 -73 0
-153 77 0
-153 -78 0
-153 81 0
-154 73 0
-154 -74 0
-154 -76 0
-154 80 0
-81 -154 0
-154 84 0
76 -155 0
-155 -77 0
-155 -79 0
-155 83 0
-84 -155 0
-155 87 0
-156 79 0
-156 -80 0
-156 -82 0
-156 86 0
-156 -87 0
-156 90 0
-157 82 0
-157 -83 0
-157 -85 0
-157 89 0
-157 -90 0
-157 93 0
-158 85 0
-158 -86 0
-158 -88 0
-158 92 0
-158 -93 0
-158 96 0
-159 88 0
-159 -89 0
-159 -91 0
95 -159 0
-159 -96 0
-159 99 0
-160 1 0
-161 -10 0
-162 -8 0
-163 -11 0
13 -164 0
-14 -164 0
17 -164 0
-18 -164 0
-164 -19 0
24 -164 0
-165 16 0
-165 -17 0
-165 20 0
-165 -21 0
-165 -22 0
-165 27 0
-166 19 0
-166 -20 0
-166 23 0
-166 -24 0
-166 -25 0
-166 30 0
22 -167 0
-23 -167 0
-167 26 0
-167 -27 0
-167 -28 0
-167 33 0
-168 25 0
-168 -26 0
-168 29 0
-168 -30 0
-168 -31 0
-168 36 0
-169 28 0
-169 -29 0
-169 32 0
-169 -33 0
-169 -34 0
-169 39 0
-170 31 0
-170 -32 0
-170 35 0
-170 -36 0
-170 -37 0
-170 42 0
34 -171 0
-171 -35 0
-171 38 0
-39 -171 0
-171 -40 0
-171 45 0
-172 37 0
-172 -38 0
-172 41 0
-172 -42 0
-172 -43 0
-172 48 0
-173 40 0
-173 -41 0
-173 44 0
-173 -45 0
-173 -46 0
-173 51 0
-174 43 0
-174 -44 0
-174 47 0
-174 -48 0
-174 -49 0
-174 54 0
-175 46 0
-175 -47 0
50 -175 0
-51 -175 0
-175 -52 0
-175 57 0
-176 49 0
-176 -50 0
-176 53 0
-176 -54 0
-176 -55 0
-176 60 0
-177 52 0
-177 -53 0
-177 56 0
-177 -57 0
-177 -58 0
-177 63 0
-178 55 0
-178 -56 0
-178 59 0
-178 -60 0
-178 -61 0
-178 66 0
-179 58 0
-179 -59 0
-179 62 0
-179 -63 0
-179 -64 0
-179 69 0
61 -180 0
-180 -62 0
-180 65 0
-180 -66 0
-180 -67 0
-180 72 0
-181 64 0
-181 -65 0
-181 68 0
-181 -69 0
-181 -70 0
-181 75 0
-182 67 0
-182 -68 0
-182 71 0
-182 -72 0
-182 -73 0
-182 78 0
-183 70 0
-183 -71 0
-183 74 0
-183 -75 0
-183 -76 0
-183 81 0
-184 73 0
-184 -74 0
-184 77 0
-184 -78 0
-184 -79 0
-184 84 0
76 -185 0
-185 -77 0
-185 80 0
-81 -185 0
-185 -82 0
87 -185 0
-186 79 0
-186 -80 0
-186 83 0
-84 -186 0
-186 -85 0
-186 90 0
-187 82 0
-83 -187 0
-187 86 0
-87 -187 0
-187 -88 0
-187 93 0
-188 85 0
-188 -86 0
-188 89 0
-188 -90 0
-188 -91 0
96 -188 0
-189 88 0
-189 -89 0
-189 92 0
-189 -93 0
-94 -189 0
-189 99 0
-190 1 0
-191 -13 0
-192 -8 0
-193 -11 0
-194 -14 0
-194 17 0
-194 -18 0
-194 21 0
-194 -22 0
-195 16 0
-195 -17 0
-195 20 0
-195 -21 0
-195 24 0
-195 -25 0
-196 19 0
-196 -20 0
-196 23 0
-196 -24 0
-196 27 0
-196 -28 0
-197 22 0
-197 -23 0
-197 26 0
-197 -27 0
-197 30 0
-197 -31 0
-198 25 0
-198 -26 0
-198 29 0
-198 -30 0
-198 33 0
-198 -34 0
-199 28 0
-199 -29 0
-199 32 0
-199 -33 0
-199 36 0
-199 -37 0
-200 31 0
-200 -32 0
-200 35 0
-200 -36 0
-200 39 0
-200 -40 0
-201 34 0
-201 -35 0
-201 38 0
-201 -39 0
-201 42 0
-201 -43 0
-202 37 0
-202 -38 0
-202 41 0
-202 -42 0
-202 45 0
-202 -46 0
-203 40 0
-203 -41 0
-203 44 0
-203 -45 0
-203 48 0
-203 -49 0
-204 43 0
-204 -44 0
-204 47 0
-204 -48 0
-204 51 0
-204 -52 0
-205 46 0
-205 -47 0
-205 50 0
-205 -51 0
-205 54 0
-205 -55 0
-206 49 0
-206 -50 0
-206 53 0
-206 -54 0
-206 57 0
-206 -58 0
-207 52 0
-207 -53 0
-207 56 0
-207 -57 0
-207 60 0
-207 -61 0
-208 55 0
-208 -56 0
-208 59 0
-208 -60 0
-208 63 0
-208 -64 0
-209 58 0
-209 -59 0
-209 62 0
-209 -63 0
-209 66 0
-209 -67 0
-210 61 0
-210 -62 0
-210 65 0
-210 -66 0
-210 69 0
-210 -70 0
-211 64 0
-211 -65 0
-211 68 0
-211 -69 0
-211 72 0
-211 -73 0
-212 67 0
-212 -68 0
-212 71 0
-212 -72 0
-212 75 0
-212 -76 0
-213 70 0
-213 -71 0
-213 74 0
-213 -75 0
-213 78 0
-213 -79 0
-214 73 0
-214 -74 0
-214 77 0
-214 -78 0
-214 81 0
-214 -82 0
-215 76 0
-215 -77 0
-215 80 0
-215 -81 0
-215 84 0
-215 -85 0
-216 79 0
-216 -80 0
-216 83 0
-84 -216 0
-216 87 0
-216 -88 0
-217 82 0
-217 -83 0
-217 86 0
-217 -87 0
-217 90 0
-217 -91 0
-218 85 0
-218 -86 0
-218 89 0
-218 -90 0
-218 93 0
-218 -94 0
-219 88 0
-219 -89 0
-219 92 0
-219 -93 0
-219 96 0
-219 -97 0
-220 5 0
-221 -4 0
-222 -7 0
-223 -10 0
-224 -13 0
-224 17 0
-224 -18 0
-224 19 0
-224 -20 0
-224 24 0
-225 -16 0
-225 20 0
-225 -21 0
-225 22 0
-225 -23 0
-225 27 0
-226 -19 0
-226 23 0
-226 -24 0
-226 25 0
-226 -26 0
-226 30 0
-227 -22 0
-227 26 0
-227 -27 0
-227 28 0
-227 -29 0
-227 33 0
-228 -25 0
-228 29 0
-228 -30 0
31 -228 0
-228 -32 0
-228 36 0
-229 -28 0
-229 32 0
-229 -33 0
-229 34 0
-229 -35 0
-229 39 0
-230 -31 0
-230 35 0
-230 -36 0
-230 37 0
-230 -38 0
-230 42 0
-231 -34 0
-231 38 0
-231 -39 0
-231 40 0
-231 -41 0
-231 45 0
-232 -37 0
-232 41 0
-232 -42 0
-232 43 0
-232 -44 0
-232 48 0
-233 -40 0
-233 44 0
-233 -45 0
46 -233 0
-233 -47 0
-233 51 0
-234 -43 0
-234 47 0
-234 -48 0
-234 49 0
-234 -50 0
-234 54 0
-235 -46 0
-235 50 0
-235 -51 0
-235 52 0
-53 -235 0
-235 57 0
-236 -49 0
-236 53 0
-54 -236 0
55 -236 0
-236 -56 0
-236 60 0
-237 -52 0
-237 56 0
-237 -57 0
-237 58 0
-237 -59 0
-237 63 0
-238 -55 0
-238 59 0
-238 -60 0
-238 61 0
-238 -62 0
-238 66 0
-239 -58 0
-239 62 0
-239 -63 0
-239 64 0
-239 -65 0
-239 69 0
-240 -61 0
-240 65 0
-240 -66 0
-240 67 0
-240 -68 0
-240 72 0
-241 -64 0
-241 68 0
-241 -69 0
-241 70 0
-241 -71 0
-241 75 0
-242 -67 0
-242 71 0
-242 -72 0
-242 73 0
-242 -74 0
-242 78 0
-243 -70 0
-243 74 0
-243 -75 0
-243 76 0
-243 -77 0
-243 81 0
-244 -73 0
-244 77 0
-244 -78 0
-244 79 0
-244 -80 0
-244 84 0
-245 -76 0
-245 80 0
-245 -81 0
-245 82 0
-245 -83 0
-245 87 0
-246 -79 0
-246 83 0
-246 -84 0
-246 85 0
-246 -86 0
-246 90 0
-247 -82 0
86 -247 0
-247 -87 0
-247 88 0
-247 -89 0
-247 93 0
-85 -248 0
-248 89 0
-248 -90 0
91 -248 0
-248 -92 0
-248 96 0
-249 -88 0
-249 92 0
-249 -93 0
94 -249 0
-95 -249 0
99 -249 0
-250 2 0
-251 5 0
-252 -10 0
-253 -12 0
-254 14 0
-15 -254 0
-254 -16 0
-254 19 0
-254 -20 0
-254 24 0
-255 17 0
-255 -18 0
-255 -19 0
-255 22 0
-255 -23 0
-255 27 0
-256 20 0
-256 -21 0
-256 -22 0
-256 25 0
-256 -26 0
-256 30 0
-257 23 0
-257 -24 0
-257 -25 0
-257 28 0
-257 -29 0
-257 33 0
-258 26 0
-258 -27 0
-258 -28 0
-258 31 0
-258 -32 0
-258 36 0
-259 29 0
-259 -30 0
-259 -31 0
-259 34 0
-259 -35 0
-259 39 0
-260 32 0
-260 -33 0
-260 -34 0
-260 37 0
-260 -38 0
-260 42 0
-261 35 0
-36 -261 0
-37 -261 0
-261 40 0
-261 -41 0
-261 45 0
-262 38 0
-262 -39 0
-262 -40 0
-262 43 0
-262 -44 0
-262 48 0
-263 41 0
-263 -42 0
-263 -43 0
-263 46 0
-263 -47 0
-263 51 0
-264 44 0
-264 -45 0
-264 -46 0
-264 49 0
-264 -50 0
-264 54 0
-265 47 0
-265 -48 0
-265 -49 0
-265 52 0
-265 -53 0
-265 57 0
-266 50 0
-266 -51 0
-266 -52 0
-266 55 0
-266 -56 0
-266 60 0
-267 53 0
-267 -54 0
-267 -55 0
-267 58 0
-267 -59 0
-267 63 0
-268 56 0
-268 -57 0
-268 -58 0
-268 61 0
-268 -62 0
-268 66 0
-269 59 0
-269 -60 0
-269 -61 0
-269 64 0
-269 -65 0
-269 69 0
-270 62 0
-270 -63 0
-270 -64 0
-270 67 0
-270 -68 0
-270 72 0
-271 65 0
-271 -66 0
-271 -67 0
-271 70 0
-271 -71 0
-271 75 0
-272 68 0
-272 -69 0
-272 -70 0
-272 73 0
-272 -74 0
78 -272 0
-273 71 0
-273 -72 0
-273 -73 0
-273 76 0
-273 -77 0
-273 81 0
-274 74 0
-274 -75 0
-274 -76 0
-274 79 0
-274 -80 0
-274 84 0
-275 77 0
-275 -78 0
-275 -79 0
82 -275 0
-83 -275 0
-275 87 0
-276 80 0
-276 -81 0
-276 -82 0
-276 85 0
-276 -86 0
-276 90 0
-277 83 0
-84 -277 0
-277 -85 0
-277 88 0
-277 -89 0
-277 93 0
-278 86 0
-278 -87 0
-278 -88 0
91 -278 0
-278 -92 0
-278 96 0
-279 89 0
-279 -90 0
-279 -91 0
94 -279 0
-95 -279 0
99 -279 0
-280 2 0
-281 5 0
-282 -11 0
-283 -12 0
-284 14 0
-15 -284 0
-284 16 0
-284 -17 0
-284 -19 0
-284 24 0
-285 17 0
-285 -18 0
-285 19 0
-285 -20 0
-285 -22 0
-285 27 0
-286 20 0
-286 -21 0
-286 22 0
-286 -23 0
-286 -25 0
-286 30 0
-287 23 0
-287 -24 0
-287 25 0
-287 -26 0
-287 -28 0
-287 33 0
-288 26 0
-288 -27 0
-288 28 0
-288 -29 0
-288 -31 0
-288 36 0
-289 29 0
-289 -30 0
31 -289 0
-289 -32 0
-289 -34 0
-289 39 0
-290 32 0
-290 -33 0
-290 34 0
-290 -35 0
-290 -37 0
-290 42 0
-291 35 0
-291 -36 0
37 -291 0
-291 -38 0
-291 -40 0
-291 45 0
-292 38 0
-292 -39 0
-292 40 0
-292 -41 0
-292 -43 0
-292 48 0
-293 41 0
-42 -293 0
-293 43 0
-293 -44 0
-293 -46 0
-293 51 0
-294 44 0
-294 -45 0
-294 46 0
-294 -47 0
-294 -49 0
-294 54 0
-295 47 0
-295 -48 0
-295 49 0
-50 -295 0
-295 -52 0
-295 57 0
-296 50 0
-296 -51 0
-296 52 0
-296 -53 0
-296 -55 0
60 -296 0
-297 53 0
-297 -54 0
-297 55 0
-297 -56 0
-297 -58 0
-297 63 0
-298 56 0
-298 -57 0
-298 58 0
-298 -59 0
-298 -61 0
-298 66 0
-299 59 0
-299 -60 0
-299 61 0
-299 -62 0
-299 -64 0
-299 69 0
62 -300 0
-300 -63 0
64 -300 0
-300 -65 0
-300 -67 0
-300 72 0
-301 65 0
-301 -66 0
-301 67 0
-301 -68 0
-301 -70 0
-301 75 0
-302 68 0
-302 -69 0
-302 70 0
-302 -71 0
-302 -73 0
-302 78 0
-303 71 0
-303 -72 0
-303 73 0
-303 -74 0
-303 -76 0
-303 81 0
-304 74 0
-304 -75 0
-304 76 0
-304 -77 0
-304 -79 0
-304 84 0
-305 77 0
-78 -305 0
-305 79 0
-305 -80 0
-305 -82 0
87 -305 0
-306 80 0
-306 -81 0
-306 82 0
-306 -83 0
-306 -85 0
-306 90 0
-307 83 0
-84 -307 0
-307 85 0
-307 -86 0
-307 -88 0
-307 93 0
86 -308 0
-308 -87 0
-308 88 0
-308 -89 0
-91 -308 0
96 -308 0
-309 89 0
-309 -90 0
91 -309 0
-309 -92 0
-309 -94 0
99 -309 0
-310 2 0
-311 5 0
-312 -11 0
-313 -12 0
-314 14 0
-15 -314 0
16 -314 0
-17 -314 0
-314 21 0
-22 -314 0
-315 17 0
-315 -18 0
-315 19 0
-315 -20 0
-315 24 0
-315 -25 0
20 -316 0
-316 -21 0
-316 22 0
-316 -23 0
-316 27 0
-316 -28 0
-317 23 0
-317 -24 0
-317 25 0
-317 -26 0
-317 30 0
-317 -31 0
-318 26 0
-318 -27 0
-318 28 0
-318 -29 0
-318 33 0
-318 -34 0
-319 29 0
-319 -30 0
-319 31 0
-319 -32 0
-319 36 0
-319 -37 0
-320 32 0
-320 -33 0
-320 34 0
-320 -35 0
-320 39 0
-320 -40 0
-321 35 0
-321 -36 0
-321 37 0
-321 -38 0
-321 42 0
-321 -43 0
-322 38 0
-39 -322 0
-322 40 0
-322 -41 0
-322 45 0
-322 -46 0
-323 41 0
-323 -42 0
-323 43 0
-323 -44 0
-323 48 0
-323 -49 0
-324 44 0
-324 -45 0
-324 46 0
-324 -47 0
51 -324 0
-324 -52 0
-325 47 0
-325 -48 0
-325 49 0
-325 -50 0
-325 54 0
-325 -55 0
-326 50 0
-326 -51 0
-326 52 0
-326 -53 0
-326 57 0
-326 -58 0
-327 53 0
-327 -54 0
-327 55 0
-327 -56 0
-327 60 0
-327 -61 0
-328 56 0
-328 -57 0
-328 58 0
-328 -59 0
-328 63 0
-328 -64 0
-329 59 0
-329 -60 0
-329 61 0
-329 -62 0
-329 66 0
-329 -67 0
-330 62 0
-330 -63 0
-330 64 0
-330 -65 0
-330 69 0
-330 -70 0
-331 65 0
-331 -66 0
-331 67 0
-331 -68 0
-331 72 0
-331 -73 0
-332 68 0
-332 -69 0
-332 70 0
-332 -71 0
-332 75 0
-332 -76 0
-333 71 0
-333 -72 0
-333 73 0
-333 -74 0
-333 78 0
-333 -79 0
-334 74 0
-334 -75 0
-334 76 0
-334 -77 0
-334 81 0
-334 -82 0
-335 77 0
-335 -78 0
-335 79 0
-335 -80 0
-335 84 0
-335 -85 0
80 -336 0
-81 -336 0
82 -336 0
-83 -336 0
-336 87 0
-336 -88 0
-337 83 0
-337 -84 0
-337 85 0
-337 -86 0
-337 90 0
-337 -91 0
86 -338 0
-338 -87 0
-338 88 0
-338 -89 0
-338 93 0
-94 -338 0
-339 89 0
-339 -90 0
-339 91 0
-339 -92 0
-339 96 0
-97 -339 0
-340 5 0
-341 -4 0
-342 -7 0
-343 -10 0
-344 -13 0
-344 17 0
-18 -344 0
-344 21 0
22 -344 0
-23 -344 0
-345 -16 0
-345 20 0
-345 -21 0
24 -345 0
25 -345 0
-345 -26 0
-346 -19 0
-346 23 0
-346 -24 0
-346 27 0
-346 28 0
-346 -29 0
-347 -22 0
-347 26 0
-347 -27 0
-347 30 0
-347 31 0
-347 -32 0
-348 -25 0
-348 29 0
-348 -30 0
-348 33 0
-348 34 0
-348 -35 0
-349 -28 0
32 -349 0
-33 -349 0
36 -349 0
-349 37 0
-349 -38 0
-350 -31 0
-350 35 0
-350 -36 0
-350 39 0
-350 40 0
-350 -41 0
-351 -34 0
-351 38 0
-351 -39 0
-351 42 0
-351 43 0
-351 -44 0
-352 -37 0
-352 41 0
-352 -42 0
-352 45 0
-352 46 0
-352 -47 0
-353 -40 0
44 -353 0
-353 -45 0
-353 48 0
49 -353 0
-50 -353 0
-354 -43 0
-354 47 0
-354 -48 0
-354 51 0
-354 52 0
-354 -53 0
-355 -46 0
-355 50 0
-355 -51 0
-355 54 0
-355 55 0
-355 -56 0
-356 -49 0
-356 53 0
-356 -54 0
-356 57 0
-356 58 0
-356 -59 0
-357 -52 0
-357 56 0
-357 -57 0
-357 60 0
-357 61 0
-357 -62 0
-358 -55 0
-358 59 0
-358 -60 0
-358 63 0
-358 64 0
-358 -65 0
-58 -359 0
-359 62 0
-359 -63 0
-359 66 0
67 -359 0
-359 -68 0
-360 -61 0
-360 65 0
-360 -66 0
-360 69 0
-360 70 0
-360 -71 0
-361 -64 0
-361 68 0
-361 -69 0
-361 72 0
-361 73 0
-361 -74 0
-362 -67 0
-362 71 0
-72 -362 0
-362 75 0
76 -362 0
-362 -77 0
-363 -70 0
74 -363 0
-363 -75 0
78 -363 0
-363 79 0
-363 -80 0
-364 -73 0
-364 77 0
-364 -78 0
-364 81 0
82 -364 0
-83 -364 0
-365 -76 0
-365 80 0
-365 -81 0
-365 84 0
-365 85 0
-365 -86 0
-366 -79 0
-366 83 0
-366 -84 0
-366 87 0
-366 88 0
-366 -89 0
-367 -82 0
-367 86 0
-367 -87 0
-367 90 0
-367 91 0
-367 -92 0
-368 -85 0
-368 89 0
-368 -90 0
-368 93 0
-368 94 0
-368 -95 0
-369 -88 0
-369 92 0
-369 -93 0
-369 96 0
-369 97 0
-369 -98 0
-370 2 0
-371 5 0
-372 -10 0
-373 -12 0
-374 14 0
-15 -374 0
-374 -16 0
-374 21 0
-374 22 0
-23 -374 0
17 -375 0
-18 -375 0
-19 -375 0
24 -375 0
25 -375 0
-375 -26 0
-376 20 0
-376 -21 0
-376 -22 0
-376 27 0
-376 28 0
-376 -29 0
-377 23 0
-377 -24 0
-377 -25 0
-377 30 0
-377 31 0
-377 -32 0
-378 26 0
-27 -378 0
-378 -28 0
33 -378 0
34 -378 0
-35 -378 0
-379 29 0
-379 -30 0
-379 -31 0
-379 36 0
-379 37 0
-379 -38 0
-380 32 0
-380 -33 0
-380 -34 0
-380 39 0
-380 40 0
-380 -41 0
-381 35 0
-381 -36 0
-381 -37 0
-381 42 0
-381 43 0
-381 -44 0
-382 38 0
-39 -382 0
-382 -40 0
-382 45 0
46 -382 0
-382 -47 0
-383 41 0
-383 -42 0
-383 -43 0
-383 48 0
-383 49 0
-383 -50 0
-384 44 0
-384 -45 0
-384 -46 0
-384 51 0
-384 52 0
-384 -53 0
-385 47 0
-385 -48 0
-385 -49 0
-385 54 0
-385 55 0
-385 -56 0
-386 50 0
-386 -51 0
-386 -52 0
-386 57 0
-386 58 0
-386 -59 0
-387 53 0
-387 -54 0
-387 -55 0
-387 60 0
-387 61 0
-387 -62 0
56 -388 0
-57 -388 0
-388 -58 0
63 -388 0
64 -388 0
-388 -65 0
-389 59 0
-389 -60 0
-389 -61 0
-389 66 0
-389 67 0
-389 -68 0
-390 62 0
-390 -63 0
-390 -64 0
-390 69 0
-390 70 0
-390 -71 0
-391 65 0
-391 -66 0
-391 -67 0
-391 72 0
-391 73 0
-391 -74 0
-392 68 0
-392 -69 0
-392 -70 0
-392 75 0
-392 76 0
-392 -77 0
-393 71 0
-393 -72 0
-393 -73 0
-393 78 0
-393 79 0
-393 -80 0
-394 74 0
-394 -75 0
-394 -76 0
-394 81 0
-394 82 0
-394 -83 0
-395 77 0
-395 -78 0
-395 -79 0
-395 84 0
-395 85 0
-395 -86 0
-396 80 0
-396 -81 0
-396 -82 0
-396 87 0
-396 88 0
-396 -89 0
-397 83 0
-84 -397 0
-397 -85 0
-397 90 0
-397 91 0
-397 -92 0
-398 86 0
-398 -87 0
-398 -88 0
-398 93 0
-398 94 0
-95 -398 0
-399 89 0
-399 -90 0
-399 -91 0
96 -399 0
97 -399 0
-98 -399 0
-400 2 0
-401 5 0
-402 -13 0
-402 16 0
-402 -17 0
-403 -12 0
-404 14 0
-15 -404 0
-404 18 0
-404 -19 0
-404 22 0
-404 -23 0
-405 17 0
-405 -18 0
-405 21 0
-405 -22 0
-405 25 0
-405 -26 0
-406 20 0
-406 -21 0
-406 24 0
-406 -25 0
-406 28 0
-406 -29 0
-407 23 0
-407 -24 0
-407 27 0
-28 -407 0
-407 31 0
-407 -32 0
-408 26 0
-408 -27 0
-408 30 0
-408 -31 0
-408 34 0
-408 -35 0
-409 29 0
-409 -30 0
-409 33 0
-409 -34 0
-409 37 0
-409 -38 0
-410 32 0
-410 -33 0
-410 36 0
-410 -37 0
-410 40 0
-410 -41 0
-411 35 0
-411 -36 0
-411 39 0
-411 -40 0
43 -411 0
-411 -44 0
-412 38 0
-412 -39 0
-412 42 0
-412 -43 0
-412 46 0
-412 -47 0
-413 41 0
-413 -42 0
-413 45 0
-413 -46 0
-413 49 0
-413 -50 0
-414 44 0
-414 -45 0
-414 48 0
-414 -49 0
-414 52 0
-414 -53 0
-415 47 0
-415 -48 0
-415 51 0
-415 -52 0
55 -415 0
-415 -56 0
-416 50 0
-416 -51 0
-416 54 0
-416 -55 0
-416 58 0
-416 -59 0
-417 53 0
-417 -54 0
-417 57 0
-417 -58 0
-417 61 0
-417 -62 0
-418 56 0
-418 -57 0
-418 60 0
-418 -61 0
-418 64 0
-418 -65 0
-419 59 0
-419 -60 0
-419 63 0
-419 -64 0
-419 67 0
-419 -68 0
-420 62 0
-420 -63 0
-420 66 0
-420 -67 0
-420 70 0
-71 -420 0
-421 65 0
-421 -66 0
-421 69 0
-421 -70 0
-421 73 0
-421 -74 0
-422 68 0
-422 -69 0
-422 72 0
-422 -73 0
-422 76 0
-422 -77 0
-423 71 0
-423 -72 0
-423 75 0
-423 -76 0
-423 79 0
-423 -80 0
74 -424 0
-424 -75 0
-424 78 0
-424 -79 0
82 -424 0
-83 -424 0
-425 77 0
-425 -78 0
-425 81 0
-425 -82 0
-425 85 0
-425 -86 0
-426 80 0
-426 -81 0
-426 84 0
-426 -85 0
-426 88 0
-426 -89 0
-427 83 0
-84 -427 0
87 -427 0
-427 -88 0
91 -427 0
-427 -92 0
86 -428 0
-428 -87 0
-428 90 0
-428 -91 0
94 -428 0
-95 -428 0
-429 89 0
-429 -90 0
-429 93 0
-429 -94 0
97 -429 0
-98 -429 0
-430 2 0
-431 5 0
-432 13 0
-14 -432 0
-432 -16 0
-433 -12 0
-434 14 0
-434 -15 0
-434 18 0
-434 19 0
-434 -20 0
-434 -22 0
-435 17 0
-435 -18 0
-435 21 0
-435 22 0
-435 -23 0
-435 -25 0
-436 20 0
-436 -21 0
-436 24 0
25 -436 0
-436 -26 0
-436 -28 0
-437 23 0
-437 -24 0
-437 27 0
-437 28 0
-437 -29 0
-437 -31 0
-438 26 0
-438 -27 0
-438 30 0
-438 31 0
-438 -32 0
-438 -34 0
-439 29 0
-439 -30 0
-439 33 0
-439 34 0
-439 -35 0
-439 -37 0
-440 32 0
-440 -33 0
-440 36 0
37 -440 0
-440 -38 0
-440 -40 0
-441 35 0
-441 -36 0
-441 39 0
-441 40 0
-441 -41 0
-441 -43 0
-442 38 0
-442 -39 0
-442 42 0
-442 43 0
-442 -44 0
-442 -46 0
-443 41 0
-443 -42 0
-443 45 0
-443 46 0
-443 -47 0
-443 -49 0
-444 44 0
-444 -45 0
-444 48 0
49 -444 0
-444 -50 0
-444 -52 0
-445 47 0
-445 -48 0
-445 51 0
-445 52 0
-445 -53 0
-445 -55 0
-446 50 0
-446 -51 0
-446 54 0
-446 55 0
-446 -56 0
-446 -58 0
-447 53 0
-447 -54 0
-447 57 0
-447 58 0
-447 -59 0
-447 -61 0
-448 56 0
-448 -57 0
-448 60 0
-448 61 0
-448 -62 0
-448 -64 0
-449 59 0
-449 -60 0
-449 63 0
-449 64 0
-449 -65 0
-449 -67 0
62 -450 0
-450 -63 0
-450 66 0
67 -450 0
-450 -68 0
-450 -70 0
-451 65 0
-451 -66 0
-451 69 0
-451 70 0
-451 -71 0
-451 -73 0
-452 68 0
-69 -452 0
-452 72 0
-452 73 0
-452 -74 0
-76 -452 0
-453 71 0
-453 -72 0
-453 75 0
-453 76 0
-453 -77 0
-453 -79 0
-454 74 0
-454 -75 0
-454 78 0
-454 79 0
-454 -80 0
-454 -82 0
-455 77 0
-455 -78 0
-455 81 0
-455 82 0
-455 -83 0
-455 -85 0
-456 80 0
-456 -81 0
-456 84 0
-456 85 0
-456 -86 0
-456 -88 0
-457 83 0
-457 -84 0
-457 87 0
-457 88 0
-457 -89 0
-457 -91 0
-458 86 0
-458 -87 0
-458 90 0
-458 91 0
-458 -92 0
-458 -94 0
-459 89 0
-459 -90 0
-459 93 0
-459 94 0
-459 -95 0
-459 -97 0
-460 9 0
-461 -4 0
-462 -7 0
-463 -10 0
-13 -464 0
-464 16 0
-464 -17 0
-464 21 0
-464 23 0
-464 -24 0
-465 -16 0
-465 19 0
-465 -20 0
24 -465 0
-465 26 0
-465 -27 0
-466 -19 0
-466 22 0
-466 -23 0
-466 27 0
-466 29 0
-466 -30 0
-467 -22 0
-467 25 0
-467 -26 0
-467 30 0
-467 32 0
-467 -33 0
-468 -25 0
-468 28 0
-468 -29 0
-468 33 0
-468 35 0
-468 -36 0
-28 -469 0
31 -469 0
-469 -32 0
36 -469 0
-469 38 0
-39 -469 0
-470 -31 0
-470 34 0
-470 -35 0
-470 39 0
-470 41 0
-470 -42 0
-471 -34 0
-471 37 0
-471 -38 0
-471 42 0
-471 44 0
-471 -45 0
-37 -472 0
40 -472 0
-472 -41 0
45 -472 0
47 -472 0
-48 -472 0
-473 -40 0
-473 43 0
-473 -44 0
-473 48 0
-473 50 0
-51 -473 0
-474 -43 0
-474 46 0
-474 -47 0
-474 51 0
-474 53 0
-474 -54 0
-475 -46 0
-475 49 0
-475 -50 0
-475 54 0
-475 56 0
-475 -57 0
-476 -49 0
-476 52 0
-476 -53 0
-476 57 0
-476 59 0
-476 -60 0
-477 -52 0
-477 55 0
-477 -56 0
-477 60 0
-477 62 0
-477 -63 0
-478 -55 0
-478 58 0
-478 -59 0
-478 63 0
-478 65 0
-478 -66 0
-479 -58 0
61 -479 0
-479 -62 0
-479 66 0
-479 68 0
-479 -69 0
-480 -61 0
-480 64 0
-480 -65 0
-480 69 0
-480 71 0
-480 -72 0
-481 -64 0
-481 67 0
-481 -68 0
-481 72 0
-481 74 0
-481 -75 0
-482 -67 0
-482 70 0
-71 -482 0
-482 75 0
-482 77 0
-78 -482 0
-483 -70 0
-483 73 0
-483 -74 0
-483 78 0
-483 80 0
-81 -483 0
-484 -73 0
-484 76 0
-484 -77 0
-484 81 0
-484 83 0
-84 -484 0
-485 -76 0
-485 79 0
-485 -80 0
-485 84 0
-485 86 0
-485 -87 0
-486 -79 0
-486 82 0
-486 -83 0
-486 87 0
-486 89 0
-486 -90 0
-487 -82 0
-487 85 0
-487 -86 0
-487 90 0
-487 92 0
-487 -93 0
-488 -85 0
-488 88 0
-488 -89 0
-488 93 0
95 -488 0
-96 -488 0
-489 -88 0
91 -489 0
-489 -92 0
96 -489 0
98 -489 0
-489 -99 0
-490 1 0
-491 -7 0
-492 -8 0
-493 -11 0
13 -494 0
-494 -14 0
-494 -16 0
-494 21 0
-494 23 0
-494 -24 0
-495 16 0
-495 -17 0
-19 -495 0
24 -495 0
-495 26 0
-495 -27 0
-496 19 0
-496 -20 0
-496 -22 0
-496 27 0
-496 29 0
-496 -30 0
-497 22 0
-497 -23 0
-497 -25 0
-497 30 0
-497 32 0
-497 -33 0
25 -498 0
-498 -26 0
-498 -28 0
33 -498 0
35 -498 0
-36 -498 0
-499 28 0
-499 -29 0
-499 -31 0
-499 36 0
-499 38 0
-499 -39 0
-500 31 0
-500 -32 0
-500 -34 0
-500 39 0
-500 41 0
-500 -42 0
-501 34 0
-501 -35 0
-501 -37 0
-501 42 0
-501 44 0
-501 -45 0
37 -502 0
-502 -38 0
-502 -40 0
-502 45 0
47 -502 0
-48 -502 0
-503 40 0
-503 -41 0
-503 -43 0
-503 48 0
-503 50 0
-51 -503 0
-504 43 0
-504 -44 0
-504 -46 0
-504 51 0
-504 53 0
-504 -54 0
-505 46 0
-505 -47 0
-505 -49 0
-505 54 0
-505 56 0
-505 -57 0
-506 49 0
-506 -50 0
-506 -52 0
-506 57 0
-506 59 0
-506 -60 0
-507 52 0
-507 -53 0
-507 -55 0
-507 60 0
-507 62 0
-507 -63 0
55 -508 0
-508 -56 0
-508 -58 0
63 -508 0
65 -508 0
-66 -508 0
-509 58 0
-509 -59 0
-509 -61 0
-509 66 0
-509 68 0
-509 -69 0
-510 61 0
-510 -62 0
-510 -64 0
-510 69 0
-510 71 0
-510 -72 0
-511 64 0
-511 -65 0
-511 -67 0
-511 72 0
-511 74 0
-511 -75 0
-512 67 0
-512 -68 0
-512 -70 0
-512 75 0
-512 77 0
-78 -512 0
-513 70 0
-513 -71 0
-513 -73 0
-513 78 0
-513 80 0
-81 -513 0
-514 73 0
-514 -74 0
-514 -76 0
-514 81 0
-514 83 0
-84 -514 0
-515 76 0
-515 -77 0
-515 -79 0
-515 84 0
-515 86 0
-515 -87 0
-516 79 0
-516 -80 0
-516 -82 0
-516 87 0
-516 89 0
-516 -90 0
-517 82 0
-517 -83 0
-517 -85 0
-517 90 0
-517 92 0
-517 -93 0
-518 85 0
-518 -86 0
-518 -88 0
-518 93 0
-518 95 0
-518 -96 0
-519 88 0
-519 -89 0
-519 -91 0
96 -519 0
98 -519 0
-99 -519 0
-520 1 0
-521 9 0
-522 -8 0
-523 -11 0
-524 13 0
-524 -14 0
-524 18 0
-524 -19 0
-524 23 0
-524 -24 0
-525 16 0
-17 -525 0
-525 21 0
-525 -22 0
-525 26 0
-525 -27 0
-526 19 0
-526 -20 0
-526 24 0
-526 -25 0
-526 29 0
-526 -30 0
-527 22 0
-527 -23 0
-527 27 0
-527 -28 0
-527 32 0
-527 -33 0
-528 25 0
-528 -26 0
-528 30 0
-528 -31 0
-528 35 0
-528 -36 0
-529 28 0
-529 -29 0
-529 33 0
-529 -34 0
-529 38 0
-529 -39 0
-530 31 0
-530 -32 0
-530 36 0
-530 -37 0
-530 41 0
-530 -42 0
-531 34 0
-531 -35 0
-531 39 0
-531 -40 0
-531 44 0
-531 -45 0
-532 37 0
-532 -38 0
-532 42 0
-532 -43 0
-532 47 0
-532 -48 0
-533 40 0
-533 -41 0
-533 45 0
-533 -46 0
-533 50 0
-533 -51 0
-534 43 0
-534 -44 0
-534 48 0
-534 -49 0
-534 53 0
-534 -54 0
-535 46 0
-535 -47 0
-535 51 0
-535 -52 0
-535 56 0
-535 -57 0
-536 49 0
-536 -50 0
-536 54 0
-536 -55 0
-536 59 0
-536 -60 0
-537 52 0
-537 -53 0
-537 57 0
-537 -58 0
-537 62 0
-537 -63 0
-538 55 0
-538 -56 0
-538 60 0
-538 -61 0
-538 65 0
-538 -66 0
-539 58 0
-539 -59 0
-539 63 0
-539 -64 0
-539 68 0
-539 -69 0
-540 61 0
-540 -62 0
-540 66 0
-540 -67 0
-540 71 0
-540 -72 0
-541 64 0
-541 -65 0
-541 69 0
-541 -70 0
-541 74 0
-541 -75 0
-542 67 0
-542 -68 0
-542 72 0
-542 -73 0
-542 77 0
-542 -78 0
-543 70 0
-543 -71 0
-543 75 0
-543 -76 0
-543 80 0
-543 -81 0
-544 73 0
-544 -74 0
-544 78 0
-544 -79 0
-544 83 0
-544 -84 0
-545 76 0
-545 -77 0
-545 81 0
-545 -82 0
-545 86 0
-545 -87 0
-546 79 0
-546 -80 0
-546 84 0
-546 -85 0
-546 89 0
-546 -90 0
-547 82 0
-547 -83 0
-547 87 0
-547 -88 0
-547 92 0
-547 -93 0
-548 85 0
-548 -86 0
-548 90 0
-548 -91 0
-548 95 0
-96 -548 0
-549 88 0
-549 -89 0
-549 93 0
-94 -549 0
98 -549 0
-99 -549 0
-550 1 0
-551 9 0
-552 -8 0
-553 -11 0
-554 13 0
-14 -554 0
-554 18 0
-554 20 0
-554 -21 0
-22 -554 0
16 -555 0
-17 -555 0
-555 21 0
-555 23 0
-555 -24 0
-555 -25 0
-556 19 0
-556 -20 0
-556 24 0
-556 26 0
-556 -27 0
-556 -28 0
-557 22 0
-557 -23 0
-557 27 0
-557 29 0
-557 -30 0
-557 -31 0
-558 25 0
-558 -26 0
-558 30 0
-558 32 0
-558 -33 0
-558 -34 0
-559 28 0
-559 -29 0
-559 33 0
-559 35 0
-559 -36 0
-559 -37 0
31 -560 0
-560 -32 0
36 -560 0
-560 38 0
-39 -560 0
-560 -40 0
-561 34 0
-561 -35 0
-561 39 0
-561 41 0
-561 -42 0
-561 -43 0
-562 37 0
-562 -38 0
-562 42 0
-562 44 0
-562 -45 0
-562 -46 0
-563 40 0
-563 -41 0
-563 45 0
47 -563 0
-48 -563 0
-563 -49 0
-564 43 0
-564 -44 0
-564 48 0
-564 50 0
-51 -564 0
-564 -52 0
-565 46 0
-565 -47 0
-565 51 0
-565 53 0
-565 -54 0
-565 -55 0
-566 49 0
-566 -50 0
-566 54 0
-566 56 0
-566 -57 0
-566 -58 0
-567 52 0
-567 -53 0
-567 57 0
-567 59 0
-567 -60 0
-567 -61 0
-568 55 0
-568 -56 0
-568 60 0
-568 62 0
-568 -63 0
-568 -64 0
-569 58 0
-569 -59 0
-569 63 0
-569 65 0
-569 -66 0
-569 -67 0
61 -570 0
-570 -62 0
-570 66 0
-570 68 0
-570 -69 0
-570 -70 0
64 -571 0
-571 -65 0
-571 69 0
-571 71 0
-571 -72 0
-571 -73 0
-572 67 0
-572 -68 0
-572 72 0
-572 74 0
-572 -75 0
-572 -76 0
-573 70 0
-573 -71 0
-573 75 0
-573 77 0
-78 -573 0
-573 -79 0
-574 73 0
-574 -74 0
-574 78 0
-574 80 0
-81 -574 0
-574 -82 0
-575 76 0
-575 -77 0
-575 81 0
-575 83 0
-575 -84 0
-575 -85 0
-576 79 0
-576 -80 0
-576 84 0
-576 86 0
-576 -87 0
-576 -88 0
-577 82 0
-577 -83 0
-577 87 0
-577 89 0
-577 -90 0
-577 -91 0
-578 85 0
-578 -86 0
-578 90 0
-578 92 0
-578 -93 0
-578 -94 0
-579 88 0
-579 -89 0
-579 93 0
-579 95 0
-579 -96 0
-97 -579 0
-580 6 0
-581 -4 0
-582 -7 0
-583 -10 0
-13 -584 0
-584 18 0
19 -584 0
-584 -20 0
23 -584 0
-584 -24 0
-585 -16 0
-585 21 0
22 -585 0
-585 -23 0
-585 26 0
-585 -27 0
-586 -19 0
-586 24 0
-586 25 0
-586 -26 0
-586 29 0
-586 -30 0
-587 -22 0
-587 27 0
-587 28 0
-587 -29 0
-587 32 0
-587 -33 0
-588 -25 0
-588 30 0
-588 31 0
-588 -32 0
-588 35 0
-588 -36 0
-589 -28 0
-589 33 0
34 -589 0
-589 -35 0
-589 38 0
-39 -589 0
-590 -31 0
-590 36 0
-590 37 0
-590 -38 0
-590 41 0
-590 -42 0
-591 -34 0
-591 39 0
-591 40 0
-591 -41 0
-591 44 0
-591 -45 0
-592 -37 0
-592 42 0
-592 43 0
-592 -44 0
-592 47 0
-592 -48 0
-593 -40 0
-593 45 0
46 -593 0
-593 -47 0
50 -593 0
-51 -593 0
-594 -43 0
-594 48 0
-594 49 0
-594 -50 0
-594 53 0
-594 -54 0
-595 -46 0
-595 51 0
-595 52 0
-595 -53 0
-595 56 0
-595 -57 0
-596 -49 0
-596 54 0
-596 55 0
-596 -56 0
-596 59 0
-596 -60 0
-597 -52 0
-597 57 0
-597 58 0
-597 -59 0
-597 62 0
-597 -63 0
-598 -55 0
-598 60 0
-598 61 0
-598 -62 0
-598 65 0
-598 -66 0
-599 -58 0
-599 63 0
-599 64 0
-599 -65 0
-599 68 0
-599 -69 0
-61 -600 0
-600 66 0
67 -600 0
-600 -68 0
-600 71 0
-72 -600 0
-601 -64 0
-601 69 0
-601 70 0
-601 -71 0
-601 74 0
-601 -75 0
-602 -67 0
-602 72 0
-602 73 0
-602 -74 0
-602 77 0
-602 -78 0
-603 -70 0
-603 75 0
76 -603 0
-77 -603 0
80 -603 0
-81 -603 0
-604 -73 0
-604 78 0
-604 79 0
-604 -80 0
-604 83 0
-84 -604 0
-605 -76 0
-605 81 0
-605 82 0
-605 -83 0
-605 86 0
-605 -87 0
-606 -79 0
-606 84 0
-606 85 0
-606 -86 0
-606 89 0
-606 -90 0
-607 -82 0
-607 87 0
-607 88 0
-607 -89 0
-607 92 0
-607 -93 0
-608 -85 0
-608 90 0
-608 91 0
-608 -92 0
-608 95 0
-96 -608 0
-609 -88 0
-609 93 0
-609 94 0
-95 -609 0
98 -609 0
-99 -609 0
-610 3 0
-611 6 0
-612 9 0
-613 -13 0
-613 16 0
-613 -17 0
-613 20 0
-613 -21 0
-614 15 0
-614 -16 0
19 -614 0
-614 -20 0
23 -614 0
-614 -24 0
-615 18 0
-19 -615 0
22 -615 0
-23 -615 0
-615 26 0
-615 -27 0
-616 21 0
-616 -22 0
-616 25 0
-616 -26 0
-616 29 0
-616 -30 0
-617 24 0
-617 -25 0
-617 28 0
-617 -29 0
-617 32 0
-617 -33 0
-618 27 0
-28 -618 0
-618 31 0
-618 -32 0
-618 35 0
-618 -36 0
-619 30 0
-619 -31 0
-619 34 0
-619 -35 0
-619 38 0
-619 -39 0
-620 33 0
-620 -34 0
-620 37 0
-620 -38 0
-620 41 0
-620 -42 0
-621 36 0
-621 -37 0
-621 40 0
-621 -41 0
-621 44 0
-621 -45 0
-622 39 0
-622 -40 0
43 -622 0
-622 -44 0
-622 47 0
-622 -48 0
-623 42 0
-623 -43 0
-623 46 0
-623 -47 0
-623 50 0
-623 -51 0
-624 45 0
-624 -46 0
-624 49 0
-624 -50 0
-624 53 0
-624 -54 0
-625 48 0
-625 -49 0
-625 52 0
-625 -53 0
-625 56 0
-625 -57 0
-626 51 0
-626 -52 0
-626 55 0
-626 -56 0
-626 59 0
-626 -60 0
-627 54 0
-627 -55 0
-627 58 0
-627 -59 0
-627 62 0
-627 -63 0
-628 57 0
-628 -58 0
61 -628 0
-628 -62 0
-628 65 0
-628 -66 0
-629 60 0
-629 -61 0
-629 64 0
-629 -65 0
-629 68 0
-629 -69 0
-630 63 0
-630 -64 0
-630 67 0
-630 -68 0
-630 71 0
-630 -72 0
-631 66 0
-631 -67 0
-631 70 0
-631 -71 0
-631 74 0
-631 -75 0
-632 69 0
-632 -70 0
-632 73 0
-632 -74 0
-632 77 0
-632 -78 0
-633 72 0
-633 -73 0
-633 76 0
-633 -77 0
-633 80 0
-81 -633 0
-634 75 0
-76 -634 0
-634 79 0
-634 -80 0
-634 83 0
-84 -634 0
-635 78 0
-635 -79 0
-635 82 0
-635 -83 0
-635 86 0
-635 -87 0
-636 81 0
-636 -82 0
-636 85 0
-636 -86 0
-636 89 0
-636 -90 0
-637 84 0
-637 -85 0
-637 88 0
-637 -89 0
-637 92 0
-637 -93 0
-638 87 0
-638 -88 0
-638 91 0
-638 -92 0
-638 95 0
-638 -96 0
-639 90 0
-639 -91 0
94 -639 0
-95 -639 0
98 -639 0
-99 -639 0
-640 3 0
-641 6 0
-642 9 0
-643 13 0
-643 -14 0
-643 -16 0
-643 20 0
-643 -21 0
-644 15 0
-644 16 0
-644 -17 0
-644 -19 0
-644 23 0
-644 -24 0
-645 18 0
-645 19 0
-645 -20 0
-645 -22 0
-645 26 0
-645 -27 0
-646 21 0
-646 22 0
-646 -23 0
-646 -25 0
-646 29 0
-646 -30 0
-647 24 0
-647 25 0
-647 -26 0
-647 -28 0
-647 32 0
-647 -33 0
-648 27 0
-648 28 0
-648 -29 0
-648 -31 0
-648 35 0
-648 -36 0
-649 30 0
-649 31 0
-649 -32 0
-649 -34 0
-649 38 0
-649 -39 0
-650 33 0
-650 34 0
-650 -35 0
-650 -37 0
-650 41 0
-650 -42 0
-651 36 0
-651 37 0
-651 -38 0
-651 -40 0
-651 44 0
-651 -45 0
-652 39 0
-652 40 0
-652 -41 0
-652 -43 0
-652 47 0
-652 -48 0
-653 42 0
-653 43 0
-653 -44 0
-653 -46 0
-653 50 0
-653 -51 0
-654 45 0
-654 46 0
-654 -47 0
-654 -49 0
-654 53 0
-654 -54 0
-655 48 0
49 -655 0
-655 -50 0
-655 -52 0
-655 56 0
-655 -57 0
-656 51 0
-656 52 0
-656 -53 0
-656 -55 0
-656 59 0
-656 -60 0
-657 54 0
-657 55 0
-657 -56 0
-657 -58 0
-657 62 0
-657 -63 0
-658 57 0
-658 58 0
-658 -59 0
-658 -61 0
-658 65 0
-658 -66 0
-659 60 0
-659 61 0
-659 -62 0
-659 -64 0
-659 68 0
-659 -69 0
63 -660 0
64 -660 0
-660 -65 0
-660 -67 0
-660 71 0
-72 -660 0
-661 66 0
-661 67 0
-661 -68 0
-661 -70 0
-661 74 0
-661 -75 0
-662 69 0
-662 70 0
-662 -71 0
-662 -73 0
-662 77 0
-662 -78 0
-663 72 0
-663 73 0
-663 -74 0
-663 -76 0
-663 80 0
-663 -81 0
-664 75 0
76 -664 0
-664 -77 0
-664 -79 0
-664 83 0
-84 -664 0
-665 78 0
-665 79 0
-665 -80 0
-665 -82 0
-665 86 0
-665 -87 0
-666 81 0
-666 82 0
-666 -83 0
-666 -85 0
-666 89 0
-666 -90 0
-667 84 0
-667 85 0
-667 -86 0
-667 -88 0
-667 92 0
-667 -93 0
-668 87 0
-668 88 0
-668 -89 0
-668 -91 0
-668 95 0
-668 -96 0
-669 90 0
-669 91 0
-669 -92 0
-669 -94 0
-669 98 0
-99 -669 0
-670 3 0
-671 6 0
-672 9 0
-673 13 0
-673 -14 0
-673 17 0
-673 -18 0
-673 -19 0
-674 15 0
-674 16 0
-674 -17 0
-674 20 0
-674 -21 0
-674 -22 0
-675 18 0
-675 19 0
-675 -20 0
-675 23 0
-675 -24 0
-675 -25 0
-676 21 0
-676 22 0
-676 -23 0
-676 26 0
-27 -676 0
-676 -28 0
-677 24 0
-677 25 0
-677 -26 0
-677 29 0
-677 -30 0
-677 -31 0
-678 27 0
-678 28 0
-678 -29 0
-678 32 0
-678 -33 0
-678 -34 0
-679 30 0
-679 31 0
-679 -32 0
-679 35 0
-679 -36 0
-679 -37 0
-680 33 0
34 -680 0
-680 -35 0
-680 38 0
-680 -39 0
-680 -40 0
-681 36 0
-681 37 0
-681 -38 0
-681 41 0
-681 -42 0
-681 -43 0
-682 39 0
40 -682 0
-682 -41 0
-682 44 0
-682 -45 0
-682 -46 0
-683 42 0
-683 43 0
-683 -44 0
-683 47 0
-683 -48 0
-683 -49 0
-684 45 0
46 -684 0
-684 -47 0
50 -684 0
-51 -684 0
-684 -52 0
-685 48 0
-685 49 0
-685 -50 0
-685 53 0
-685 -54 0
-685 -55 0
-686 51 0
-686 52 0
-686 -53 0
-686 56 0
-686 -57 0
-686 -58 0
-687 54 0
-687 55 0
-687 -56 0
-687 59 0
-687 -60 0
-687 -61 0
-688 57 0
-688 58 0
-688 -59 0
-688 62 0
-688 -63 0
-688 -64 0
-689 60 0
-689 61 0
-689 -62 0
-689 65 0
-689 -66 0
-689 -67 0
-690 63 0
-690 64 0
-690 -65 0
-690 68 0
-690 -69 0
-690 -70 0
-691 66 0
-691 67 0
-691 -68 0
-691 71 0
-691 -72 0
-691 -73 0
-692 69 0
-692 70 0
-692 -71 0
-692 74 0
-692 -75 0
-692 -76 0
-693 72 0
-693 73 0
-693 -74 0
-693 77 0
-693 -78 0
-693 -79 0
-694 75 0
76 -694 0
-694 -77 0
-694 80 0
-81 -694 0
-694 -82 0
-695 78 0
-695 79 0
-695 -80 0
-695 83 0
-84 -695 0
-695 -85 0
-696 81 0
-696 82 0
-696 -83 0
-696 86 0
-696 -87 0
-696 -88 0
-697 84 0
-697 85 0
-697 -86 0
-697 89 0
-697 -90 0
-697 -91 0
-698 87 0
-698 88 0
-698 -89 0
-698 92 0
-698 -93 0
-698 -94 0
-699 90 0
-699 91 0
-699 -92 0
-699 95 0
-699 -96 0
-699 -97 0
-700 6 0
-701 -4 0
-702 -7 0
-703 -10 0
-704 -13 0
-704 18 0
20 -704 0
-704 -21 0
22 -704 0
-704 -23 0
-705 -16 0
-705 21 0
-705 23 0
-705 -24 0
-705 25 0
-705 -26 0
-706 -19 0
-706 24 0
-706 26 0
-706 -27 0
-706 28 0
-706 -29 0
-707 -22 0
-707 27 0
-707 29 0
-707 -30 0
-707 31 0
-707 -32 0
-708 -25 0
-708 30 0
-708 32 0
-708 -33 0
-708 34 0
-708 -35 0
-709 -28 0
33 -709 0
35 -709 0
-36 -709 0
-709 37 0
-709 -38 0
-710 -31 0
-710 36 0
-710 38 0
-39 -710 0
-710 40 0
-710 -41 0
-711 -34 0
-711 39 0
-711 41 0
-711 -42 0
-711 43 0
-711 -44 0
-712 -37 0
-712 42 0
-712 44 0
-712 -45 0
-712 46 0
-712 -47 0
-713 -40 0
-713 45 0
-713 47 0
-713 -48 0
49 -713 0
-50 -713 0
-714 -43 0
-714 48 0
-714 50 0
-714 -51 0
-714 52 0
-714 -53 0
-715 -46 0
-715 51 0
-715 53 0
-715 -54 0
-715 55 0
-715 -56 0
-716 -49 0
-716 54 0
-716 56 0
-716 -57 0
-716 58 0
-716 -59 0
-717 -52 0
-717 57 0
-717 59 0
-717 -60 0
-717 61 0
-717 -62 0
-718 -55 0
-718 60 0
-718 62 0
-718 -63 0
-718 64 0
-718 -65 0
-58 -719 0
63 -719 0
-719 65 0
-66 -719 0
67 -719 0
-719 -68 0
-720 -61 0
-720 66 0
-720 68 0
-720 -69 0
-720 70 0
-720 -71 0
-721 -64 0
-721 69 0
-721 71 0
-721 -72 0
-721 73 0
-721 -74 0
-722 -67 0
-722 72 0
-722 74 0
-722 -75 0
-722 76 0
-722 -77 0
-723 -70 0
-723 75 0
-723 77 0
-78 -723 0
-723 79 0
-723 -80 0
-724 -73 0
-724 78 0
-724 80 0
-81 -724 0
-724 82 0
-83 -724 0
-725 -76 0
-725 81 0
-725 83 0
-725 -84 0
-725 85 0
-725 -86 0
-726 -79 0
-726 84 0
-726 86 0
-726 -87 0
-726 88 0
-726 -89 0
-727 -82 0
-727 87 0
-727 89 0
-727 -90 0
-727 91 0
-727 -92 0
-728 -85 0
-728 90 0
-728 92 0
-728 -93 0
-728 94 0
-95 -728 0
-729 -88 0
-729 93 0
-729 95 0
-729 -96 0
97 -729 0
-98 -729 0
-730 3 0
-731 6 0
-732 9 0
-733 -13 0
-733 17 0
-733 -18 0
-733 19 0
-733 -20 0
-734 15 0
-734 -16 0
-734 20 0
-734 -21 0
-734 22 0
-734 -23 0
-735 18 0
-735 -19 0
-735 23 0
-735 -24 0
-735 25 0
-735 -26 0
-736 21 0
-736 -22 0
-736 26 0
-736 -27 0
-736 28 0
-736 -29 0
-737 24 0
-737 -25 0
-737 29 0
-737 -30 0
-737 31 0
-737 -32 0
-738 27 0
-738 -28 0
-738 32 0
-738 -33 0
-738 34 0
-738 -35 0
-739 30 0
-739 -31 0
-739 35 0
-739 -36 0
-739 37 0
-739 -38 0
-740 33 0
-740 -34 0
-740 38 0
-740 -39 0
-740 40 0
-740 -41 0
-741 36 0
-741 -37 0
-741 41 0
-741 -42 0
-741 43 0
-741 -44 0
-742 39 0
-742 -40 0
-742 44 0
-742 -45 0
46 -742 0
-742 -47 0
-743 42 0
-743 -43 0
-743 47 0
-743 -48 0
-743 49 0
-743 -50 0
-744 45 0
-744 -46 0
-744 50 0
-744 -51 0
-744 52 0
-744 -53 0
-745 48 0
-745 -49 0
-745 53 0
-745 -54 0
-745 55 0
-745 -56 0
-746 51 0
-746 -52 0
-746 56 0
-746 -57 0
-746 58 0
-746 -59 0
-747 54 0
-747 -55 0
-747 59 0
-747 -60 0
-747 61 0
-747 -62 0
-748 57 0
-748 -58 0
-748 62 0
-748 -63 0
-748 64 0
-748 -65 0
-749 60 0
-749 -61 0
-749 65 0
-749 -66 0
-749 67 0
-749 -68 0
-750 63 0
-750 -64 0
-750 68 0
-750 -69 0
-750 70 0
-750 -71 0
-751 66 0
-751 -67 0
-751 71 0
-751 -72 0
-751 73 0
-751 -74 0
-752 69 0
-752 -70 0
-752 74 0
-752 -75 0
-752 76 0
-752 -77 0
-753 72 0
-753 -73 0
-753 77 0
-753 -78 0
-753 79 0
-753 -80 0
-754 75 0
-754 -76 0
-754 80 0
-754 -81 0
-754 82 0
-754 -83 0
-755 78 0
-755 -79 0
-755 83 0
-755 -84 0
-755 85 0
-755 -86 0
-756 81 0
-756 -82 0
-756 86 0
-756 -87 0
-756 88 0
-756 -89 0
84 -757 0
-757 -85 0
-757 89 0
-757 -90 0
-757 91 0
-757 -92 0
87 -758 0
-758 -88 0
92 -758 0
-93 -758 0
94 -758 0
-95 -758 0
-759 90 0
-759 -91 0
-759 95 0
-759 -96 0
97 -759 0
-98 -759 0
-760 3 0
-761 6 0
-762 9 0
-763 14 0
-763 -15 0
-763 -16 0
-763 19 0
-763 -20 0
-764 15 0
-764 17 0
-764 -18 0
-764 -19 0
-764 22 0
-764 -23 0
-765 18 0
-765 20 0
-765 -21 0
-765 -22 0
25 -765 0
-765 -26 0
-766 21 0
-766 23 0
-766 -24 0
-766 -25 0
-766 28 0
-766 -29 0
-767 24 0
-767 26 0
-27 -767 0
-28 -767 0
31 -767 0
-767 -32 0
-768 27 0
-768 29 0
-768 -30 0
-768 -31 0
-768 34 0
-768 -35 0
-769 30 0
-769 32 0
-769 -33 0
-769 -34 0
-769 37 0
-769 -38 0
-770 33 0
-770 35 0
-770 -36 0
-770 -37 0
-770 40 0
-770 -41 0
-771 36 0
-771 38 0
-771 -39 0
-771 -40 0
-771 43 0
-771 -44 0
-772 39 0
-772 41 0
-772 -42 0
-772 -43 0
-772 46 0
-772 -47 0
-773 42 0
-773 44 0
-773 -45 0
-773 -46 0
-773 49 0
-773 -50 0
-774 45 0
-774 47 0
-774 -48 0
-774 -49 0
-774 52 0
-774 -53 0
-775 48 0
50 -775 0
-51 -775 0
-775 -52 0
55 -775 0
-775 -56 0
-776 51 0
-776 53 0
-776 -54 0
-776 -55 0
-776 58 0
-776 -59 0
-777 54 0
-777 56 0
-777 -57 0
-777 -58 0
-777 61 0
-777 -62 0
-778 57 0
-778 59 0
-778 -60 0
-778 -61 0
-778 64 0
-778 -65 0
-779 60 0
-779 62 0
-779 -63 0
-779 -64 0
-779 67 0
-779 -68 0
-780 63 0
-780 65 0
-780 -66 0
-780 -67 0
70 -780 0
-780 -71 0
-781 66 0
-781 68 0
-781 -69 0
-781 -70 0
-781 73 0
-781 -74 0
-782 69 0
-782 71 0
-782 -72 0
-782 -73 0
-782 76 0
-782 -77 0
-783 72 0
74 -783 0
-783 -75 0
-783 -76 0
-783 79 0
-783 -80 0
-784 75 0
-784 77 0
-784 -78 0
-784 -79 0
-784 82 0
-784 -83 0
-785 78 0
-785 80 0
-785 -81 0
-785 -82 0
-785 85 0
-785 -86 0
-786 81 0
-786 83 0
-786 -84 0
-786 -85 0
-786 88 0
-786 -89 0
-787 84 0
-787 86 0
-787 -87 0
-787 -88 0
91 -787 0
-787 -92 0
-788 87 0
-788 89 0
-788 -90 0
-788 -91 0
94 -788 0
-95 -788 0
-789 90 0
-789 92 0
-789 -93 0
-789 -94 0
97 -789 0
-98 -789 0
-790 3 0
-791 6 0
-792 9 0
-793 14 0
-793 -15 0
-793 16 0
-793 -17 0
-793 -19 0
-794 15 0
-794 17 0
-794 -18 0
-794 19 0
-794 -20 0
-794 -22 0
-795 18 0
-795 20 0
-795 -21 0
-795 22 0
-795 -23 0
-795 -25 0
-796 21 0
-796 23 0
-796 -24 0
-796 25 0
-796 -26 0
-796 -28 0
-797 24 0
-797 26 0
-797 -27 0
-797 28 0
-797 -29 0
-797 -31 0
-798 27 0
-798 29 0
-798 -30 0
-798 31 0
-798 -32 0
-798 -34 0
-799 30 0
-799 32 0
-799 -33 0
-799 34 0
-799 -35 0
-799 -37 0
-800 33 0
-800 35 0
-800 -36 0
37 -800 0
-800 -38 0
-800 -40 0
-801 36 0
-801 38 0
-801 -39 0
-801 40 0
-801 -41 0
-801 -43 0
-802 39 0
-802 41 0
-802 -42 0
-802 43 0
-802 -44 0
-802 -46 0
-803 42 0
-803 44 0
-803 -45 0
-803 46 0
-803 -47 0
-803 -49 0
-804 45 0
-804 47 0
-804 -48 0
-804 49 0
-804 -50 0
-804 -52 0
-805 48 0
-805 50 0
-805 -51 0
-805 52 0
-805 -53 0
-805 -55 0
-806 51 0
-806 53 0
-806 -54 0
-806 55 0
-806 -56 0
-806 -58 0
-807 54 0
-807 56 0
-807 -57 0
-807 58 0
-807 -59 0
-807 -61 0
-808 57 0
-808 59 0
-808 -60 0
-808 61 0
-808 -62 0
-808 -64 0
-809 60 0
-809 62 0
-809 -63 0
-809 64 0
-809 -65 0
-809 -67 0
63 -810 0
-810 65 0
-810 -66 0
-810 67 0
-810 -68 0
-810 -70 0
-811 66 0
-811 68 0
-811 -69 0
-811 70 0
-811 -71 0
-811 -73 0
-812 69 0
-812 71 0
-812 -72 0
-812 73 0
-812 -74 0
-812 -76 0
-813 72 0
74 -813 0
-813 -75 0
-813 76 0
-813 -77 0
-813 -79 0
-814 75 0
-814 77 0
-78 -814 0
-814 79 0
-814 -80 0
-814 -82 0
-815 78 0
-815 80 0
-815 -81 0
-815 82 0
-815 -83 0
-815 -85 0
-816 81 0
-816 83 0
-816 -84 0
-816 85 0
-816 -86 0
-816 -88 0
-817 84 0
-817 86 0
-817 -87 0
-817 88 0
-817 -89 0
-817 -91 0
-818 87 0
-818 89 0
-818 -90 0
-818 91 0
-818 -92 0
-818 -94 0
-819 90 0
-819 92 0
-819 -93 0
-819 94 0
-819 -95 0
-97 -819 0
146 134 136 137 138 139 140 141 142 143 144 145 135 147 148 149 150 151 152 153 154 155 156 157 158 159 132 133 130 131 0
165 164 166 167 168 169 170 171 172 173 174 175 176 177 178 179 180 181 182 183 184 185 186 187 188 189 162 163 160 161 0
191 194 195 196 197 198 199 200 201 202 203 204 205 206 207 208 209 210 211 212 213 214 215 216 217 218 219 193 190 192 0
241 225 226 227 228 229 230 231 232 233 234 235 236 237 238 239 240 224 242 243 244 245 246 247 248 249 222 223 221 220 0
260 255 256 257 258 259 254 261 262 263 264 265 266 267 268 269 270 271 272 273 274 275 276 277 278 279 252 253 250 251 0
306 284 286 287 288 289 290 291 292 293 294 295 296 297 298 299 300 301 302 303 304 305 285 307 308 309 282 283 280 281 0
332 314 316 317 318 319 320 321 322 323 324 325 326 327 328 329 330 331 315 333 334 335 336 337 338 339 312 313 310 311 0
357 344 346 347 348 349 350 351 352 353 354 355 356 345 358 359 360 361 362 363 364 365 366 367 368 369 342 343 341 340 0
376 374 375 377 378 379 380 381 382 383 384 385 386 387 388 389 390 391 392 393 394 395 396 397 398 399 372 373 370 371 0
402 404 405 406 407 408 409 410 411 412 413 414 415 416 417 418 419 420 421 422 423 424 425 426 427 428 429 403 401 400 0
448 432 435 436 437 438 439 440 441 442 443 444 445 446 447 434 449 450 451 452 453 454 455 456 457 458 459 433 431 430 0
471 464 466 467 468 469 470 465 472 473 474 475 476 477 478 479 480 481 482 483 484 485 486 487 488 489 462 463 461 460 0
517 494 496 497 498 499 500 501 502 503 504 505 506 507 508 509 510 511 512 513 514 515 516 495 518 519 492 493 490 491 0
543 524 526 527 528 529 530 531 532 533 534 535 536 537 538 539 540 541 542 525 544 545 546 547 548 549 522 523 520 521 0
562 554 556 557 558 559 560 561 555 563 564 565 566 567 568 569 570 571 572 573 574 575 576 577 578 579 552 553 550 551 0
587 584 586 585 588 589 590 591 592 593 594 595 596 597 598 599 600 601 602 603 604 605 606 607 608 609 582 583 581 580 0
613 614 615 616 617 618 619 620 621 622 623 624 625 626 627 628 629 630 631 632 633 634 635 636 637 638 639 610 611 612 0
659 643 645 646 647 648 649 650 651 652 653 654 655 656 657 658 644 660 661 662 663 664 665 666 667 668 669 640 641 642 0
678 674 675 676 677 673 679 680 681 682 683 684 685 686 687 688 689 690 691 692 693 694 695 696 697 698 699 670 671 672 0
728 704 706 707 708 709 710 711 712 713 714 715 716 717 718 719 720 721 722 723 724 725 726 727 705 729 702 703 701 700 0
754 734 735 736 737 738 739 740 741 742 743 744 745 746 747 748 749 750 751 752 753 733 755 756 757 758 759 730 731 732 0
773 764 765 766 767 768 769 770 771 772 763 774 775 776 777 778 779 780 781 782 783 784 785 786 787 788 789 760 761 762 0
819 793 795 796 797 798 799 800 801 802 803 804 805 806 807 808 809 810 811 812 813 814 815 816 817 818 794 790 791 792 0
-1 0
-2 0
-3 0
4 0
-5 0
-6 0
7 0
8 0
-9 0
10 0
11 0
12 0
-92 -94 -91 -90 -89 -88 -82 -80 -79 -75 -74 -73 -70 -68 -67 -61 -60 -59 -58 -56 -55 -49 -44 -43 -42 -41 -40 -37 -32 -31 -28 -27 -26 -25 -20 -19 -16 13 14 15 17 18 21 22 23 24 29 30 33 34 35 36 38 39 45 46 47 48 50 51 52 53 54 57 62 63 64 65 66 69 71 72 76 77 78 81 83 84 85 86 87 93 95 96 97 98 99 -10 -8 -7 -4 1 2 3 5 6 9 -12 -11 0
