p cnf 2052 3548
-18 -17 0
-19 -17 0
-20 -17 0
-19 -18 0
-20 -18 0
-20 -19 0
-22 -21 0
-23 -21 0
-24 -21 0
-23 -22 0
-24 -22 0
-23 -24 0
-26 -25 0
-25 -27 0
-28 -25 0
-26 -27 0
-26 -28 0
-28 -27 0
-30 -29 0
-29 -31 0
-32 -29 0
-30 -31 0
-30 -32 0
-32 -31 0
-34 -33 0
-35 -33 0
-36 -33 0
-34 -35 0
-34 -36 0
-35 -36 0
-38 -37 0
-39 -37 0
-40 -37 0
-38 -39 0
-38 -40 0
-40 -39 0
-41 -42 0
-41 -43 0
-41 -44 0
-43 -42 0
-44 -42 0
-43 -44 0
-46 -45 0
-45 -47 0
-45 -48 0
-46 -47 0
-46 -48 0
-48 -47 0
-49 -50 0
-51 -49 0
-49 -52 0
-51 -50 0
-52 -50 0
-51 -52 0
-54 -53 0
-55 -53 0
-56 -53 0
-55 -54 0
-54 -56 0
-55 -56 0
-57 -58 0
-57 -59 0
-57 -60 0
-59 -58 0
-60 -58 0
-60 -59 0
-62 -61 0
-63 -61 0
-61 -64 0
-62 -63 0
-62 -64 0
-63 -64 0
-65 -66 0
-65 -67 0
-68 -65 0
-66 -67 0
-68 -66 0
-68 -67 0
-70 -69 0
-71 -69 0
-72 -69 0
-71 -70 0
-72 -70 0
-72 -71 0
-73 -74 0
-73 -75 0
-73 -76 0
-75 -74 0
-74 -76 0
-75 -76 0
-78 -77 0
-79 -77 0
-80 -77 0
-79 -78 0
-80 -78 0
-79 -80 0
-82 -81 0
-81 -83 0
-81 -84 0
-82 -83 0
-82 -84 0
-83 -84 0
-85 -86 0
-85 -87 0
-88 -85 0
-87 -86 0
-88 -86 0
-88 -87 0
-90 -89 0
-91 -89 0
-92 -89 0
-91 -90 0
-92 -90 0
-92 -91 0
-93 -94 0
-93 -95 0
-93 -96 0
-94 -95 0
-96 -94 0
-96 -95 0
-97 -98 0
-97 -99 0
-97 -100 0
-99 -98 0
-100 -98 0
-100 -99 0
-101 -102 0
-101 -103 0
-101 -104 0
-103 -102 0
-102 -104 0
-103 -104 0
-106 -105 0
-107 -105 0
-108 -105 0
-107 -106 0
-106 -108 0
-107 -108 0
-110 -109 0
-111 -109 0
-112 -109 0
-110 -111 0
-110 -112 0
-111 -112 0
-114 -113 0
-115 -113 0
-116 -113 0
-114 -115 0
-114 -116 0
-116 -115 0
-118 -117 0
-119 -117 0
-120 -117 0
-118 -119 0
-118 -120 0
-119 -120 0
-121 -122 0
-121 -123 0
-121 -124 0
-122 -123 0
-122 -124 0
-124 -123 0
-125 -126 0
-127 -125 0
-128 -125 0
-127 -126 0
-128 -126 0
-127 -128 0
-130 -129 0
-131 -129 0
-132 -129 0
-130 -131 0
-130 -132 0
-131 -132 0
-1862 87 0
-1862 1502 0
-1270 117 0
-1270 1180 0
-2043 89 0
-2043 1953 0
-1265 97 0
-1265 1175 0
-611 125 0
-611 1541 0
-319 40 0
2029 -319 0
-219 120 0
-219 1899 0
-1013 48 0
-1013 1103 0
-1350 70 0
-1308 26 0
-1308 918 0
-226 856 0
-819 118 0
-819 1719 0
-835 61 0
-835 1915 0
-906 100 0
-906 1596 0
-279 120 0
-279 1989 0
-1547 23 0
-1547 917 0
-717 69 0
-717 1767 0
-460 122 0
-460 1060 0
-1857 67 0
-1857 1497 0
-1385 98 0
-1385 1025 0
-1390 118 0
-1390 1030 0
-443 54 0
1043 -443 0
-2030 37 0
-2030 1940 0
-547 111 0
1237 -547 0
-313 2023 0
-305 104 0
2015 -305 0
-1704 53 0
-1704 1554 0
-2049 113 0
1959 -2049 0
-1282 46 0
-1282 892 0
-525 1215 0
-216 108 0
1896 -216 0
94 -393 0
-393 963 0
43 -530 0
-530 1220 0
-1872 127 0
-1872 1512 0
-767 30 0
-767 1637 0
-1260 77 0
-1260 1170 0
-1255 57 0
-1255 1165 0
-2033 49 0
-2033 1943 0
-390 82 0
960 -390 0
-1730 33 0
1580 -1730 0
-167 32 0
-167 1847 0
-946 1666 0
-927 60 0
-704 1754 0
-816 106 0
1716 -816 0
-1803 87 0
-1803 1353 0
-1131 44 0
-1131 1941 0
-1790 35 0
1340 -1790 0
-1867 107 0
-1867 1507 0
-1375 58 0
-1375 1015 0
-772 50 0
-772 1642 0
-1380 78 0
-1380 1020 0
-892 44 0
1582 -892 0
-1069 29 0
-1069 919 0
-672 131 0
-672 1422 0
-276 108 0
1986 -276 0
-2039 73 0
-2039 1949 0
-1743 85 0
-1743 1593 0
-172 52 0
1852 -172 0
-1517 27 0
-1517 1157 0
-1714 93 0
-1714 1564 0
-261 48 0
1971 -261 0
75 -508 0
-508 1198 0
-1475 97 0
-1475 1325 0
-1978 70 0
-1978 1678 0
-1498 65 0
1348 -1498 0
-731 125 0
-731 1781 0
-1480 117 0
-1480 1330 0
-858 32 0
-858 1788 0
-1596 95 0
-782 90 0
-782 1652 0
-1846 1486 0
-972 128 0
-972 1692 0
38 -439 0
-439 1039 0
-541 87 0
1231 -541 0
-1158 28 0
-1158 1338 0
-182 92 0
-182 1862 0
-1398 30 0
-1398 1068 0
-1117 97 0
-1901 121 0
-1901 1811 0
-597 69 0
-597 1527 0
-1129 36 0
-1129 1939 0
-1952 82 0
-1952 1592 0
-978 32 0
-978 1728 0
-1125 1935 0
-433 14 0
-1888 69 0
-1888 1798 0
-1017 64 0
-1017 1107 0
-201 48 0
1881 -201 0
-323 56 0
-323 2033 0
-1991 122 0
-1991 1691 0
-801 46 0
1701 -801 0
-967 108 0
-967 1687 0
-340 124 0
-340 2050 0
-1579 27 0
-1465 57 0
-1465 1315 0
-1988 110 0
-1988 1688 0
-1470 77 0
-1470 1320 0
-798 34 0
-798 1698 0
-584 1514 0
-1747 101 0
-1747 1597 0
-1891 81 0
-1891 1801 0
36 -198 0
1878 -198 0
-365 101 0
1145 -365 0
-962 88 0
-962 1682 0
-1124 1934 0
-1898 109 0
-1898 1808 0
59 -504 0
1194 -504 0
-957 68 0
-957 1677 0
-1941 38 0
-1941 1581 0
-258 36 0
-258 1968 0
-1757 27 0
-1757 1307 0
-1581 35 0
-1981 82 0
-1981 1681 0
-1510 113 0
1360 -1510 0
-1807 103 0
1357 -1807 0
-1097 17 0
-491 125 0
-491 1301 0
-743 54 0
1613 -743 0
-2012 86 0
-2012 1742 0
-1476 101 0
-1476 1326 0
-871 84 0
-871 1801 0
-760 122 0
-760 1630 0
-998 112 0
-998 1748 0
-1600 111 0
-1411 82 0
-1411 1081 0
-519 119 0
-519 1209 0
-1432 42 0
-1432 1102 0
-991 84 0
-991 1741 0
-785 102 0
1655 -785 0
-1418 110 0
-1418 1088 0
-2007 66 0
-2007 1737 0
-185 104 0
1865 -185 0
-1425 14 0
-939 108 0
-878 112 0
-878 1808 0
-1522 47 0
-1522 1162 0
-2024 13 0
-881 124 0
-881 1811 0
-690 83 0
1470 -690 0
-1943 46 0
1583 -1943 0
85 -241 0
-241 871 0
-1511 117 0
1361 -1511 0
-2022 126 0
-2022 1752 0
-693 95 0
1473 -693 0
-1466 61 0
-1466 1316 0
-516 107 0
-516 1206 0
-1421 122 0
-1421 1091 0
29 -1878 0
1788 -1878 0
-287 32 0
-287 1997 0
85 -1114 0
-988 72 0
-988 1738 0
-1408 70 0
-1408 1078 0
-2017 106 0
-2017 1747 0
-1446 98 0
-1446 1116 0
-1001 124 0
-1001 1751 0
-868 72 0
-868 1798 0
126 -431 0
-431 1001 0
-2025 1935 0
-1968 30 0
-1968 1668 0
-1277 26 0
-1277 887 0
-292 52 0
2002 -292 0
-2029 33 0
-2029 1939 0
-362 89 0
-362 1142 0
-733 14 0
101 -1266 0
1176 -1266 0
-2031 41 0
-2031 1941 0
-1996 1726 0
-808 74 0
1708 -808 0
-1346 54 0
-1669 31 0
-1669 1099 0
-302 92 0
-302 2012 0
-1133 52 0
-1133 1943 0
-352 49 0
1132 -352 0
-225 855 0
-208 76 0
1888 -208 0
-924 48 0
-230 41 0
860 -230 0
-1752 121 0
-1752 1602 0
-1580 31 0
-477 69 0
-477 1287 0
-404 974 0
-1386 102 0
-1386 1026 0
-1139 76 0
-1139 1949 0
-1509 109 0
1359 -1509 0
-347 29 0
-347 1127 0
-1011 40 0
-1011 1101 0
-1812 123 0
-1812 1362 0
-1505 93 0
1355 -1505 0
129 -852 0
1932 -852 0
-739 38 0
-739 1609 0
-501 47 0
1191 -501 0
-1556 59 0
926 -1556 0
-268 76 0
1978 -268 0
-1762 47 0
-1762 1312 0
-570 83 0
1260 -570 0
-498 35 0
1188 -498 0
-526 1216 0
-655 63 0
1405 -655 0
-1256 61 0
-1256 1166 0
-573 95 0
1263 -573 0
-264 60 0
1974 -264 0
-417 70 0
987 -417 0
-1726 1576 0
-464 1274 0
-1143 92 0
-1143 1953 0
-247 109 0
877 -247 0
-204 60 0
1884 -204 0
-1947 62 0
1587 -1947 0
-1376 62 0
-1376 1016 0
-633 95 0
1383 -633 0
-1149 116 0
-1149 1959 0
-1022 84 0
-1022 1112 0
-1130 40 0
-1130 1940 0
-630 83 0
1380 -630 0
-1504 89 0
1354 -1504 0
-804 58 0
1704 -804 0
-1786 1336 0
-1109 65 0
-1184 1424 0
-507 71 0
1197 -507 0
-1526 63 0
-1526 1166 0
-1922 86 0
-1922 1562 0
-823 13 0
-1101 33 0
45 -471 0
-471 1281 0
-562 51 0
1252 -562 0
-1359 106 0
-1178 108 0
1358 -1178 0
-1577 19 0
-617 31 0
-617 1367 0
-408 34 0
978 -408 0
-1431 38 0
-1431 1101 0
-1232 88 0
-1232 1502 0
-1041 41 0
-1041 891 0
-325 64 0
2035 -325 0
-1917 66 0
-1917 1557 0
-598 73 0
1528 -598 0
-1099 25 0
-762 130 0
-762 1632 0
-829 37 0
1909 -829 0
-1227 68 0
-1227 1497 0
-1690 115 0
-1690 1120 0
-557 31 0
-557 1247 0
-622 51 0
1372 -622 0
-1536 103 0
-1536 1176 0
-360 81 0
1140 -360 0
-1185 1425 0
-1932 126 0
1572 -1932 0
-897 64 0
1587 -897 0
-1678 67 0
-1678 1108 0
-1442 82 0
-1442 1112 0
-1189 36 0
-1189 1429 0
-363 93 0
1143 -363 0
-1242 128 0
-1242 1512 0
-594 57 0
1524 -594 0
-411 46 0
981 -411 0
-1116 93 0
-1170 76 0
1350 -1170 0
-1091 117 0
941 -1091 0
-468 33 0
1278 -468 0
-1927 106 0
-1927 1567 0
-1698 29 0
-1698 1548 0
-1597 99 0
91 -692 0
1472 -692 0
-494 1184 0
-1462 45 0
-1462 1312 0
-1237 108 0
-1237 1507 0
-1906 22 0
-1906 1546 0
-1012 44 0
-1012 1102 0
-850 121 0
-850 1930 0
-874 96 0
-874 1804 0
-833 53 0
1913 -833 0
-1285 58 0
-1285 895 0
-1623 91 0
-1623 1023 0
-1766 63 0
-1766 1316 0
-1290 78 0
-1290 900 0
-426 106 0
996 -426 0
-1216 1486 0
-1328 106 0
938 -1328 0
-1005 1095 0
-1414 94 0
-1414 1084 0
-1089 109 0
939 -1089 0
-682 51 0
1462 -682 0
-1796 59 0
-1796 1346 0
-1085 93 0
935 -1085 0
-1034 13 0
-1572 123 0
942 -1572 0
-303 96 0
2013 -303 0
-994 96 0
-994 1744 0
-718 73 0
1768 -718 0
-300 84 0
2010 -300 0
-926 56 0
-521 127 0
-521 1211 0
-489 117 0
1299 -489 0
-1629 115 0
-1629 1029 0
-1191 44 0
-1191 1431 0
-1344 46 0
-1736 57 0
1586 -1736 0
-1610 39 0
-1610 1010 0
-236 65 0
866 -236 0
-548 115 0
1238 -548 0
-677 31 0
-677 1457 0
-445 62 0
1045 -445 0
-429 118 0
-429 999 0
-1295 98 0
-1295 905 0
-1776 103 0
-1776 1326 0
-1613 51 0
-1613 1013 0
-1300 118 0
-1300 910 0
-544 99 0
1234 -544 0
-1026 100 0
-1026 1116 0
-864 56 0
-864 1794 0
91 -632 0
-632 1382 0
-395 102 0
965 -395 0
-1372 46 0
-1372 1012 0
17 -1035 0
-1084 89 0
934 -1084 0
-714 57 0
1764 -714 0
-1404 54 0
-1404 1074 0
-1039 33 0
-1039 889 0
-1546 19 0
-984 56 0
-984 1734 0
-893 48 0
1583 -893 0
-1724 9 0
-1320 74 0
930 -1320 0
-239 77 0
869 -239 0
-1252 45 0
-1252 1162 0
-1619 75 0
-1619 1019 0
-486 105 0
1296 -486 0
91 -572 0
-572 1262 0
-1787 23 0
-1787 1337 0
-902 84 0
1592 -902 0
-807 70 0
1707 -807 0
-1190 40 0
-1190 1430 0
-1765 59 0
-1765 1315 0
-1611 43 0
-1611 1011 0
-1770 79 0
-1770 1320 0
-1209 116 0
-1209 1449 0
-1286 62 0
-1286 896 0
-1647 67 0
-1647 1077 0
-1437 62 0
-1437 1107 0
-1884 53 0
-1884 1794 0
-1589 67 0
45 -591 0
-591 1521 0
-462 130 0
-462 1062 0
-244 97 0
874 -244 0
-207 72 0
1887 -207 0
-1652 87 0
-1652 1082 0
-1169 72 0
1349 -1169 0
-539 79 0
1229 -539 0
-1165 56 0
1345 -1165 0
-414 58 0
984 -414 0
-1727 21 0
-1727 1577 0
-478 73 0
1288 -478 0
-729 117 0
1779 -729 0
-1203 92 0
-1203 1443 0
-930 72 0
-267 72 0
1977 -267 0
91 -1684 0
1114 -1684 0
-1457 25 0
-1457 1307 0
-1974 54 0
-1974 1674 0
-1775 99 0
-1775 1325 0
-1780 119 0
-1780 1330 0
-1199 76 0
-1199 1439 0
-1550 35 0
920 -1550 0
-1296 102 0
-1296 906 0
-254 1964 0
-1657 107 0
1087 -1657 0
-1100 29 0
-1489 29 0
-1489 1339 0
-670 123 0
-670 1420 0
-891 40 0
1581 -891 0
-575 103 0
1265 -575 0
-653 55 0
1403 -653 0
-1894 93 0
-1894 1804 0
-1321 78 0
931 -1321 0
-418 74 0
988 -418 0
-474 57 0
1284 -474 0
-1164 52 0
1344 -1164 0
113 -248 0
-248 878 0
-194 1874 0
-536 67 0
1226 -536 0
-588 33 0
1518 -588 0
-1662 127 0
-1662 1092 0
-1347 58 0
-794 1694 0
-392 90 0
-392 962 0
94 -1984 0
1684 -1984 0
-635 103 0
1385 -635 0
-1689 111 0
-1689 1119 0
-1563 87 0
933 -1563 0
-1193 52 0
-1193 1433 0
-726 105 0
1776 -726 0
-1685 95 0
-1685 1115 0
-1956 98 0
1596 -1956 0
-342 132 0
-342 2052 0
-1708 69 0
-1708 1558 0
-1530 79 0
-1530 1170 0
-1691 119 0
-1691 1121 0
-1525 59 0
1165 -1525 0
-1040 37 0
-1040 890 0
45 -711 0
1761 -711 0
-1367 26 0
-1367 1007 0
-281 128 0
-281 1991 0
-745 62 0
1615 -745 0
-1059 113 0
-1059 909 0
50 -382 0
-382 952 0
-1319 70 0
929 -1319 0
-183 96 0
1863 -183 0
-1053 89 0
-1053 903 0
-821 126 0
-821 1721 0
-1078 65 0
928 -1078 0
-1315 54 0
925 -1315 0
-180 84 0
1860 -180 0
-1636 23 0
1066 -1636 0
-1433 46 0
-1433 1103 0
-780 82 0
-780 1650 0
-1594 87 0
-609 117 0
1539 -609 0
-1604 15 0
-377 30 0
-377 947 0
-1721 121 0
-1721 1571 0
-783 94 0
-783 1653 0
-221 128 0
-221 1901 0
-1247 25 0
-1247 1157 0
-1540 119 0
-1540 1180 0
-1718 109 0
-1718 1568 0
-1535 99 0
-1535 1175 0
-1942 42 0
1582 -1942 0
-1049 73 0
-1049 899 0
-1171 80 0
-1171 1351 0
-1090 113 0
-1090 940 0
-1567 103 0
937 -1567 0
-695 103 0
1475 -695 0
-643 15 0
-1935 14 0
-1314 50 0
-1314 924 0
-649 39 0
1399 -649 0
-708 33 0
-708 1758 0
-1043 49 0
-1043 893 0
-1711 81 0
-1711 1561 0
-1609 35 0
-1609 1009 0
-606 105 0
1536 -606 0
-1120 109 0
-1605 1005 0
-1701 41 0
-1701 1551 0
-1287 66 0
-1287 897 0
-1646 63 0
-1646 1076 0
-747 70 0
1617 -747 0
-1595 91 0
-469 37 0
1279 -469 0
-1852 47 0
-1852 1492 0
-1443 86 0
-1443 1113 0
-1325 94 0
-1325 935 0
-1602 119 0
-1088 105 0
938 -1088 0
-1329 110 0
-1329 939 0
-356 65 0
1136 -356 0
-1144 96 0
-1144 1954 0
-188 116 0
1868 -188 0
-1292 86 0
-1292 902 0
-1430 34 0
-1430 1100 0
-463 13 0
-675 1455 0
45 -831 0
-831 1911 0
-522 131 0
-522 1212 0
43 -680 0
-680 1460 0
-1681 79 0
-1681 1111 0
-1946 58 0
1586 -1946 0
-788 114 0
1658 -788 0
-697 111 0
1477 -697 0
-828 33 0
-828 1908 0
-631 87 0
-631 1381 0
-784 98 0
1654 -784 0
-1297 106 0
-1297 907 0
-1656 103 0
-1656 1086 0
-359 77 0
1139 -359 0
-1997 26 0
-1997 1727 0
-1038 29 0
-1038 888 0
-184 100 0
-184 1864 0
-1324 90 0
934 -1324 0
-403 14 0
-1934 10 0
38 -409 0
979 -409 0
-571 87 0
-571 1261 0
-1080 73 0
930 -1080 0
-1181 120 0
-1181 1361 0
-1302 126 0
-1302 912 0
-1557 63 0
927 -1557 0
-1134 56 0
-1134 1944 0
-734 1604 0
-1576 15 0
-1618 71 0
-1618 1018 0
-205 64 0
1885 -205 0
-1674 51 0
-1674 1104 0
-1095 9 0
-1175 96 0
1355 -1175 0
-849 117 0
1929 -849 0
-1179 112 0
1359 -1179 0
-615 1365 0
43 -620 0
1370 -620 0
-805 62 0
1705 -805 0
-490 121 0
-490 1300 0
-1276 886 0
-1915 58 0
-1915 1555 0
-265 64 0
1975 -265 0
-473 53 0
1283 -473 0
-1483 5 0
59 -654 0
-654 1404 0
126 -761 0
1631 -761 0
-1920 78 0
-1920 1560 0
43 -560 0
-560 1250 0
-1631 123 0
1031 -1631 0
-1447 102 0
-1447 1117 0
-555 1245 0
-1225 60 0
-1225 1495 0
-1230 80 0
-1230 1500 0
-912 124 0
-912 1602 0
-299 80 0
-299 2009 0
-376 946 0
-1694 13 0
-1675 55 0
-1675 1105 0
-577 111 0
1267 -577 0
-1188 32 0
-1188 1428 0
-1553 47 0
923 -1553 0
-1628 111 0
-1628 1028 0
-952 48 0
-952 1672 0
-1679 71 0
-1679 1109 0
-430 122 0
-430 1000 0
-1174 92 0
1354 -1174 0
-413 54 0
983 -413 0
75 -658 0
-658 1408 0
-846 105 0
1926 -846 0
-1331 118 0
-1331 941 0
-1925 98 0
-1925 1565 0
-1358 102 0
-240 81 0
870 -240 0
-691 87 0
-691 1471 0
-1930 118 0
-1930 1570 0
-637 111 0
1387 -637 0
-1007 24 0
-1007 1097 0
-243 93 0
873 -243 0
-1993 10 0
-296 68 0
2006 -296 0
-1235 100 0
-1235 1505 0
-1240 120 0
1510 -1240 0
-1583 43 0
-1695 1545 0
-1621 83 0
-1621 1021 0
-886 1576 0
-1699 33 0
-1699 1549 0
-1527 67 0
-1527 1167 0
-931 76 0
-1345 50 0
-1746 97 0
1596 -1746 0
-282 132 0
-282 1992 0
-838 73 0
1918 -838 0
107 -666 0
-666 1416 0
-1211 124 0
-1211 1451 0
-2002 46 0
-2002 1732 0
-589 37 0
1519 -589 0
-341 128 0
-341 2051 0
-1352 78 0
-616 1366 0
-222 132 0
-222 1902 0
-1756 23 0
-1756 1306 0
-730 121 0
-730 1780 0
-447 70 0
1047 -447 0
-1075 53 0
925 -1075 0
-1562 83 0
932 -1562 0
-308 116 0
2018 -308 0
-1806 99 0
1356 -1806 0
-583 13 0
-1079 69 0
-1079 929 0
-713 53 0
1763 -713 0
-1532 87 0
-1532 1172 0
-1318 66 0
-1318 928 0
-1916 62 0
-1916 1556 0
-556 1246 0
-540 83 0
1230 -540 0
-822 130 0
-822 1722 0
-375 945 0
-543 95 0
1233 -543 0
-1226 64 0
-1226 1496 0
-1198 72 0
-1198 1438 0
-380 42 0
950 -380 0
-1102 37 0
-669 119 0
-669 1419 0
-1732 41 0
1582 -1732 0
-1201 84 0
-1201 1441 0
-1537 107 0
-1537 1177 0
110 -397 0
-397 967 0
-434 1034 0
-918 24 0
-1330 114 0
940 -1330 0
-304 100 0
-304 2014 0
-1725 13 0
-1847 27 0
-1847 1487 0
-903 88 0
-903 1593 0
-1542 127 0
-1542 1182 0
-890 36 0
-890 1580 0
-1926 102 0
-1926 1566 0
-1074 49 0
924 -1074 0
-1792 43 0
1342 -1792 0
-1551 39 0
921 -1551 0
-1236 104 0
-1236 1506 0
-1016 60 0
-1016 1106 0
-1208 112 0
-1208 1448 0
-1785 15 0
-1608 31 0
-1608 1008 0
-834 57 0
1914 -834 0
-1645 59 0
-1645 1075 0
-1767 67 0
-1767 1317 0
126 -461 0
-461 1061 0
-1713 89 0
-1713 1563 0
-1680 75 0
1110 -1680 0
-1650 79 0
-1650 1080 0
-947 28 0
-947 1667 0
-709 37 0
1759 -709 0
-505 63 0
1195 -505 0
-1061 121 0
-1061 911 0
-648 35 0
-648 1398 0
-779 78 0
1649 -779 0
-1516 1156 0
-1937 22 0
-1937 1577 0
-610 121 0
-610 1540 0
-1168 68 0
1348 -1168 0
-1048 69 0
-1048 898 0
-703 13 0
-1772 87 0
-1772 1322 0
-593 53 0
1523 -593 0
-1700 37 0
-1700 1550 0
-676 27 0
-676 1456 0
-1426 1096 0
-2034 53 0
-2034 1944 0
80 -179 0
1859 -179 0
-1719 113 0
-1719 1569 0
-364 97 0
1144 -364 0
-1488 25 0
-1488 1338 0
-327 72 0
2037 -327 0
-1655 99 0
-1655 1085 0
113 -1121 0
-314 2024 0
-368 113 0
-368 1148 0
-1703 49 0
-1703 1553 0
-1777 107 0
-1777 1327 0
-1660 119 0
-1660 1090 0
-1051 81 0
-1051 901 0
-1180 116 0
1360 -1180 0
-1081 77 0
931 -1081 0
-1058 109 0
-1058 908 0
-651 47 0
1401 -651 0
-1588 63 0
-1782 127 0
-1782 1332 0
-391 86 0
961 -391 0
-776 66 0
-776 1646 0
-1353 82 0
-1709 73 0
-1709 1559 0
-1452 122 0
-1452 1122 0
-176 68 0
1856 -176 0
-1843 1483 0
-907 104 0
1597 -907 0
-1688 107 0
-1688 1118 0
-2044 93 0
-2044 1954 0
-1566 99 0
936 -1566 0
-887 24 0
-887 1577 0
-1802 83 0
1352 -1802 0
-820 122 0
-820 1720 0
-1495 53 0
1345 -1495 0
-859 36 0
-859 1789 0
-2038 69 0
-2038 1948 0
91 -542 0
-542 1232 0
-321 48 0
2031 -321 0
-181 88 0
-181 1861 0
-803 54 0
1703 -803 0
-1222 48 0
-1222 1492 0
-1477 105 0
-1477 1327 0
-855 1785 0
69 -1499 0
1349 -1499 0
66 -386 0
-386 956 0
-781 86 0
-781 1651 0
-634 99 0
1384 -634 0
-1006 1096 0
-203 56 0
-203 1883 0
-1399 34 0
-1399 1069 0
-1044 53 0
-1044 894 0
-1912 46 0
-1912 1552 0
-1103 41 0
-1395 1065 0
-220 124 0
-220 1900 0
129 -732 0
-732 1782 0
-975 1725 0
-1482 125 0
-1482 1332 0
-2006 62 0
-2006 1736 0
-644 1394 0
-1351 74 0
-979 36 0
1729 -979 0
-1742 81 0
1592 -1742 0
-1128 32 0
-1128 1938 0
-925 52 0
-280 124 0
-280 1990 0
-970 120 0
-970 1690 0
-459 118 0
-459 1059 0
-965 100 0
-965 1685 0
-932 80 0
-2051 121 0
-2051 1961 0
-475 61 0
-475 1285 0
-263 56 0
-263 1973 0
-574 99 0
1264 -574 0
-2048 109 0
-2048 1958 0
-1467 65 0
-1467 1317 0
-1366 1006 0
-415 62 0
985 -415 0
-1552 43 0
-1552 922 0
-578 115 0
1268 -578 0
-1494 49 0
1344 -1494 0
-1394 14 0
-1032 124 0
-1032 1122 0
-657 71 0
1407 -657 0
-1791 39 0
1341 -1791 0
-1957 102 0
1597 -1957 0
-1545 15 0
-389 78 0
959 -389 0
-286 1996 0
-1054 93 0
-1054 904 0
-1159 32 0
1339 -1159 0
-638 115 0
1388 -638 0
-1246 1156 0
-974 1724 0
-2016 102 0
-2016 1746 0
-1472 85 0
1322 -1472 0
-2041 81 0
-2041 1951 0
-1637 27 0
-1637 1067 0
-318 36 0
-318 2028 0
-1338 22 0
-1731 37 0
1581 -1731 0
-456 106 0
1056 -456 0
-960 80 0
1680 -960 0
101 -245 0
-245 875 0
-955 60 0
-955 1675 0
-1194 56 0
1434 -1194 0
-748 74 0
1618 -748 0
-259 40 0
1969 -259 0
-1424 10 0
-793 14 0
-1267 105 0
-1267 1177 0
-1983 90 0
-1983 1683 0
-1392 126 0
-1392 1032 0
-1096 13 0
-193 1873 0
-1880 37 0
-1880 1790 0
-441 46 0
1041 -441 0
-1068 25 0
-1068 918 0
129 -612 0
-612 1542 0
-1899 113 0
-1899 1809 0
-1893 89 0
-1893 1803 0
-1272 125 0
-1272 1182 0
-1860 79 0
-1860 1500 0
-1855 59 0
-1855 1495 0
-1387 106 0
-1387 1027 0
-339 120 0
2049 -339 0
-199 40 0
1879 -199 0
-187 112 0
1867 -187 0
-1989 114 0
-1989 1689 0
-346 1126 0
-787 110 0
1657 -787 0
-799 38 0
-799 1699 0
-694 99 0
1474 -694 0
-1970 38 0
-1970 1670 0
-253 1963 0
-770 42 0
1640 -770 0
-1257 65 0
-1257 1167 0
-1940 34 0
1580 -1940 0
-1973 50 0
-1973 1673 0
-1382 86 0
-1382 1022 0
-765 1635 0
-1204 96 0
-1204 1444 0
-698 115 0
1478 -698 0
-527 31 0
-527 1217 0
-981 44 0
-981 1731 0
-933 84 0
-1436 58 0
-1436 1106 0
-1889 73 0
-1889 1799 0
-170 44 0
1850 -170 0
-165 1845 0
-1456 21 0
-1456 1306 0
-336 108 0
2046 -336 0
-532 51 0
1222 -532 0
-1309 30 0
919 -1309 0
-1115 89 0
-1883 49 0
-1883 1793 0
-1262 85 0
-1262 1172 0
-1401 42 0
-1401 1071 0
-1870 119 0
-1870 1510 0
-1377 66 0
-1377 1017 0
-1865 99 0
-1865 1505 0
-438 34 0
1038 -438 0
-1122 117 0
-744 58 0
1614 -744 0
-1501 77 0
1351 -1501 0
-671 127 0
-671 1421 0
-1979 74 0
-1979 1679 0
-1953 86 0
-1953 1593 0
-861 44 0
-861 1791 0
-503 55 0
1193 -503 0
-1108 61 0
-1971 42 0
-1971 1671 0
-869 76 0
-869 1799 0
-301 88 0
-301 2011 0
-520 123 0
-520 1210 0
-1027 104 0
-1027 1117 0
-1409 74 0
-1409 1079 0
-983 52 0
-983 1733 0
-686 67 0
1466 -686 0
-227 29 0
-227 857 0
-1962 122 0
-1962 1602 0
-759 118 0
-759 1629 0
-1601 115 0
-851 125 0
-851 1931 0
-1856 63 0
-1856 1496 0
-989 76 0
-989 1739 0
-1881 41 0
-1881 1791 0
-1403 50 0
-1403 1073 0
-350 41 0
1130 -350 0
-1642 47 0
-1642 1072 0
-863 52 0
-863 1793 0
-328 76 0
2038 -328 0
-345 1125 0
-232 49 0
862 -232 0
-595 61 0
1525 -595 0
-1614 55 0
-1614 1014 0
-1508 105 0
1358 -1508 0
-766 26 0
-766 1636 0
-1500 73 0
1350 -1500 0
-1797 63 0
1347 -1797 0
-879 116 0
-879 1809 0
-367 109 0
1147 -367 0
-324 60 0
2034 -324 0
-860 40 0
-860 1790 0
-1217 28 0
-1217 1487 0
-1427 22 0
-1427 1097 0
-756 106 0
1626 -756 0
-1419 114 0
-1419 1089 0
-993 92 0
-993 1743 0
-689 79 0
1469 -689 0
-166 1846 0
-1907 26 0
-1907 1547 0
-1400 38 0
-1400 1070 0
-1936 1576 0
-980 40 0
-980 1730 0
-1866 103 0
-1866 1506 0
-999 116 0
-999 1749 0
-1737 61 0
1587 -1737 0
-1413 90 0
-1413 1083 0
-1624 95 0
-1624 1024 0
-1668 27 0
-1668 1098 0
-873 92 0
-873 1803 0
-493 15 0
-837 69 0
-837 1917 0
-1010 36 0
1100 -1010 0
-1874 13 0
-896 60 0
1586 -896 0
129 -492 0
-492 1302 0
-1148 112 0
-1148 1958 0
-566 67 0
1256 -566 0
-2005 58 0
-2005 1735 0
-2010 78 0
-2010 1740 0
-307 112 0
2017 -307 0
-1582 39 0
-448 74 0
1048 -448 0
-1141 84 0
-1141 1951 0
-545 103 0
1235 -545 0
-966 104 0
-966 1686 0
-626 67 0
1376 -626 0
-394 98 0
964 -394 0
-1023 88 0
-1023 1113 0
-1964 14 0
-715 61 0
-715 1765 0
-499 39 0
1189 -499 0
-741 46 0
1611 -741 0
-938 104 0
-398 114 0
968 -398 0
-738 34 0
1608 -738 0
45 -1733 0
1583 -1733 0
-569 79 0
1259 -569 0
-1875 1785 0
-1138 72 0
-1138 1948 0
-285 1995 0
-1879 33 0
-1879 1789 0
-242 89 0
-242 872 0
-444 58 0
1044 -444 0
-290 44 0
2000 -290 0
-1793 47 0
1343 -1793 0
-361 85 0
-361 1141 0
-1151 124 0
-1151 1961 0
-2015 98 0
-2015 1745 0
-2020 118 0
-2020 1750 0
-432 130 0
-432 1002 0
-2028 29 0
-2028 1938 0
-1969 34 0
-1969 1669 0
-824 1904 0
-956 64 0
-956 1676 0
-1965 1665 0
-629 79 0
1379 -629 0
-1186 1426 0
-647 31 0
-647 1397 0
-1741 77 0
1591 -1741 0
-607 109 0
1537 -607 0
-330 84 0
2040 -330 0
-1052 85 0
-1052 902 0
-333 96 0
2043 -333 0
-1768 71 0
-1768 1318 0
-1221 44 0
-1221 1491 0
-792 130 0
-792 1662 0
-652 51 0
1402 -652 0
-721 85 0
-721 1771 0
-518 115 0
1208 -518 0
-1474 93 0
-1474 1324 0
-1801 79 0
1351 -1801 0
-1781 123 0
-1781 1331 0
-1047 65 0
-1047 897 0
-1911 42 0
-1911 1551 0
-928 64 0
-192 132 0
-192 1872 0
-551 127 0
-551 1241 0
-1548 27 0
-1548 918 0
-1877 25 0
-1877 1787 0
-1062 125 0
-1062 912 0
-1778 111 0
-1778 1328 0
38 -379 0
-379 949 0
-514 99 0
1204 -514 0
-1464 53 0
-1464 1314 0
-1967 26 0
-1967 1667 0
-1771 83 0
-1771 1321 0
-1278 30 0
-1278 888 0
-373 14 0
-1307 22 0
-1307 917 0
-355 61 0
-355 1135 0
-585 1515 0
-1057 105 0
-1057 907 0
-590 41 0
1520 -590 0
-1031 120 0
1121 -1031 0
-1384 94 0
-1384 1024 0
-1065 13 0
-1029 112 0
-1029 1119 0
94 -453 0
-453 1053 0
-1960 114 0
1600 -1960 0
-1578 23 0
-1491 37 0
1341 -1491 0
-269 80 0
-269 1979 0
-406 976 0
-1904 14 0
-1025 96 0
-1025 1115 0
-450 82 0
-450 1050 0
-727 109 0
1777 -727 0
-1202 88 0
-1202 1442 0
-889 32 0
1579 -889 0
-1794 51 0
1344 -1794 0
-1335 10 0
-1036 886 0
-1072 41 0
922 -1072 0
-537 71 0
1227 -537 0
-1653 91 0
-1653 1083 0
-1214 1484 0
-1710 77 0
-1710 1560 0
-1528 71 0
-1528 1168 0
-295 64 0
2005 -295 0
-1705 57 0
-1705 1555 0
-209 80 0
-209 1889 0
-1197 68 0
-1197 1437 0
-1659 115 0
-1659 1089 0
-1541 123 0
-1541 1181 0
-1640 39 0
-1640 1070 0
-601 85 0
-601 1531 0
-1264 93 0
-1264 1174 0
-845 101 0
-845 1925 0
-809 78 0
1709 -809 0
-1734 49 0
1584 -1734 0
-1905 1545 0
-1024 92 0
-1024 1114 0
-1402 46 0
-1402 1072 0
-1963 10 0
-266 68 0
1976 -266 0
91 -662 0
-662 1412 0
-1212 128 0
-1212 1452 0
-1374 54 0
-1374 1014 0
-1909 34 0
-1909 1549 0
-1799 71 0
1349 -1799 0
-1643 51 0
-1643 1073 0
-1215 1485 0
-862 48 0
-862 1792 0
-1538 111 0
-1538 1178 0
-1720 117 0
-1720 1570 0
-1715 97 0
-1715 1565 0
-1591 75 0
-1795 55 0
1345 -1795 0
-1219 36 0
-1219 1489 0
-1502 81 0
1352 -1502 0
-1086 97 0
936 -1086 0
-1531 83 0
-1531 1171 0
-400 122 0
-400 970 0
-1254 53 0
-1254 1164 0
-1873 9 0
-206 68 0
1886 -206 0
-524 1214 0
-1207 108 0
-1207 1447 0
-1649 75 0
-1649 1079 0
-383 54 0
953 -383 0
-806 66 0
1706 -806 0
-1157 24 0
-1157 1337 0
-1735 53 0
1585 -1735 0
-466 1276 0
-1948 66 0
-1948 1588 0
-710 41 0
1760 -710 0
-705 1755 0
-982 48 0
-982 1732 0
-1118 101 0
-1739 69 0
-1739 1589 0
-1112 77 0
-410 42 0
980 -410 0
-1882 45 0
-1882 1792 0
-487 109 0
1297 -487 0
-405 975 0
-1105 49 0
-278 116 0
1988 -278 0
-842 89 0
-842 1922 0
61 -1706 0
1556 -1706 0
-1617 67 0
-1617 1017 0
-1641 43 0
-1641 1071 0
-818 114 0
1718 -818 0
-923 44 0
-1972 46 0
-1972 1672 0
-1622 87 0
-1622 1022 0
-1961 118 0
-1961 1601 0
-224 17 0
-218 116 0
1898 -218 0
-312 132 0
-312 2022 0
-1493 45 0
-1493 1343 0
-1686 99 0
-1686 1116 0
-640 123 0
-640 1390 0
-214 100 0
-214 1894 0
69 -237 0
-237 867 0
-623 55 0
1373 -623 0
-814 98 0
1714 -814 0
-1627 107 0
-1627 1027 0
-1716 101 0
-1716 1566 0
-1342 38 0
-679 39 0
1459 -679 0
-1518 31 0
-1518 1158 0
-1665 15 0
-563 55 0
1253 -563 0
-673 15 0
-665 103 0
1415 -665 0
100 -274 0
1984 -274 0
-580 123 0
-580 1270 0
-1166 60 0
1346 -1166 0
-1672 43 0
-1672 1102 0
-470 41 0
1280 -470 0
-1632 127 0
-1632 1032 0
-706 25 0
-706 1756 0
110 -427 0
-427 997 0
-465 21 0
-465 1275 0
-775 62 0
1645 -775 0
-1397 26 0
-1397 1067 0
-1910 38 0
-1910 1550 0
-1954 90 0
1594 -1954 0
-1929 114 0
-1929 1569 0
-857 28 0
-857 1787 0
-1220 40 0
-1220 1490 0
-175 64 0
1855 -175 0
-1239 116 0
-1239 1509 0
-1288 70 0
-1288 898 0
-1800 75 0
-1800 1350 0
-1497 61 0
-1497 1347 0
-1233 92 0
-1233 1503 0
-1634 15 0
-750 82 0
-750 1620 0
-481 85 0
1291 -481 0
-1301 122 0
-1301 911 0
-753 94 0
-753 1623 0
-1923 90 0
-1923 1563 0
-1740 73 0
1590 -1740 0
-1018 68 0
-1018 1108 0
-509 79 0
1199 -509 0
-977 28 0
-977 1727 0
-1606 1006 0
-1955 94 0
1595 -1955 0
-1919 74 0
-1919 1559 0
-613 15 0
-1959 110 0
1599 -1959 0
-1030 116 0
-1030 1120 0
-1748 105 0
1598 -1748 0
-942 120 0
-827 29 0
-827 1907 0
-1361 114 0
-1298 110 0
-1298 908 0
129 -372 0
-372 1152 0
-1229 76 0
-1229 1499 0
-421 86 0
991 -421 0
-559 39 0
1249 -559 0
-935 92 0
-1429 30 0
-1429 1099 0
-1808 107 0
-1808 1358 0
-1639 35 0
-1639 1069 0
-1291 82 0
901 -1291 0
-1758 31 0
-1758 1308 0
-683 55 0
1463 -683 0
-553 15 0
-1316 58 0
926 -1316 0
-1635 1065 0
-1223 52 0
-1223 1493 0
-1113 81 0
-251 125 0
-251 881 0
-700 123 0
-700 1480 0
-619 39 0
1369 -619 0
-1913 50 0
-1913 1553 0
-506 67 0
1196 -506 0
-832 49 0
1912 -832 0
-586 1516 0
-995 100 0
-995 1745 0
-1000 120 0
-1000 1750 0
-310 124 0
-310 2020 0
-511 87 0
1201 -511 0
-728 113 0
-728 1778 0
-1147 108 0
-1147 1957 0
-1343 42 0
56 -293 0
2003 -293 0
-1156 1336 0
-1976 62 0
-1976 1676 0
75 -538 0
-538 1228 0
-246 105 0
876 -246 0
-1438 66 0
-1438 1108 0
-1598 103 0
-455 102 0
1055 -455 0
-945 1665 0
-479 77 0
1289 -479 0
-1073 45 0
-1073 923 0
-949 36 0
-949 1669 0
-1682 83 0
-1682 1112 0
-843 93 0
1923 -843 0
-1284 54 0
-1284 894 0
66 -416 0
-416 986 0
-1458 29 0
-1458 1308 0
-904 92 0
1594 -904 0
-840 81 0
1920 -840 0
-1702 45 0
-1702 1552 0
-880 120 0
-880 1810 0
-875 100 0
-875 1805 0
-1152 128 0
-1152 1962 0
-1420 118 0
-1420 1090 0
-1851 43 0
-1851 1491 0
-1111 73 0
-1415 98 0
-1415 1085 0
-1886 61 0
-1886 1796 0
-196 1876 0
-985 60 0
-985 1735 0
-1671 39 0
-1671 1101 0
-990 80 0
-990 1740 0
-1137 68 0
-1137 1947 0
-1182 124 0
-1182 1362 0
-582 131 0
-582 1272 0
-476 65 0
1286 -476 0
-1986 102 0
-1986 1686 0
-349 37 0
1129 -349 0
-737 30 0
-737 1607 0
-944 1664 0
-796 26 0
-796 1696 0
-249 117 0
879 -249 0
-905 96 0
1595 -905 0
59 -534 0
-534 1224 0
-870 80 0
-870 1800 0
-1142 88 0
-1142 1952 0
-865 60 0
-865 1795 0
-343 13 0
-909 112 0
1599 -909 0
-1294 94 0
-1294 904 0
-419 78 0
989 -419 0
-256 1966 0
-1450 114 0
-1450 1120 0
-1098 21 0
-1410 78 0
-1410 1080 0
-724 97 0
1774 -724 0
-742 50 0
-742 1612 0
-1896 101 0
-1896 1806 0
-1405 58 0
-1405 1075 0
-1009 32 0
-1009 1099 0
-642 131 0
-642 1392 0
-385 62 0
955 -385 0
-922 40 0
-608 113 0
-608 1538 0
-2019 114 0
-2019 1749 0
-1844 15 0
-228 33 0
858 -228 0
-335 104 0
2045 -335 0
-283 1993 0
-1336 14 0
-1306 18 0
-1368 30 0
-1368 1008 0
-2000 38 0
-2000 1730 0
-911 120 0
-911 1601 0
-752 90 0
1622 -752 0
-1248 29 0
-1248 1158 0
-517 111 0
1207 -517 0
-289 40 0
1999 -289 0
-2013 90 0
-2013 1743 0
-1560 75 0
-1560 930 0
-1077 61 0
-1077 927 0
-1568 107 0
-1568 938 0
-1849 35 0
-1849 1489 0
-1332 122 0
-1332 942 0
-2009 74 0
-2009 1739 0
-1845 1485 0
-702 131 0
-702 1482 0
-495 1185 0
43 -500 0
-500 1190 0
-353 53 0
1133 -353 0
-951 44 0
-951 1671 0
-1362 118 0
-1126 1936 0
-370 121 0
-370 1150 0
50 -2003 0
1733 -2003 0
-604 97 0
1534 -604 0
-941 116 0
-1355 90 0
45 -231 0
-231 861 0
-1593 83 0
-190 124 0
-190 1870 0
-173 56 0
-173 1853 0
-1177 104 0
1357 -1177 0
-1561 79 0
931 -1561 0
-1381 82 0
-1381 1021 0
-811 86 0
-811 1711 0
-1310 34 0
920 -1310 0
-1268 109 0
-1268 1178 0
-773 54 0
1643 -773 0
-959 76 0
-959 1679 0
-1348 62 0
-211 88 0
-211 1891 0
-790 122 0
-790 1660 0
-599 77 0
1529 -599 0
-1261 81 0
-1261 1171 0
-1449 110 0
-1449 1119 0
-1524 55 0
-1524 1164 0
-910 116 0
1600 -910 0
-1445 94 0
-1445 1115 0
-531 47 0
1221 -531 0
-1323 86 0
933 -1323 0
-953 52 0
-953 1673 0
-332 92 0
-332 2042 0
-1939 30 0
1579 -1939 0
-2026 1936 0
-271 88 0
-271 1981 0
-2001 42 0
-2001 1731 0
-755 102 0
1625 -755 0
-1388 110 0
-1388 1028 0
-1391 122 0
-1391 1031 0
-1728 25 0
-1728 1578 0
-596 65 0
1526 -596 0
-950 40 0
-950 1670 0
-528 35 0
1218 -528 0
-496 1186 0
-969 116 0
-969 1689 0
-898 68 0
1588 -898 0
-1258 69 0
-1258 1168 0
-1677 63 0
-1677 1107 0
50 -442 0
-442 1042 0
-1788 27 0
1338 -1788 0
-1444 90 0
-1444 1114 0
-963 92 0
-963 1683 0
-1271 121 0
-1271 1181 0
-1534 95 0
-1534 1174 0
-1697 25 0
-1697 1547 0
-437 30 0
-437 1037 0
-685 63 0
1465 -685 0
-1378 70 0
-1378 1018 0
-1094 5 0
-1994 14 0
-1869 115 0
-1869 1509 0
-996 104 0
-996 1746 0
-488 113 0
-488 1298 0
-424 98 0
994 -424 0
-1850 39 0
-1850 1490 0
-549 119 0
-549 1239 0
-1327 102 0
937 -1327 0
-163 1843 0
-1980 78 0
-1980 1680 0
-2037 65 0
-2037 1947 0
-1478 109 0
-1478 1328 0
-1160 36 0
-1160 1340 0
-1975 58 0
-1975 1675 0
-763 14 0
-719 77 0
1769 -719 0
-277 112 0
1987 -277 0
-1764 55 0
-1764 1314 0
-1485 13 0
-1471 81 0
-1471 1321 0
-769 38 0
-769 1639 0
-1173 88 0
-1173 1353 0
-817 110 0
-817 1717 0
-876 104 0
-876 1806 0
-1071 37 0
921 -1071 0
-217 112 0
1897 -217 0
-169 40 0
1849 -169 0
-452 90 0
1052 -452 0
-234 57 0
864 -234 0
-1492 41 0
1342 -1492 0
-1554 51 0
924 -1554 0
-1885 57 0
-1885 1795 0
-1416 102 0
-1416 1086 0
-2042 85 0
-2042 1952 0
-1863 91 0
-1863 1503 0
-1890 77 0
-1890 1800 0
-1999 34 0
-1999 1729 0
-322 52 0
2032 -322 0
-238 73 0
868 -238 0
107 -546 0
-546 1236 0
-195 1875 0
-200 44 0
1880 -200 0
-1995 1725 0
75 -1859 0
1499 -1859 0
-986 64 0
-986 1736 0
-716 65 0
1766 -716 0
-1990 118 0
-1990 1690 0
-795 1695 0
-2047 105 0
-2047 1957 0
-402 130 0
-402 972 0
-625 63 0
1375 -625 0
-1468 69 0
-1468 1318 0
-800 42 0
1700 -800 0
-1451 118 0
-1451 1121 0
-1985 98 0
-1985 1685 0
-866 64 0
-866 1796 0
-317 32 0
-317 2027 0
-1774 95 0
-1774 1324 0
-260 44 0
1970 -260 0
-1481 121 0
-1481 1331 0
-1592 79 0
-255 1965 0
-2052 125 0
-2052 1962 0
-1406 62 0
-1406 1076 0
-663 95 0
1413 -663 0
-1895 97 0
-1895 1805 0
-565 63 0
1255 -565 0
-1853 51 0
-1853 1493 0
-484 97 0
1294 -484 0
-1559 71 0
929 -1559 0
-1900 117 0
-1900 1810 0
-428 114 0
998 -428 0
-1585 51 0
-1506 97 0
1356 -1506 0
-660 83 0
1410 -660 0
-1673 47 0
-1673 1103 0
-1082 81 0
932 -1082 0
-1555 55 0
925 -1555 0
-1369 34 0
-1369 1009 0
-1066 17 0
-275 104 0
1985 -275 0
-1914 54 0
-1914 1554 0
-483 93 0
1293 -483 0
-664 99 0
1414 -664 0
-751 86 0
-751 1621 0
-1564 91 0
-1564 934 0
-1365 1005 0
-480 81 0
1290 -480 0
-1042 45 0
-1042 892 0
-1110 69 0
-1224 56 0
-1224 1494 0
-309 120 0
-309 2019 0
-1163 48 0
1343 -1163 0
-1484 9 0
-554 1244 0
-348 33 0
1128 -348 0
-1245 1155 0
-215 104 0
1895 -215 0
-1249 33 0
-1249 1159 0
-1317 62 0
927 -1317 0
-614 1364 0
-815 102 0
1715 -815 0
-839 77 0
1919 -839 0
-1092 121 0
-1092 942 0
-627 71 0
1377 -627 0
-1565 95 0
935 -1565 0
-1364 14 0
-233 53 0
863 -233 0
-1584 47 0
-1496 57 0
1346 -1496 0
-1683 87 0
-1683 1113 0
-1569 111 0
939 -1569 0
-1924 94 0
-1924 1564 0
-1848 31 0
-1848 1488 0
-701 127 0
-701 1481 0
-250 121 0
-250 880 0
-856 1786 0
-1461 41 0
-1461 1311 0
-1234 96 0
-1234 1504 0
-306 108 0
2016 -306 0
-351 45 0
-351 1131 0
-1396 22 0
1066 -1396 0
-497 31 0
-497 1187 0
-976 1726 0
-1441 78 0
-1441 1111 0
-1607 27 0
-1607 1007 0
-567 71 0
1257 -567 0
-1244 13 0
94 -423 0
-423 993 0
-502 51 0
1192 -502 0
-668 115 0
1418 -668 0
-836 65 0
1916 -836 0
-920 32 0
-420 82 0
-420 990 0
-1670 35 0
-1670 1100 0
-436 1036 0
-2021 122 0
-2021 1751 0
-1357 98 0
-882 128 0
-882 1812 0
-1145 100 0
1955 -1145 0
-1008 28 0
-1008 1098 0
-997 108 0
-997 1747 0
-178 76 0
1858 -178 0
-1150 120 0
-1150 1960 0
-1313 46 0
923 -1313 0
-948 32 0
-948 1668 0
-1435 54 0
-1435 1105 0
-778 74 0
1648 -778 0
-674 1454 0
91 -512 0
-512 1202 0
-2036 61 0
-2036 1946 0
-1422 126 0
-1422 1092 0
-900 76 0
1590 -900 0
-1439 70 0
-1439 1109 0
-1192 48 0
-1192 1432 0
110 -757 0
-757 1627 0
-1455 1305 0
-877 108 0
-877 1807 0
-1002 128 0
-1002 1752 0
-1459 33 0
-1459 1309 0
-1417 106 0
-1417 1087 0
-291 48 0
2001 -291 0
-366 105 0
1146 -366 0
-1167 64 0
1347 -1167 0
-1571 119 0
-1571 941 0
-2008 70 0
-2008 1738 0
-1135 60 0
-1135 1945 0
-872 88 0
-872 1802 0
-940 112 0
-223 13 0
-987 68 0
-987 1737 0
-1140 80 0
-1140 1950 0
-581 127 0
-581 1271 0
-288 36 0
-288 1998 0
-2011 82 0
-2011 1741 0
-735 1605 0
-1251 41 0
-1251 1161 0
-2046 101 0
-2046 1956 0
-1412 86 0
-1412 1082 0
-740 42 0
1610 -740 0
-1434 50 0
1104 -1434 0
-316 2026 0
-1599 107 0
-1337 18 0
-908 108 0
1598 -908 0
-1687 103 0
-1687 1117 0
-641 127 0
-641 1391 0
-774 58 0
1644 -774 0
-687 71 0
1467 -687 0
-1454 13 0
-867 68 0
-867 1797 0
-992 88 0
-992 1742 0
-1407 66 0
-1407 1077 0
-369 117 0
1149 -369 0
-229 37 0
859 -229 0
-1371 42 0
-1371 1011 0
-2018 110 0
-2018 1748 0
-174 60 0
1854 -174 0
-603 93 0
1533 -603 0
-1570 115 0
940 -1570 0
-1087 101 0
937 -1087 0
-789 118 0
-789 1659 0
-1379 74 0
-1379 1019 0
-1146 104 0
-1146 1956 0
-600 81 0
1530 -600 0
-523 15 0
-189 120 0
-189 1869 0
-919 28 0
-961 84 0
-961 1681 0
-337 112 0
2047 -337 0
-354 57 0
1134 -354 0
-1977 66 0
-1977 1677 0
-2040 77 0
-2040 1950 0
-1892 85 0
-1892 1802 0
-1253 49 0
-1253 1163 0
-2035 57 0
-2035 1945 0
-1612 47 0
-1612 1012 0
-968 112 0
-968 1688 0
-1259 73 0
-1259 1169 0
-1311 38 0
921 -1311 0
-901 80 0
1591 -901 0
-1644 55 0
-1644 1074 0
-529 39 0
1219 -529 0
-451 86 0
-451 1051 0
-921 36 0
-1982 86 0
-1982 1682 0
-1373 50 0
-1373 1013 0
-1887 65 0
-1887 1797 0
-515 103 0
1205 -515 0
-1354 86 0
-1389 114 0
-1389 1029 0
-786 106 0
1656 -786 0
126 -401 0
-401 971 0
-1136 64 0
-1136 1946 0
-262 52 0
1972 -262 0
-1998 30 0
-1998 1728 0
-197 32 0
-197 1877 0
38 -1370 0
1010 -1370 0
-1037 25 0
-1037 887 0
-1987 106 0
-1987 1687 0
-2050 117 0
-2050 1960 0
-797 30 0
-797 1697 0
-2045 97 0
-2045 1955 0
-1263 89 0
-1263 1173 0
-736 1606 0
-1902 125 0
-1902 1812 0
-936 96 0
-971 124 0
-971 1691 0
-186 108 0
1866 -186 0
-1250 37 0
-1250 1160 0
-320 44 0
2030 -320 0
-1654 95 0
-1654 1084 0
-257 32 0
-257 1967 0
-315 2025 0
-358 73 0
1138 -358 0
-202 52 0
1882 -202 0
-1269 113 0
-1269 1179 0
-958 72 0
-958 1678 0
-1322 82 0
932 -1322 0
-1558 67 0
928 -1558 0
-1383 90 0
-1383 1023 0
-1992 126 0
-1992 1692 0
-802 50 0
-802 1702 0
-1897 105 0
-1897 1807 0
-1587 59 0
-723 93 0
1773 -723 0
-1871 123 0
-1871 1511 0
110 -457 0
-457 1057 0
-298 76 0
2008 -298 0
-212 92 0
-212 1892 0
-720 81 0
1770 -720 0
-1106 53 0
-1876 1786 0
-374 944 0
-812 90 0
-812 1712 0
-894 52 0
1584 -894 0
-1789 31 0
1339 -1789 0
-533 55 0
1223 -533 0
-1463 49 0
-1463 1313 0
-1070 33 0
920 -1070 0
-550 123 0
1240 -550 0
-1692 123 0
-1692 1122 0
-1161 40 0
1341 -1161 0
-848 113 0
-848 1928 0
-656 67 0
1406 -656 0
-272 92 0
-272 1982 0
-1083 85 0
-1083 933 0
-1469 73 0
-1469 1319 0
-771 46 0
1641 -771 0
-1448 106 0
-1448 1118 0
-1858 71 0
-1858 1498 0
-331 88 0
-331 2041 0
-171 48 0
1851 -171 0
-1729 29 0
1579 -1729 0
-1966 1666 0
-1938 26 0
-1938 1578 0
-1861 83 0
-1861 1501 0
-168 36 0
-168 1848 0
-1440 74 0
-1440 1110 0
-1473 89 0
-1473 1323 0
-768 34 0
-768 1638 0
-899 72 0
1589 -899 0
-844 97 0
1924 -844 0
-1187 28 0
-1187 1427 0
-895 56 0
-895 1585 0
-1487 21 0
-1487 1337 0
-1666 1096 0
-387 70 0
957 -387 0
66 -1349 0
-1460 37 0
-1460 1310 0
-659 79 0
1409 -659 0
-1479 113 0
-1479 1329 0
-1172 84 0
1352 -1172 0
-1868 111 0
-1868 1508 0
-294 60 0
2004 -294 0
-435 22 0
1035 -435 0
-440 42 0
1040 -440 0
-329 80 0
-329 2039 0
-177 72 0
1857 -177 0
-1119 105 0
-1341 34 0
-1305 14 0
-1750 113 0
-1750 1600 0
-1028 108 0
-1028 1118 0
-1854 55 0
-1854 1494 0
-1616 63 0
-1616 1016 0
59 -684 0
-684 1464 0
-1707 65 0
-1707 1557 0
-1773 91 0
-1773 1323 0
-1281 42 0
-1281 891 0
-1312 42 0
922 -1312 0
-777 70 0
1647 -777 0
-1507 101 0
-1507 1357 0
-1810 115 0
1360 -1810 0
-1760 39 0
-1760 1310 0
-758 114 0
1628 -758 0
-1195 60 0
-1195 1435 0
-1200 80 0
-1200 1440 0
-1779 115 0
-1779 1329 0
-378 34 0
948 -378 0
-602 89 0
1532 -602 0
-1944 50 0
-1944 1584 0
-1339 26 0
-1712 85 0
-1712 1562 0
-1908 30 0
-1908 1548 0
-1864 95 0
-1864 1504 0
-326 68 0
2036 -326 0
-2023 9 0
-381 46 0
951 -381 0
-1326 98 0
936 -1326 0
-1218 32 0
-1218 1488 0
-754 98 0
1624 -754 0
-712 49 0
1762 -712 0
-661 87 0
-661 1411 0
-1717 105 0
-1717 1567 0
-1763 51 0
-1763 1313 0
-1626 103 0
-1626 1026 0
-1798 67 0
1348 -1798 0
-1205 100 0
-1205 1445 0
75 -688 0
-688 1468 0
-934 88 0
-1210 120 0
-1210 1450 0
-1769 75 0
-1769 1319 0
-888 28 0
-888 1578 0
-764 1634 0
-1722 125 0
-1722 1572 0
-1020 76 0
-1020 1110 0
-707 29 0
-707 1757 0
-1738 65 0
1588 -1738 0
-164 1844 0
-1132 48 0
-1132 1942 0
-1949 70 0
1589 -1949 0
-1356 94 0
-1945 54 0
1585 -1945 0
-1676 59 0
-1676 1106 0
-1503 85 0
-1503 1353 0
-1951 78 0
1591 -1951 0
43 -650 0
-650 1400 0
-645 1395 0
-1155 1335 0
-485 101 0
-485 1295 0
-273 96 0
1983 -273 0
-1648 71 0
-1648 1078 0
59 -564 0
-564 1254 0
-1533 91 0
-1533 1173 0
-1162 44 0
1342 -1162 0
-270 84 0
1980 -270 0
-449 78 0
1049 -449 0
-964 96 0
-964 1684 0
-191 128 0
-191 1871 0
-1520 39 0
-1520 1160 0
-552 131 0
-552 1242 0
-1661 123 0
-1661 1091 0
-813 94 0
-813 1713 0
-1539 115 0
-1539 1179 0
-1274 14 0
-1104 45 0
-810 82 0
-810 1710 0
-1549 31 0
919 -1549 0
-210 84 0
1890 -210 0
-722 89 0
1772 -722 0
-1696 21 0
-1696 1546 0
-791 126 0
-791 1661 0
59 -624 0
-624 1374 0
-396 106 0
966 -396 0
-1050 77 0
-1050 900 0
-1045 57 0
-1045 895 0
-1490 33 0
1340 -1490 0
-213 96 0
1893 -213 0
-929 68 0
75 -628 0
-628 1378 0
-1176 100 0
1356 -1176 0
66 -446 0
-446 1046 0
-954 56 0
-954 1674 0
61 -235 0
-235 865 0
-826 25 0
-826 1906 0
-592 49 0
1522 -592 0
-1664 1094 0
-1658 111 0
-1658 1088 0
-1523 51 0
-1523 1163 0
-1529 75 0
-1529 1169 0
-1590 71 0
-425 102 0
995 -425 0
-1275 18 0
75 -568 0
-568 1258 0
-1279 34 0
-1279 889 0
-1651 83 0
-1651 1081 0
-2027 25 0
-2027 1937 0
-1060 117 0
-1060 910 0
-399 118 0
-399 969 0
-1055 97 0
-1055 905 0
-587 29 0
-587 1517 0
-1067 21 0
-1067 917 0
-667 111 0
1417 -667 0
-297 72 0
2007 -297 0
-458 114 0
1058 -458 0
-1744 89 0
1594 -1744 0
-535 63 0
1225 -535 0
-2004 54 0
-2004 1734 0
27 -646 0
1396 -646 0
-1521 43 0
-1521 1161 0
-725 101 0
-725 1775 0
-384 58 0
954 -384 0
-1667 23 0
-1667 1097 0
107 -636 0
-636 1386 0
-1486 1336 0
-678 35 0
-678 1458 0
-1754 15 0
-1428 26 0
-1428 1098 0
-1804 91 0
-1804 1354 0
-847 109 0
1927 -847 0
-1127 28 0
-1127 1937 0
107 -576 0
1266 -576 0
-482 89 0
1292 -482 0
-1015 56 0
-1015 1105 0
-1950 74 0
1590 -1950 0
-1046 61 0
-1046 896 0
-1019 72 0
-1019 1109 0
-2014 94 0
-2014 1744 0
-1749 109 0
1599 -1749 0
-422 90 0
-422 992 0
-1958 106 0
1598 -1958 0
-371 125 0
-371 1151 0
-1745 93 0
1595 -1745 0
-1340 30 0
-639 119 0
-639 1389 0
-830 41 0
1910 -830 0
-825 1905 0
-681 47 0
1461 -681 0
-1755 1305 0
-1076 57 0
926 -1076 0
-1805 95 0
1355 -1805 0
-1512 121 0
-1512 1362 0
-1759 35 0
-1759 1309 0
-388 74 0
958 -388 0
-1107 57 0
-1809 111 0
1359 -1809 0
-1638 31 0
-1638 1068 0
129 -252 0
-252 882 0
-454 98 0
1054 -454 0
-1056 101 0
-1056 906 0
-284 1994 0
-1586 55 0
-579 119 0
-579 1269 0
-1014 52 0
-1014 1104 0
-407 30 0
-407 977 0
-841 85 0
-841 1921 0
-1931 122 0
-1931 1571 0
-618 35 0
1368 -618 0
-1293 90 0
-1293 903 0
-1811 119 0
-1811 1361 0
-1620 79 0
-1620 1020 0
-1761 43 0
1311 -1761 0
-1615 59 0
-1615 1015 0
-605 101 0
-605 1535 0
-344 1124 0
-338 116 0
2048 -338 0
-1241 124 0
-1241 1511 0
-937 100 0
-558 35 0
1248 -558 0
-1280 38 0
-1280 890 0
-311 128 0
-311 2021 0
-510 83 0
1200 -510 0
-2032 45 0
-2032 1942 0
50 -412 0
-412 982 0
-1196 64 0
-1196 1436 0
-513 95 0
1203 -513 0
-1514 15 0
-1228 72 0
-1228 1498 0
-1299 114 0
-1299 909 0
107 -696 0
-696 1476 0
-749 78 0
1619 -749 0
-1918 70 0
-1918 1558 0
-1751 117 0
1601 -1751 0
-917 20 0
-1021 80 0
-1021 1111 0
-1921 82 0
-1921 1561 0
-1231 84 0
-1231 1501 0
-1283 50 0
-1283 893 0
-561 47 0
1251 -561 0
-1630 119 0
-1630 1030 0
-472 49 0
1282 -472 0
-1625 99 0
-1625 1025 0
-1515 1155 0
-1206 104 0
-1206 1446 0
-1238 112 0
-1238 1508 0
110 -1360 0
-1289 74 0
-1289 899 0
100 -334 0
-334 2044 0
-1519 35 0
-1519 1159 0
69 -357 0
-357 1137 0
-467 29 0
-467 1277 0
-1928 110 0
-1928 1568 0
-621 47 0
1371 -621 0
-746 66 0
-746 1616 0
-699 119 0
-699 1479 0
179 173 169 170 171 172 167 174 175 176 177 178 168 180 181 182 183 184 185 186 187 188 189 190 191 192 165 164 163 166 0
198 219 199 200 201 202 197 204 205 206 207 208 209 210 211 212 213 214 215 216 217 218 203 220 221 222 193 194 195 196 0
224 245 228 229 230 231 232 233 234 235 236 237 238 239 240 241 242 243 244 227 246 247 248 249 250 251 252 226 225 223 0
274 263 259 260 261 262 257 264 265 266 267 268 269 270 271 272 273 258 275 276 277 278 279 280 281 282 253 254 255 256 0
293 304 289 290 291 292 287 294 295 296 297 298 299 300 301 302 303 288 305 306 307 308 309 310 311 312 283 284 285 286 0
339 318 319 320 321 322 317 324 325 326 327 328 329 330 331 332 333 334 335 336 337 338 323 340 341 342 313 314 315 316 0
365 351 349 350 348 352 353 354 355 356 357 358 359 360 361 362 363 364 347 366 367 368 369 370 371 372 343 344 345 346 0
390 379 377 380 381 378 383 384 385 386 387 388 389 382 391 392 393 394 395 396 397 398 399 400 401 402 373 376 375 374 0
409 420 407 410 411 408 413 414 415 416 417 418 419 412 421 422 423 424 425 426 427 428 429 430 431 432 403 404 405 406 0
435 442 438 437 440 441 439 443 444 445 446 447 448 449 450 451 452 453 454 455 456 457 458 459 460 461 462 434 436 433 0
481 477 468 469 470 465 472 473 474 475 476 467 478 479 480 471 482 483 484 485 486 487 488 489 490 491 492 464 466 463 0
504 520 499 497 501 502 503 498 505 506 507 508 509 510 511 512 513 514 515 516 517 518 519 500 521 522 493 494 495 496 0
550 534 529 527 531 532 533 528 535 536 537 538 539 540 541 542 543 544 545 546 547 548 549 530 551 552 523 524 525 526 0
576 572 559 557 561 562 563 558 565 566 567 560 569 570 571 564 573 574 575 568 577 578 579 580 581 582 553 554 555 556 0
595 591 589 590 588 592 593 594 587 596 597 598 599 600 601 602 603 604 605 606 607 608 609 610 611 612 583 584 585 586 0
620 624 619 617 621 622 623 618 625 626 627 628 629 630 631 632 633 634 635 636 637 638 639 640 641 642 613 614 615 616 0
646 650 648 649 647 651 652 653 654 655 656 657 658 659 660 661 662 663 664 665 666 667 668 669 670 671 672 644 645 643 0
692 688 678 679 677 681 682 683 684 685 686 687 676 689 690 691 680 693 694 695 696 697 698 699 700 701 702 674 675 673 0
711 707 708 709 710 706 712 713 714 715 716 717 718 719 720 721 722 723 724 725 726 727 728 729 730 731 732 704 705 703 0
761 757 737 740 741 738 743 744 745 746 747 748 749 750 751 752 739 754 755 756 742 758 759 760 753 762 733 734 735 736 0
787 783 768 766 770 771 767 773 774 775 776 777 778 779 780 781 782 769 784 785 786 772 788 789 790 791 792 764 765 763 0
806 802 798 796 800 801 797 803 804 805 799 807 808 809 810 811 812 813 814 815 816 817 818 819 820 821 822 794 795 793 0
852 848 828 829 830 826 832 833 834 835 836 827 838 839 840 831 842 843 844 845 846 847 837 849 850 851 841 824 825 823 0
1 0
-2 0
-3 0
-4 0
-5 0
6 0
-7 0
-8 0
-9 0
-10 0
11 0
-12 0
-13 0
-14 0
-15 0
16 0
-126 -129 -123 -120 -113 -110 -107 -101 -100 -94 -91 -85 -82 -80 -75 -69 -66 -61 -59 -56 -50 -45 -43 -38 -36 -29 -27 -22 -17 18 19 20 21 23 24 25 26 28 30 31 32 33 34 35 37 39 40 41 42 44 46 47 48 49 51 52 53 54 55 57 58 60 62 63 64 65 67 68 70 71 72 73 74 76 77 78 79 81 83 84 86 87 88 89 90 92 93 95 96 97 98 99 102 103 104 105 106 108 109 111 112 114 115 116 117 118 119 121 122 124 125 127 128 130 131 132 5 7 8 9 10 12 13 14 15 -16 -11 -6 -1 2 3 4 0
